sample_id,signal,target_role,universe,validation,split_id,algorithm,comparison_type,threshold_delta_r2,p_delta_r2_gt_threshold
M1_Macro_vs_M2_Macro_Oil__primary__Oil_Rent_Intensive_Pre2016_ge15pct,Oil_Rents_GDP_Pct_lag1,primary,Oil_Rent_Intensive_Pre2016_ge15pct,Country_Holdout_CV,OOF_ALL_FOLDS,Ridge,signal_increment,-0.02,1.0
M1_Macro_vs_M2_Macro_Oil__primary__Oil_Rent_Intensive_Pre2016_ge15pct,Oil_Rents_GDP_Pct_lag1,primary,Oil_Rent_Intensive_Pre2016_ge15pct,Country_Holdout_CV,OOF_ALL_FOLDS,Ridge,signal_increment,-0.0195,1.0
M1_Macro_vs_M2_Macro_Oil__primary__Oil_Rent_Intensive_Pre2016_ge15pct,Oil_Rents_GDP_Pct_lag1,primary,Oil_Rent_Intensive_Pre2016_ge15pct,Country_Holdout_CV,OOF_ALL_FOLDS,Ridge,signal_increment,-0.019,1.0
M1_Macro_vs_M2_Macro_Oil__primary__Oil_Rent_Intensive_Pre2016_ge15pct,Oil_Rents_GDP_Pct_lag1,primary,Oil_Rent_Intensive_Pre2016_ge15pct,Country_Holdout_CV,OOF_ALL_FOLDS,Ridge,signal_increment,-0.0185,1.0
M1_Macro_vs_M2_Macro_Oil__primary__Oil_Rent_Intensive_Pre2016_ge15pct,Oil_Rents_GDP_Pct_lag1,primary,Oil_Rent_Intensive_Pre2016_ge15pct,Country_Holdout_CV,OOF_ALL_FOLDS,Ridge,signal_increment,-0.018,1.0
M1_Macro_vs_M2_Macro_Oil__primary__Oil_Rent_Intensive_Pre2016_ge15pct,Oil_Rents_GDP_Pct_lag1,primary,Oil_Rent_Intensive_Pre2016_ge15pct,Country_Holdout_CV,OOF_ALL_FOLDS,Ridge,signal_increment,-0.017499999999999998,1.0
M1_Macro_vs_M2_Macro_Oil__primary__Oil_Rent_Intensive_Pre2016_ge15pct,Oil_Rents_GDP_Pct_lag1,primary,Oil_Rent_Intensive_Pre2016_ge15pct,Country_Holdout_CV,OOF_ALL_FOLDS,Ridge,signal_increment,-0.016999999999999998,1.0
M1_Macro_vs_M2_Macro_Oil__primary__Oil_Rent_Intensive_Pre2016_ge15pct,Oil_Rents_GDP_Pct_lag1,primary,Oil_Rent_Intensive_Pre2016_ge15pct,Country_Holdout_CV,OOF_ALL_FOLDS,Ridge,signal_increment,-0.016499999999999997,1.0
M1_Macro_vs_M2_Macro_Oil__primary__Oil_Rent_Intensive_Pre2016_ge15pct,Oil_Rents_GDP_Pct_lag1,primary,Oil_Rent_Intensive_Pre2016_ge15pct,Country_Holdout_CV,OOF_ALL_FOLDS,Ridge,signal_increment,-0.015999999999999997,1.0
M1_Macro_vs_M2_Macro_Oil__primary__Oil_Rent_Intensive_Pre2016_ge15pct,Oil_Rents_GDP_Pct_lag1,primary,Oil_Rent_Intensive_Pre2016_ge15pct,Country_Holdout_CV,OOF_ALL_FOLDS,Ridge,signal_increment,-0.015499999999999996,1.0
M1_Macro_vs_M2_Macro_Oil__primary__Oil_Rent_Intensive_Pre2016_ge15pct,Oil_Rents_GDP_Pct_lag1,primary,Oil_Rent_Intensive_Pre2016_ge15pct,Country_Holdout_CV,OOF_ALL_FOLDS,Ridge,signal_increment,-0.014999999999999996,1.0
M1_Macro_vs_M2_Macro_Oil__primary__Oil_Rent_Intensive_Pre2016_ge15pct,Oil_Rents_GDP_Pct_lag1,primary,Oil_Rent_Intensive_Pre2016_ge15pct,Country_Holdout_CV,OOF_ALL_FOLDS,Ridge,signal_increment,-0.014499999999999996,1.0
M1_Macro_vs_M2_Macro_Oil__primary__Oil_Rent_Intensive_Pre2016_ge15pct,Oil_Rents_GDP_Pct_lag1,primary,Oil_Rent_Intensive_Pre2016_ge15pct,Country_Holdout_CV,OOF_ALL_FOLDS,Ridge,signal_increment,-0.013999999999999995,1.0
M1_Macro_vs_M2_Macro_Oil__primary__Oil_Rent_Intensive_Pre2016_ge15pct,Oil_Rents_GDP_Pct_lag1,primary,Oil_Rent_Intensive_Pre2016_ge15pct,Country_Holdout_CV,OOF_ALL_FOLDS,Ridge,signal_increment,-0.013499999999999995,1.0
M1_Macro_vs_M2_Macro_Oil__primary__Oil_Rent_Intensive_Pre2016_ge15pct,Oil_Rents_GDP_Pct_lag1,primary,Oil_Rent_Intensive_Pre2016_ge15pct,Country_Holdout_CV,OOF_ALL_FOLDS,Ridge,signal_increment,-0.012999999999999994,1.0
M1_Macro_vs_M2_Macro_Oil__primary__Oil_Rent_Intensive_Pre2016_ge15pct,Oil_Rents_GDP_Pct_lag1,primary,Oil_Rent_Intensive_Pre2016_ge15pct,Country_Holdout_CV,OOF_ALL_FOLDS,Ridge,signal_increment,-0.012499999999999994,1.0
M1_Macro_vs_M2_Macro_Oil__primary__Oil_Rent_Intensive_Pre2016_ge15pct,Oil_Rents_GDP_Pct_lag1,primary,Oil_Rent_Intensive_Pre2016_ge15pct,Country_Holdout_CV,OOF_ALL_FOLDS,Ridge,signal_increment,-0.011999999999999993,0.9995
M1_Macro_vs_M2_Macro_Oil__primary__Oil_Rent_Intensive_Pre2016_ge15pct,Oil_Rents_GDP_Pct_lag1,primary,Oil_Rent_Intensive_Pre2016_ge15pct,Country_Holdout_CV,OOF_ALL_FOLDS,Ridge,signal_increment,-0.011499999999999993,0.999
M1_Macro_vs_M2_Macro_Oil__primary__Oil_Rent_Intensive_Pre2016_ge15pct,Oil_Rents_GDP_Pct_lag1,primary,Oil_Rent_Intensive_Pre2016_ge15pct,Country_Holdout_CV,OOF_ALL_FOLDS,Ridge,signal_increment,-0.010999999999999992,0.999
M1_Macro_vs_M2_Macro_Oil__primary__Oil_Rent_Intensive_Pre2016_ge15pct,Oil_Rents_GDP_Pct_lag1,primary,Oil_Rent_Intensive_Pre2016_ge15pct,Country_Holdout_CV,OOF_ALL_FOLDS,Ridge,signal_increment,-0.010499999999999992,0.9985
M1_Macro_vs_M2_Macro_Oil__primary__Oil_Rent_Intensive_Pre2016_ge15pct,Oil_Rents_GDP_Pct_lag1,primary,Oil_Rent_Intensive_Pre2016_ge15pct,Country_Holdout_CV,OOF_ALL_FOLDS,Ridge,signal_increment,-0.009999999999999992,0.9985
M1_Macro_vs_M2_Macro_Oil__primary__Oil_Rent_Intensive_Pre2016_ge15pct,Oil_Rents_GDP_Pct_lag1,primary,Oil_Rent_Intensive_Pre2016_ge15pct,Country_Holdout_CV,OOF_ALL_FOLDS,Ridge,signal_increment,-0.009499999999999991,0.997
M1_Macro_vs_M2_Macro_Oil__primary__Oil_Rent_Intensive_Pre2016_ge15pct,Oil_Rents_GDP_Pct_lag1,primary,Oil_Rent_Intensive_Pre2016_ge15pct,Country_Holdout_CV,OOF_ALL_FOLDS,Ridge,signal_increment,-0.00899999999999999,0.9965
M1_Macro_vs_M2_Macro_Oil__primary__Oil_Rent_Intensive_Pre2016_ge15pct,Oil_Rents_GDP_Pct_lag1,primary,Oil_Rent_Intensive_Pre2016_ge15pct,Country_Holdout_CV,OOF_ALL_FOLDS,Ridge,signal_increment,-0.00849999999999999,0.995
M1_Macro_vs_M2_Macro_Oil__primary__Oil_Rent_Intensive_Pre2016_ge15pct,Oil_Rents_GDP_Pct_lag1,primary,Oil_Rent_Intensive_Pre2016_ge15pct,Country_Holdout_CV,OOF_ALL_FOLDS,Ridge,signal_increment,-0.00799999999999999,0.991
M1_Macro_vs_M2_Macro_Oil__primary__Oil_Rent_Intensive_Pre2016_ge15pct,Oil_Rents_GDP_Pct_lag1,primary,Oil_Rent_Intensive_Pre2016_ge15pct,Country_Holdout_CV,OOF_ALL_FOLDS,Ridge,signal_increment,-0.007499999999999989,0.9865
M1_Macro_vs_M2_Macro_Oil__primary__Oil_Rent_Intensive_Pre2016_ge15pct,Oil_Rents_GDP_Pct_lag1,primary,Oil_Rent_Intensive_Pre2016_ge15pct,Country_Holdout_CV,OOF_ALL_FOLDS,Ridge,signal_increment,-0.006999999999999989,0.982
M1_Macro_vs_M2_Macro_Oil__primary__Oil_Rent_Intensive_Pre2016_ge15pct,Oil_Rents_GDP_Pct_lag1,primary,Oil_Rent_Intensive_Pre2016_ge15pct,Country_Holdout_CV,OOF_ALL_FOLDS,Ridge,signal_increment,-0.006499999999999988,0.9735
M1_Macro_vs_M2_Macro_Oil__primary__Oil_Rent_Intensive_Pre2016_ge15pct,Oil_Rents_GDP_Pct_lag1,primary,Oil_Rent_Intensive_Pre2016_ge15pct,Country_Holdout_CV,OOF_ALL_FOLDS,Ridge,signal_increment,-0.005999999999999988,0.9655
M1_Macro_vs_M2_Macro_Oil__primary__Oil_Rent_Intensive_Pre2016_ge15pct,Oil_Rents_GDP_Pct_lag1,primary,Oil_Rent_Intensive_Pre2016_ge15pct,Country_Holdout_CV,OOF_ALL_FOLDS,Ridge,signal_increment,-0.0054999999999999875,0.9545
M1_Macro_vs_M2_Macro_Oil__primary__Oil_Rent_Intensive_Pre2016_ge15pct,Oil_Rents_GDP_Pct_lag1,primary,Oil_Rent_Intensive_Pre2016_ge15pct,Country_Holdout_CV,OOF_ALL_FOLDS,Ridge,signal_increment,-0.004999999999999987,0.942
M1_Macro_vs_M2_Macro_Oil__primary__Oil_Rent_Intensive_Pre2016_ge15pct,Oil_Rents_GDP_Pct_lag1,primary,Oil_Rent_Intensive_Pre2016_ge15pct,Country_Holdout_CV,OOF_ALL_FOLDS,Ridge,signal_increment,-0.004499999999999987,0.921
M1_Macro_vs_M2_Macro_Oil__primary__Oil_Rent_Intensive_Pre2016_ge15pct,Oil_Rents_GDP_Pct_lag1,primary,Oil_Rent_Intensive_Pre2016_ge15pct,Country_Holdout_CV,OOF_ALL_FOLDS,Ridge,signal_increment,-0.003999999999999986,0.889
M1_Macro_vs_M2_Macro_Oil__primary__Oil_Rent_Intensive_Pre2016_ge15pct,Oil_Rents_GDP_Pct_lag1,primary,Oil_Rent_Intensive_Pre2016_ge15pct,Country_Holdout_CV,OOF_ALL_FOLDS,Ridge,signal_increment,-0.0034999999999999858,0.857
M1_Macro_vs_M2_Macro_Oil__primary__Oil_Rent_Intensive_Pre2016_ge15pct,Oil_Rents_GDP_Pct_lag1,primary,Oil_Rent_Intensive_Pre2016_ge15pct,Country_Holdout_CV,OOF_ALL_FOLDS,Ridge,signal_increment,-0.0029999999999999853,0.823
M1_Macro_vs_M2_Macro_Oil__primary__Oil_Rent_Intensive_Pre2016_ge15pct,Oil_Rents_GDP_Pct_lag1,primary,Oil_Rent_Intensive_Pre2016_ge15pct,Country_Holdout_CV,OOF_ALL_FOLDS,Ridge,signal_increment,-0.002499999999999985,0.786
M1_Macro_vs_M2_Macro_Oil__primary__Oil_Rent_Intensive_Pre2016_ge15pct,Oil_Rents_GDP_Pct_lag1,primary,Oil_Rent_Intensive_Pre2016_ge15pct,Country_Holdout_CV,OOF_ALL_FOLDS,Ridge,signal_increment,-0.0019999999999999844,0.737
M1_Macro_vs_M2_Macro_Oil__primary__Oil_Rent_Intensive_Pre2016_ge15pct,Oil_Rents_GDP_Pct_lag1,primary,Oil_Rent_Intensive_Pre2016_ge15pct,Country_Holdout_CV,OOF_ALL_FOLDS,Ridge,signal_increment,-0.001499999999999984,0.6815
M1_Macro_vs_M2_Macro_Oil__primary__Oil_Rent_Intensive_Pre2016_ge15pct,Oil_Rents_GDP_Pct_lag1,primary,Oil_Rent_Intensive_Pre2016_ge15pct,Country_Holdout_CV,OOF_ALL_FOLDS,Ridge,signal_increment,-0.0009999999999999835,0.619
M1_Macro_vs_M2_Macro_Oil__primary__Oil_Rent_Intensive_Pre2016_ge15pct,Oil_Rents_GDP_Pct_lag1,primary,Oil_Rent_Intensive_Pre2016_ge15pct,Country_Holdout_CV,OOF_ALL_FOLDS,Ridge,signal_increment,-0.0004999999999999831,0.557
M1_Macro_vs_M2_Macro_Oil__primary__Oil_Rent_Intensive_Pre2016_ge15pct,Oil_Rents_GDP_Pct_lag1,primary,Oil_Rent_Intensive_Pre2016_ge15pct,Country_Holdout_CV,OOF_ALL_FOLDS,Ridge,signal_increment,1.734723475976807e-17,0.4935
M1_Macro_vs_M2_Macro_Oil__primary__Oil_Rent_Intensive_Pre2016_ge15pct,Oil_Rents_GDP_Pct_lag1,primary,Oil_Rent_Intensive_Pre2016_ge15pct,Country_Holdout_CV,OOF_ALL_FOLDS,Ridge,signal_increment,0.0005000000000000178,0.433
M1_Macro_vs_M2_Macro_Oil__primary__Oil_Rent_Intensive_Pre2016_ge15pct,Oil_Rents_GDP_Pct_lag1,primary,Oil_Rent_Intensive_Pre2016_ge15pct,Country_Holdout_CV,OOF_ALL_FOLDS,Ridge,signal_increment,0.0010000000000000182,0.365
M1_Macro_vs_M2_Macro_Oil__primary__Oil_Rent_Intensive_Pre2016_ge15pct,Oil_Rents_GDP_Pct_lag1,primary,Oil_Rent_Intensive_Pre2016_ge15pct,Country_Holdout_CV,OOF_ALL_FOLDS,Ridge,signal_increment,0.0015000000000000187,0.308
M1_Macro_vs_M2_Macro_Oil__primary__Oil_Rent_Intensive_Pre2016_ge15pct,Oil_Rents_GDP_Pct_lag1,primary,Oil_Rent_Intensive_Pre2016_ge15pct,Country_Holdout_CV,OOF_ALL_FOLDS,Ridge,signal_increment,0.002000000000000019,0.2465
M1_Macro_vs_M2_Macro_Oil__primary__Oil_Rent_Intensive_Pre2016_ge15pct,Oil_Rents_GDP_Pct_lag1,primary,Oil_Rent_Intensive_Pre2016_ge15pct,Country_Holdout_CV,OOF_ALL_FOLDS,Ridge,signal_increment,0.0025000000000000196,0.1905
M1_Macro_vs_M2_Macro_Oil__primary__Oil_Rent_Intensive_Pre2016_ge15pct,Oil_Rents_GDP_Pct_lag1,primary,Oil_Rent_Intensive_Pre2016_ge15pct,Country_Holdout_CV,OOF_ALL_FOLDS,Ridge,signal_increment,0.00300000000000002,0.147
M1_Macro_vs_M2_Macro_Oil__primary__Oil_Rent_Intensive_Pre2016_ge15pct,Oil_Rents_GDP_Pct_lag1,primary,Oil_Rent_Intensive_Pre2016_ge15pct,Country_Holdout_CV,OOF_ALL_FOLDS,Ridge,signal_increment,0.0035000000000000205,0.105
M1_Macro_vs_M2_Macro_Oil__primary__Oil_Rent_Intensive_Pre2016_ge15pct,Oil_Rents_GDP_Pct_lag1,primary,Oil_Rent_Intensive_Pre2016_ge15pct,Country_Holdout_CV,OOF_ALL_FOLDS,Ridge,signal_increment,0.004000000000000021,0.075
M1_Macro_vs_M2_Macro_Oil__primary__Oil_Rent_Intensive_Pre2016_ge15pct,Oil_Rents_GDP_Pct_lag1,primary,Oil_Rent_Intensive_Pre2016_ge15pct,Country_Holdout_CV,OOF_ALL_FOLDS,Ridge,signal_increment,0.004500000000000021,0.058
M1_Macro_vs_M2_Macro_Oil__primary__Oil_Rent_Intensive_Pre2016_ge15pct,Oil_Rents_GDP_Pct_lag1,primary,Oil_Rent_Intensive_Pre2016_ge15pct,Country_Holdout_CV,OOF_ALL_FOLDS,Ridge,signal_increment,0.005000000000000022,0.042
M1_Macro_vs_M2_Macro_Oil__primary__Oil_Rent_Intensive_Pre2016_ge15pct,Oil_Rents_GDP_Pct_lag1,primary,Oil_Rent_Intensive_Pre2016_ge15pct,Country_Holdout_CV,OOF_ALL_FOLDS,Ridge,signal_increment,0.005500000000000022,0.031
M1_Macro_vs_M2_Macro_Oil__primary__Oil_Rent_Intensive_Pre2016_ge15pct,Oil_Rents_GDP_Pct_lag1,primary,Oil_Rent_Intensive_Pre2016_ge15pct,Country_Holdout_CV,OOF_ALL_FOLDS,Ridge,signal_increment,0.006000000000000023,0.0185
M1_Macro_vs_M2_Macro_Oil__primary__Oil_Rent_Intensive_Pre2016_ge15pct,Oil_Rents_GDP_Pct_lag1,primary,Oil_Rent_Intensive_Pre2016_ge15pct,Country_Holdout_CV,OOF_ALL_FOLDS,Ridge,signal_increment,0.006500000000000023,0.0125
M1_Macro_vs_M2_Macro_Oil__primary__Oil_Rent_Intensive_Pre2016_ge15pct,Oil_Rents_GDP_Pct_lag1,primary,Oil_Rent_Intensive_Pre2016_ge15pct,Country_Holdout_CV,OOF_ALL_FOLDS,Ridge,signal_increment,0.0070000000000000236,0.0085
M1_Macro_vs_M2_Macro_Oil__primary__Oil_Rent_Intensive_Pre2016_ge15pct,Oil_Rents_GDP_Pct_lag1,primary,Oil_Rent_Intensive_Pre2016_ge15pct,Country_Holdout_CV,OOF_ALL_FOLDS,Ridge,signal_increment,0.007500000000000024,0.005
M1_Macro_vs_M2_Macro_Oil__primary__Oil_Rent_Intensive_Pre2016_ge15pct,Oil_Rents_GDP_Pct_lag1,primary,Oil_Rent_Intensive_Pre2016_ge15pct,Country_Holdout_CV,OOF_ALL_FOLDS,Ridge,signal_increment,0.008000000000000024,0.004
M1_Macro_vs_M2_Macro_Oil__primary__Oil_Rent_Intensive_Pre2016_ge15pct,Oil_Rents_GDP_Pct_lag1,primary,Oil_Rent_Intensive_Pre2016_ge15pct,Country_Holdout_CV,OOF_ALL_FOLDS,Ridge,signal_increment,0.008500000000000025,0.002
M1_Macro_vs_M2_Macro_Oil__primary__Oil_Rent_Intensive_Pre2016_ge15pct,Oil_Rents_GDP_Pct_lag1,primary,Oil_Rent_Intensive_Pre2016_ge15pct,Country_Holdout_CV,OOF_ALL_FOLDS,Ridge,signal_increment,0.009000000000000025,0.001
M1_Macro_vs_M2_Macro_Oil__primary__Oil_Rent_Intensive_Pre2016_ge15pct,Oil_Rents_GDP_Pct_lag1,primary,Oil_Rent_Intensive_Pre2016_ge15pct,Country_Holdout_CV,OOF_ALL_FOLDS,Ridge,signal_increment,0.009500000000000026,0.0005
M1_Macro_vs_M2_Macro_Oil__primary__Oil_Rent_Intensive_Pre2016_ge15pct,Oil_Rents_GDP_Pct_lag1,primary,Oil_Rent_Intensive_Pre2016_ge15pct,Country_Holdout_CV,OOF_ALL_FOLDS,Ridge,signal_increment,0.010000000000000026,0.0005
M1_Macro_vs_M2_Macro_Oil__primary__Oil_Rent_Intensive_Pre2016_ge15pct,Oil_Rents_GDP_Pct_lag1,primary,Oil_Rent_Intensive_Pre2016_ge15pct,Country_Holdout_CV,OOF_ALL_FOLDS,Ridge,signal_increment,0.010500000000000027,0.0005
M1_Macro_vs_M2_Macro_Oil__primary__Oil_Rent_Intensive_Pre2016_ge15pct,Oil_Rents_GDP_Pct_lag1,primary,Oil_Rent_Intensive_Pre2016_ge15pct,Country_Holdout_CV,OOF_ALL_FOLDS,Ridge,signal_increment,0.011000000000000027,0.0005
M1_Macro_vs_M2_Macro_Oil__primary__Oil_Rent_Intensive_Pre2016_ge15pct,Oil_Rents_GDP_Pct_lag1,primary,Oil_Rent_Intensive_Pre2016_ge15pct,Country_Holdout_CV,OOF_ALL_FOLDS,Ridge,signal_increment,0.011500000000000028,0.0005
M1_Macro_vs_M2_Macro_Oil__primary__Oil_Rent_Intensive_Pre2016_ge15pct,Oil_Rents_GDP_Pct_lag1,primary,Oil_Rent_Intensive_Pre2016_ge15pct,Country_Holdout_CV,OOF_ALL_FOLDS,Ridge,signal_increment,0.012000000000000028,0.0
M1_Macro_vs_M2_Macro_Oil__primary__Oil_Rent_Intensive_Pre2016_ge15pct,Oil_Rents_GDP_Pct_lag1,primary,Oil_Rent_Intensive_Pre2016_ge15pct,Country_Holdout_CV,OOF_ALL_FOLDS,Ridge,signal_increment,0.012500000000000028,0.0
M1_Macro_vs_M2_Macro_Oil__primary__Oil_Rent_Intensive_Pre2016_ge15pct,Oil_Rents_GDP_Pct_lag1,primary,Oil_Rent_Intensive_Pre2016_ge15pct,Country_Holdout_CV,OOF_ALL_FOLDS,Ridge,signal_increment,0.013000000000000029,0.0
M1_Macro_vs_M2_Macro_Oil__primary__Oil_Rent_Intensive_Pre2016_ge15pct,Oil_Rents_GDP_Pct_lag1,primary,Oil_Rent_Intensive_Pre2016_ge15pct,Country_Holdout_CV,OOF_ALL_FOLDS,Ridge,signal_increment,0.01350000000000003,0.0
M1_Macro_vs_M2_Macro_Oil__primary__Oil_Rent_Intensive_Pre2016_ge15pct,Oil_Rents_GDP_Pct_lag1,primary,Oil_Rent_Intensive_Pre2016_ge15pct,Country_Holdout_CV,OOF_ALL_FOLDS,Ridge,signal_increment,0.01400000000000003,0.0
M1_Macro_vs_M2_Macro_Oil__primary__Oil_Rent_Intensive_Pre2016_ge15pct,Oil_Rents_GDP_Pct_lag1,primary,Oil_Rent_Intensive_Pre2016_ge15pct,Country_Holdout_CV,OOF_ALL_FOLDS,Ridge,signal_increment,0.01450000000000003,0.0
M1_Macro_vs_M2_Macro_Oil__primary__Oil_Rent_Intensive_Pre2016_ge15pct,Oil_Rents_GDP_Pct_lag1,primary,Oil_Rent_Intensive_Pre2016_ge15pct,Country_Holdout_CV,OOF_ALL_FOLDS,Ridge,signal_increment,0.01500000000000003,0.0
M1_Macro_vs_M2_Macro_Oil__primary__Oil_Rent_Intensive_Pre2016_ge15pct,Oil_Rents_GDP_Pct_lag1,primary,Oil_Rent_Intensive_Pre2016_ge15pct,Country_Holdout_CV,OOF_ALL_FOLDS,Ridge,signal_increment,0.015500000000000031,0.0
M1_Macro_vs_M2_Macro_Oil__primary__Oil_Rent_Intensive_Pre2016_ge15pct,Oil_Rents_GDP_Pct_lag1,primary,Oil_Rent_Intensive_Pre2016_ge15pct,Country_Holdout_CV,OOF_ALL_FOLDS,Ridge,signal_increment,0.01600000000000003,0.0
M1_Macro_vs_M2_Macro_Oil__primary__Oil_Rent_Intensive_Pre2016_ge15pct,Oil_Rents_GDP_Pct_lag1,primary,Oil_Rent_Intensive_Pre2016_ge15pct,Country_Holdout_CV,OOF_ALL_FOLDS,Ridge,signal_increment,0.016500000000000032,0.0
M1_Macro_vs_M2_Macro_Oil__primary__Oil_Rent_Intensive_Pre2016_ge15pct,Oil_Rents_GDP_Pct_lag1,primary,Oil_Rent_Intensive_Pre2016_ge15pct,Country_Holdout_CV,OOF_ALL_FOLDS,Ridge,signal_increment,0.017000000000000032,0.0
M1_Macro_vs_M2_Macro_Oil__primary__Oil_Rent_Intensive_Pre2016_ge15pct,Oil_Rents_GDP_Pct_lag1,primary,Oil_Rent_Intensive_Pre2016_ge15pct,Country_Holdout_CV,OOF_ALL_FOLDS,Ridge,signal_increment,0.017500000000000033,0.0
M1_Macro_vs_M2_Macro_Oil__primary__Oil_Rent_Intensive_Pre2016_ge15pct,Oil_Rents_GDP_Pct_lag1,primary,Oil_Rent_Intensive_Pre2016_ge15pct,Country_Holdout_CV,OOF_ALL_FOLDS,Ridge,signal_increment,0.018000000000000033,0.0
M1_Macro_vs_M2_Macro_Oil__primary__Oil_Rent_Intensive_Pre2016_ge15pct,Oil_Rents_GDP_Pct_lag1,primary,Oil_Rent_Intensive_Pre2016_ge15pct,Country_Holdout_CV,OOF_ALL_FOLDS,Ridge,signal_increment,0.018500000000000034,0.0
M1_Macro_vs_M2_Macro_Oil__primary__Oil_Rent_Intensive_Pre2016_ge15pct,Oil_Rents_GDP_Pct_lag1,primary,Oil_Rent_Intensive_Pre2016_ge15pct,Country_Holdout_CV,OOF_ALL_FOLDS,Ridge,signal_increment,0.019000000000000034,0.0
M1_Macro_vs_M2_Macro_Oil__primary__Oil_Rent_Intensive_Pre2016_ge15pct,Oil_Rents_GDP_Pct_lag1,primary,Oil_Rent_Intensive_Pre2016_ge15pct,Country_Holdout_CV,OOF_ALL_FOLDS,Ridge,signal_increment,0.019500000000000035,0.0
M1_Macro_vs_M2_Macro_Oil__primary__Oil_Rent_Intensive_Pre2016_ge15pct,Oil_Rents_GDP_Pct_lag1,primary,Oil_Rent_Intensive_Pre2016_ge15pct,Country_Holdout_CV,OOF_ALL_FOLDS,Ridge,signal_increment,0.020000000000000035,0.0
M1_Macro_vs_M2_Macro_Oil__primary__Oil_Rent_Intensive_Pre2016_ge15pct,Oil_Rents_GDP_Pct_lag1,primary,Oil_Rent_Intensive_Pre2016_ge15pct,Country_Holdout_CV,OOF_ALL_FOLDS,Ridge,signal_increment,0.020500000000000036,0.0
M1_Macro_vs_M2_Macro_Oil__primary__Oil_Rent_Intensive_Pre2016_ge15pct,Oil_Rents_GDP_Pct_lag1,primary,Oil_Rent_Intensive_Pre2016_ge15pct,Country_Holdout_CV,OOF_ALL_FOLDS,Ridge,signal_increment,0.021000000000000036,0.0
M1_Macro_vs_M2_Macro_Oil__primary__Oil_Rent_Intensive_Pre2016_ge15pct,Oil_Rents_GDP_Pct_lag1,primary,Oil_Rent_Intensive_Pre2016_ge15pct,Country_Holdout_CV,OOF_ALL_FOLDS,Ridge,signal_increment,0.021500000000000036,0.0
M1_Macro_vs_M2_Macro_Oil__primary__Oil_Rent_Intensive_Pre2016_ge15pct,Oil_Rents_GDP_Pct_lag1,primary,Oil_Rent_Intensive_Pre2016_ge15pct,Country_Holdout_CV,OOF_ALL_FOLDS,Ridge,signal_increment,0.022000000000000037,0.0
M1_Macro_vs_M2_Macro_Oil__primary__Oil_Rent_Intensive_Pre2016_ge15pct,Oil_Rents_GDP_Pct_lag1,primary,Oil_Rent_Intensive_Pre2016_ge15pct,Country_Holdout_CV,OOF_ALL_FOLDS,Ridge,signal_increment,0.022500000000000037,0.0
M1_Macro_vs_M2_Macro_Oil__primary__Oil_Rent_Intensive_Pre2016_ge15pct,Oil_Rents_GDP_Pct_lag1,primary,Oil_Rent_Intensive_Pre2016_ge15pct,Country_Holdout_CV,OOF_ALL_FOLDS,Ridge,signal_increment,0.023000000000000038,0.0
M1_Macro_vs_M2_Macro_Oil__primary__Oil_Rent_Intensive_Pre2016_ge15pct,Oil_Rents_GDP_Pct_lag1,primary,Oil_Rent_Intensive_Pre2016_ge15pct,Country_Holdout_CV,OOF_ALL_FOLDS,Ridge,signal_increment,0.023500000000000038,0.0
M1_Macro_vs_M2_Macro_Oil__primary__Oil_Rent_Intensive_Pre2016_ge15pct,Oil_Rents_GDP_Pct_lag1,primary,Oil_Rent_Intensive_Pre2016_ge15pct,Country_Holdout_CV,OOF_ALL_FOLDS,Ridge,signal_increment,0.02400000000000004,0.0
M1_Macro_vs_M2_Macro_Oil__primary__Oil_Rent_Intensive_Pre2016_ge15pct,Oil_Rents_GDP_Pct_lag1,primary,Oil_Rent_Intensive_Pre2016_ge15pct,Country_Holdout_CV,OOF_ALL_FOLDS,Ridge,signal_increment,0.02450000000000004,0.0
M1_Macro_vs_M2_Macro_Oil__primary__Oil_Rent_Intensive_Pre2016_ge15pct,Oil_Rents_GDP_Pct_lag1,primary,Oil_Rent_Intensive_Pre2016_ge15pct,Country_Holdout_CV,OOF_ALL_FOLDS,Ridge,signal_increment,0.02500000000000004,0.0
M1_Macro_vs_M2_Macro_Oil__primary__Oil_Rent_Intensive_Pre2016_ge15pct,Oil_Rents_GDP_Pct_lag1,primary,Oil_Rent_Intensive_Pre2016_ge15pct,Country_Holdout_CV,OOF_ALL_FOLDS,Ridge,signal_increment,0.02550000000000004,0.0
M1_Macro_vs_M2_Macro_Oil__primary__Oil_Rent_Intensive_Pre2016_ge15pct,Oil_Rents_GDP_Pct_lag1,primary,Oil_Rent_Intensive_Pre2016_ge15pct,Country_Holdout_CV,OOF_ALL_FOLDS,Ridge,signal_increment,0.02600000000000004,0.0
M1_Macro_vs_M2_Macro_Oil__primary__Oil_Rent_Intensive_Pre2016_ge15pct,Oil_Rents_GDP_Pct_lag1,primary,Oil_Rent_Intensive_Pre2016_ge15pct,Country_Holdout_CV,OOF_ALL_FOLDS,Ridge,signal_increment,0.02650000000000004,0.0
M1_Macro_vs_M2_Macro_Oil__primary__Oil_Rent_Intensive_Pre2016_ge15pct,Oil_Rents_GDP_Pct_lag1,primary,Oil_Rent_Intensive_Pre2016_ge15pct,Country_Holdout_CV,OOF_ALL_FOLDS,Ridge,signal_increment,0.02700000000000004,0.0
M1_Macro_vs_M2_Macro_Oil__primary__Oil_Rent_Intensive_Pre2016_ge15pct,Oil_Rents_GDP_Pct_lag1,primary,Oil_Rent_Intensive_Pre2016_ge15pct,Country_Holdout_CV,OOF_ALL_FOLDS,Ridge,signal_increment,0.027500000000000042,0.0
M1_Macro_vs_M2_Macro_Oil__primary__Oil_Rent_Intensive_Pre2016_ge15pct,Oil_Rents_GDP_Pct_lag1,primary,Oil_Rent_Intensive_Pre2016_ge15pct,Country_Holdout_CV,OOF_ALL_FOLDS,Ridge,signal_increment,0.028000000000000042,0.0
M1_Macro_vs_M2_Macro_Oil__primary__Oil_Rent_Intensive_Pre2016_ge15pct,Oil_Rents_GDP_Pct_lag1,primary,Oil_Rent_Intensive_Pre2016_ge15pct,Country_Holdout_CV,OOF_ALL_FOLDS,Ridge,signal_increment,0.028500000000000043,0.0
M1_Macro_vs_M2_Macro_Oil__primary__Oil_Rent_Intensive_Pre2016_ge15pct,Oil_Rents_GDP_Pct_lag1,primary,Oil_Rent_Intensive_Pre2016_ge15pct,Country_Holdout_CV,OOF_ALL_FOLDS,Ridge,signal_increment,0.029000000000000043,0.0
M1_Macro_vs_M2_Macro_Oil__primary__Oil_Rent_Intensive_Pre2016_ge15pct,Oil_Rents_GDP_Pct_lag1,primary,Oil_Rent_Intensive_Pre2016_ge15pct,Country_Holdout_CV,OOF_ALL_FOLDS,Ridge,signal_increment,0.029500000000000044,0.0
M1_Macro_vs_M2_Macro_Oil__primary__Oil_Rent_Intensive_Pre2016_ge15pct,Oil_Rents_GDP_Pct_lag1,primary,Oil_Rent_Intensive_Pre2016_ge15pct,Country_Holdout_CV,OOF_ALL_FOLDS,Ridge,signal_increment,0.030000000000000044,0.0
M1_Macro_vs_M2_Macro_Oil__primary__Oil_Rent_Intensive_Pre2016_ge15pct,Oil_Rents_GDP_Pct_lag1,primary,Oil_Rent_Intensive_Pre2016_ge15pct,Country_Holdout_CV,OOF_ALL_FOLDS,Ridge,added_model_vs_strongest_benchmark,-0.02,0.9985
M1_Macro_vs_M2_Macro_Oil__primary__Oil_Rent_Intensive_Pre2016_ge15pct,Oil_Rents_GDP_Pct_lag1,primary,Oil_Rent_Intensive_Pre2016_ge15pct,Country_Holdout_CV,OOF_ALL_FOLDS,Ridge,added_model_vs_strongest_benchmark,-0.0195,0.9985
M1_Macro_vs_M2_Macro_Oil__primary__Oil_Rent_Intensive_Pre2016_ge15pct,Oil_Rents_GDP_Pct_lag1,primary,Oil_Rent_Intensive_Pre2016_ge15pct,Country_Holdout_CV,OOF_ALL_FOLDS,Ridge,added_model_vs_strongest_benchmark,-0.019,0.9985
M1_Macro_vs_M2_Macro_Oil__primary__Oil_Rent_Intensive_Pre2016_ge15pct,Oil_Rents_GDP_Pct_lag1,primary,Oil_Rent_Intensive_Pre2016_ge15pct,Country_Holdout_CV,OOF_ALL_FOLDS,Ridge,added_model_vs_strongest_benchmark,-0.0185,0.9985
M1_Macro_vs_M2_Macro_Oil__primary__Oil_Rent_Intensive_Pre2016_ge15pct,Oil_Rents_GDP_Pct_lag1,primary,Oil_Rent_Intensive_Pre2016_ge15pct,Country_Holdout_CV,OOF_ALL_FOLDS,Ridge,added_model_vs_strongest_benchmark,-0.018,0.9985
M1_Macro_vs_M2_Macro_Oil__primary__Oil_Rent_Intensive_Pre2016_ge15pct,Oil_Rents_GDP_Pct_lag1,primary,Oil_Rent_Intensive_Pre2016_ge15pct,Country_Holdout_CV,OOF_ALL_FOLDS,Ridge,added_model_vs_strongest_benchmark,-0.017499999999999998,0.998
M1_Macro_vs_M2_Macro_Oil__primary__Oil_Rent_Intensive_Pre2016_ge15pct,Oil_Rents_GDP_Pct_lag1,primary,Oil_Rent_Intensive_Pre2016_ge15pct,Country_Holdout_CV,OOF_ALL_FOLDS,Ridge,added_model_vs_strongest_benchmark,-0.016999999999999998,0.998
M1_Macro_vs_M2_Macro_Oil__primary__Oil_Rent_Intensive_Pre2016_ge15pct,Oil_Rents_GDP_Pct_lag1,primary,Oil_Rent_Intensive_Pre2016_ge15pct,Country_Holdout_CV,OOF_ALL_FOLDS,Ridge,added_model_vs_strongest_benchmark,-0.016499999999999997,0.998
M1_Macro_vs_M2_Macro_Oil__primary__Oil_Rent_Intensive_Pre2016_ge15pct,Oil_Rents_GDP_Pct_lag1,primary,Oil_Rent_Intensive_Pre2016_ge15pct,Country_Holdout_CV,OOF_ALL_FOLDS,Ridge,added_model_vs_strongest_benchmark,-0.015999999999999997,0.998
M1_Macro_vs_M2_Macro_Oil__primary__Oil_Rent_Intensive_Pre2016_ge15pct,Oil_Rents_GDP_Pct_lag1,primary,Oil_Rent_Intensive_Pre2016_ge15pct,Country_Holdout_CV,OOF_ALL_FOLDS,Ridge,added_model_vs_strongest_benchmark,-0.015499999999999996,0.998
M1_Macro_vs_M2_Macro_Oil__primary__Oil_Rent_Intensive_Pre2016_ge15pct,Oil_Rents_GDP_Pct_lag1,primary,Oil_Rent_Intensive_Pre2016_ge15pct,Country_Holdout_CV,OOF_ALL_FOLDS,Ridge,added_model_vs_strongest_benchmark,-0.014999999999999996,0.998
M1_Macro_vs_M2_Macro_Oil__primary__Oil_Rent_Intensive_Pre2016_ge15pct,Oil_Rents_GDP_Pct_lag1,primary,Oil_Rent_Intensive_Pre2016_ge15pct,Country_Holdout_CV,OOF_ALL_FOLDS,Ridge,added_model_vs_strongest_benchmark,-0.014499999999999996,0.998
M1_Macro_vs_M2_Macro_Oil__primary__Oil_Rent_Intensive_Pre2016_ge15pct,Oil_Rents_GDP_Pct_lag1,primary,Oil_Rent_Intensive_Pre2016_ge15pct,Country_Holdout_CV,OOF_ALL_FOLDS,Ridge,added_model_vs_strongest_benchmark,-0.013999999999999995,0.998
M1_Macro_vs_M2_Macro_Oil__primary__Oil_Rent_Intensive_Pre2016_ge15pct,Oil_Rents_GDP_Pct_lag1,primary,Oil_Rent_Intensive_Pre2016_ge15pct,Country_Holdout_CV,OOF_ALL_FOLDS,Ridge,added_model_vs_strongest_benchmark,-0.013499999999999995,0.998
M1_Macro_vs_M2_Macro_Oil__primary__Oil_Rent_Intensive_Pre2016_ge15pct,Oil_Rents_GDP_Pct_lag1,primary,Oil_Rent_Intensive_Pre2016_ge15pct,Country_Holdout_CV,OOF_ALL_FOLDS,Ridge,added_model_vs_strongest_benchmark,-0.012999999999999994,0.998
M1_Macro_vs_M2_Macro_Oil__primary__Oil_Rent_Intensive_Pre2016_ge15pct,Oil_Rents_GDP_Pct_lag1,primary,Oil_Rent_Intensive_Pre2016_ge15pct,Country_Holdout_CV,OOF_ALL_FOLDS,Ridge,added_model_vs_strongest_benchmark,-0.012499999999999994,0.998
M1_Macro_vs_M2_Macro_Oil__primary__Oil_Rent_Intensive_Pre2016_ge15pct,Oil_Rents_GDP_Pct_lag1,primary,Oil_Rent_Intensive_Pre2016_ge15pct,Country_Holdout_CV,OOF_ALL_FOLDS,Ridge,added_model_vs_strongest_benchmark,-0.011999999999999993,0.998
M1_Macro_vs_M2_Macro_Oil__primary__Oil_Rent_Intensive_Pre2016_ge15pct,Oil_Rents_GDP_Pct_lag1,primary,Oil_Rent_Intensive_Pre2016_ge15pct,Country_Holdout_CV,OOF_ALL_FOLDS,Ridge,added_model_vs_strongest_benchmark,-0.011499999999999993,0.998
M1_Macro_vs_M2_Macro_Oil__primary__Oil_Rent_Intensive_Pre2016_ge15pct,Oil_Rents_GDP_Pct_lag1,primary,Oil_Rent_Intensive_Pre2016_ge15pct,Country_Holdout_CV,OOF_ALL_FOLDS,Ridge,added_model_vs_strongest_benchmark,-0.010999999999999992,0.9975
M1_Macro_vs_M2_Macro_Oil__primary__Oil_Rent_Intensive_Pre2016_ge15pct,Oil_Rents_GDP_Pct_lag1,primary,Oil_Rent_Intensive_Pre2016_ge15pct,Country_Holdout_CV,OOF_ALL_FOLDS,Ridge,added_model_vs_strongest_benchmark,-0.010499999999999992,0.9975
M1_Macro_vs_M2_Macro_Oil__primary__Oil_Rent_Intensive_Pre2016_ge15pct,Oil_Rents_GDP_Pct_lag1,primary,Oil_Rent_Intensive_Pre2016_ge15pct,Country_Holdout_CV,OOF_ALL_FOLDS,Ridge,added_model_vs_strongest_benchmark,-0.009999999999999992,0.9975
M1_Macro_vs_M2_Macro_Oil__primary__Oil_Rent_Intensive_Pre2016_ge15pct,Oil_Rents_GDP_Pct_lag1,primary,Oil_Rent_Intensive_Pre2016_ge15pct,Country_Holdout_CV,OOF_ALL_FOLDS,Ridge,added_model_vs_strongest_benchmark,-0.009499999999999991,0.9975
M1_Macro_vs_M2_Macro_Oil__primary__Oil_Rent_Intensive_Pre2016_ge15pct,Oil_Rents_GDP_Pct_lag1,primary,Oil_Rent_Intensive_Pre2016_ge15pct,Country_Holdout_CV,OOF_ALL_FOLDS,Ridge,added_model_vs_strongest_benchmark,-0.00899999999999999,0.9975
M1_Macro_vs_M2_Macro_Oil__primary__Oil_Rent_Intensive_Pre2016_ge15pct,Oil_Rents_GDP_Pct_lag1,primary,Oil_Rent_Intensive_Pre2016_ge15pct,Country_Holdout_CV,OOF_ALL_FOLDS,Ridge,added_model_vs_strongest_benchmark,-0.00849999999999999,0.9975
M1_Macro_vs_M2_Macro_Oil__primary__Oil_Rent_Intensive_Pre2016_ge15pct,Oil_Rents_GDP_Pct_lag1,primary,Oil_Rent_Intensive_Pre2016_ge15pct,Country_Holdout_CV,OOF_ALL_FOLDS,Ridge,added_model_vs_strongest_benchmark,-0.00799999999999999,0.9975
M1_Macro_vs_M2_Macro_Oil__primary__Oil_Rent_Intensive_Pre2016_ge15pct,Oil_Rents_GDP_Pct_lag1,primary,Oil_Rent_Intensive_Pre2016_ge15pct,Country_Holdout_CV,OOF_ALL_FOLDS,Ridge,added_model_vs_strongest_benchmark,-0.007499999999999989,0.9975
M1_Macro_vs_M2_Macro_Oil__primary__Oil_Rent_Intensive_Pre2016_ge15pct,Oil_Rents_GDP_Pct_lag1,primary,Oil_Rent_Intensive_Pre2016_ge15pct,Country_Holdout_CV,OOF_ALL_FOLDS,Ridge,added_model_vs_strongest_benchmark,-0.006999999999999989,0.9975
M1_Macro_vs_M2_Macro_Oil__primary__Oil_Rent_Intensive_Pre2016_ge15pct,Oil_Rents_GDP_Pct_lag1,primary,Oil_Rent_Intensive_Pre2016_ge15pct,Country_Holdout_CV,OOF_ALL_FOLDS,Ridge,added_model_vs_strongest_benchmark,-0.006499999999999988,0.9975
M1_Macro_vs_M2_Macro_Oil__primary__Oil_Rent_Intensive_Pre2016_ge15pct,Oil_Rents_GDP_Pct_lag1,primary,Oil_Rent_Intensive_Pre2016_ge15pct,Country_Holdout_CV,OOF_ALL_FOLDS,Ridge,added_model_vs_strongest_benchmark,-0.005999999999999988,0.997
M1_Macro_vs_M2_Macro_Oil__primary__Oil_Rent_Intensive_Pre2016_ge15pct,Oil_Rents_GDP_Pct_lag1,primary,Oil_Rent_Intensive_Pre2016_ge15pct,Country_Holdout_CV,OOF_ALL_FOLDS,Ridge,added_model_vs_strongest_benchmark,-0.0054999999999999875,0.997
M1_Macro_vs_M2_Macro_Oil__primary__Oil_Rent_Intensive_Pre2016_ge15pct,Oil_Rents_GDP_Pct_lag1,primary,Oil_Rent_Intensive_Pre2016_ge15pct,Country_Holdout_CV,OOF_ALL_FOLDS,Ridge,added_model_vs_strongest_benchmark,-0.004999999999999987,0.9965
M1_Macro_vs_M2_Macro_Oil__primary__Oil_Rent_Intensive_Pre2016_ge15pct,Oil_Rents_GDP_Pct_lag1,primary,Oil_Rent_Intensive_Pre2016_ge15pct,Country_Holdout_CV,OOF_ALL_FOLDS,Ridge,added_model_vs_strongest_benchmark,-0.004499999999999987,0.9965
M1_Macro_vs_M2_Macro_Oil__primary__Oil_Rent_Intensive_Pre2016_ge15pct,Oil_Rents_GDP_Pct_lag1,primary,Oil_Rent_Intensive_Pre2016_ge15pct,Country_Holdout_CV,OOF_ALL_FOLDS,Ridge,added_model_vs_strongest_benchmark,-0.003999999999999986,0.9965
M1_Macro_vs_M2_Macro_Oil__primary__Oil_Rent_Intensive_Pre2016_ge15pct,Oil_Rents_GDP_Pct_lag1,primary,Oil_Rent_Intensive_Pre2016_ge15pct,Country_Holdout_CV,OOF_ALL_FOLDS,Ridge,added_model_vs_strongest_benchmark,-0.0034999999999999858,0.9965
M1_Macro_vs_M2_Macro_Oil__primary__Oil_Rent_Intensive_Pre2016_ge15pct,Oil_Rents_GDP_Pct_lag1,primary,Oil_Rent_Intensive_Pre2016_ge15pct,Country_Holdout_CV,OOF_ALL_FOLDS,Ridge,added_model_vs_strongest_benchmark,-0.0029999999999999853,0.9965
M1_Macro_vs_M2_Macro_Oil__primary__Oil_Rent_Intensive_Pre2016_ge15pct,Oil_Rents_GDP_Pct_lag1,primary,Oil_Rent_Intensive_Pre2016_ge15pct,Country_Holdout_CV,OOF_ALL_FOLDS,Ridge,added_model_vs_strongest_benchmark,-0.002499999999999985,0.9965
M1_Macro_vs_M2_Macro_Oil__primary__Oil_Rent_Intensive_Pre2016_ge15pct,Oil_Rents_GDP_Pct_lag1,primary,Oil_Rent_Intensive_Pre2016_ge15pct,Country_Holdout_CV,OOF_ALL_FOLDS,Ridge,added_model_vs_strongest_benchmark,-0.0019999999999999844,0.9965
M1_Macro_vs_M2_Macro_Oil__primary__Oil_Rent_Intensive_Pre2016_ge15pct,Oil_Rents_GDP_Pct_lag1,primary,Oil_Rent_Intensive_Pre2016_ge15pct,Country_Holdout_CV,OOF_ALL_FOLDS,Ridge,added_model_vs_strongest_benchmark,-0.001499999999999984,0.9965
M1_Macro_vs_M2_Macro_Oil__primary__Oil_Rent_Intensive_Pre2016_ge15pct,Oil_Rents_GDP_Pct_lag1,primary,Oil_Rent_Intensive_Pre2016_ge15pct,Country_Holdout_CV,OOF_ALL_FOLDS,Ridge,added_model_vs_strongest_benchmark,-0.0009999999999999835,0.9965
M1_Macro_vs_M2_Macro_Oil__primary__Oil_Rent_Intensive_Pre2016_ge15pct,Oil_Rents_GDP_Pct_lag1,primary,Oil_Rent_Intensive_Pre2016_ge15pct,Country_Holdout_CV,OOF_ALL_FOLDS,Ridge,added_model_vs_strongest_benchmark,-0.0004999999999999831,0.9965
M1_Macro_vs_M2_Macro_Oil__primary__Oil_Rent_Intensive_Pre2016_ge15pct,Oil_Rents_GDP_Pct_lag1,primary,Oil_Rent_Intensive_Pre2016_ge15pct,Country_Holdout_CV,OOF_ALL_FOLDS,Ridge,added_model_vs_strongest_benchmark,1.734723475976807e-17,0.9965
M1_Macro_vs_M2_Macro_Oil__primary__Oil_Rent_Intensive_Pre2016_ge15pct,Oil_Rents_GDP_Pct_lag1,primary,Oil_Rent_Intensive_Pre2016_ge15pct,Country_Holdout_CV,OOF_ALL_FOLDS,Ridge,added_model_vs_strongest_benchmark,0.0005000000000000178,0.9955
M1_Macro_vs_M2_Macro_Oil__primary__Oil_Rent_Intensive_Pre2016_ge15pct,Oil_Rents_GDP_Pct_lag1,primary,Oil_Rent_Intensive_Pre2016_ge15pct,Country_Holdout_CV,OOF_ALL_FOLDS,Ridge,added_model_vs_strongest_benchmark,0.0010000000000000182,0.9955
M1_Macro_vs_M2_Macro_Oil__primary__Oil_Rent_Intensive_Pre2016_ge15pct,Oil_Rents_GDP_Pct_lag1,primary,Oil_Rent_Intensive_Pre2016_ge15pct,Country_Holdout_CV,OOF_ALL_FOLDS,Ridge,added_model_vs_strongest_benchmark,0.0015000000000000187,0.995
M1_Macro_vs_M2_Macro_Oil__primary__Oil_Rent_Intensive_Pre2016_ge15pct,Oil_Rents_GDP_Pct_lag1,primary,Oil_Rent_Intensive_Pre2016_ge15pct,Country_Holdout_CV,OOF_ALL_FOLDS,Ridge,added_model_vs_strongest_benchmark,0.002000000000000019,0.995
M1_Macro_vs_M2_Macro_Oil__primary__Oil_Rent_Intensive_Pre2016_ge15pct,Oil_Rents_GDP_Pct_lag1,primary,Oil_Rent_Intensive_Pre2016_ge15pct,Country_Holdout_CV,OOF_ALL_FOLDS,Ridge,added_model_vs_strongest_benchmark,0.0025000000000000196,0.995
M1_Macro_vs_M2_Macro_Oil__primary__Oil_Rent_Intensive_Pre2016_ge15pct,Oil_Rents_GDP_Pct_lag1,primary,Oil_Rent_Intensive_Pre2016_ge15pct,Country_Holdout_CV,OOF_ALL_FOLDS,Ridge,added_model_vs_strongest_benchmark,0.00300000000000002,0.995
M1_Macro_vs_M2_Macro_Oil__primary__Oil_Rent_Intensive_Pre2016_ge15pct,Oil_Rents_GDP_Pct_lag1,primary,Oil_Rent_Intensive_Pre2016_ge15pct,Country_Holdout_CV,OOF_ALL_FOLDS,Ridge,added_model_vs_strongest_benchmark,0.0035000000000000205,0.995
M1_Macro_vs_M2_Macro_Oil__primary__Oil_Rent_Intensive_Pre2016_ge15pct,Oil_Rents_GDP_Pct_lag1,primary,Oil_Rent_Intensive_Pre2016_ge15pct,Country_Holdout_CV,OOF_ALL_FOLDS,Ridge,added_model_vs_strongest_benchmark,0.004000000000000021,0.995
M1_Macro_vs_M2_Macro_Oil__primary__Oil_Rent_Intensive_Pre2016_ge15pct,Oil_Rents_GDP_Pct_lag1,primary,Oil_Rent_Intensive_Pre2016_ge15pct,Country_Holdout_CV,OOF_ALL_FOLDS,Ridge,added_model_vs_strongest_benchmark,0.004500000000000021,0.995
M1_Macro_vs_M2_Macro_Oil__primary__Oil_Rent_Intensive_Pre2016_ge15pct,Oil_Rents_GDP_Pct_lag1,primary,Oil_Rent_Intensive_Pre2016_ge15pct,Country_Holdout_CV,OOF_ALL_FOLDS,Ridge,added_model_vs_strongest_benchmark,0.005000000000000022,0.9945
M1_Macro_vs_M2_Macro_Oil__primary__Oil_Rent_Intensive_Pre2016_ge15pct,Oil_Rents_GDP_Pct_lag1,primary,Oil_Rent_Intensive_Pre2016_ge15pct,Country_Holdout_CV,OOF_ALL_FOLDS,Ridge,added_model_vs_strongest_benchmark,0.005500000000000022,0.9945
M1_Macro_vs_M2_Macro_Oil__primary__Oil_Rent_Intensive_Pre2016_ge15pct,Oil_Rents_GDP_Pct_lag1,primary,Oil_Rent_Intensive_Pre2016_ge15pct,Country_Holdout_CV,OOF_ALL_FOLDS,Ridge,added_model_vs_strongest_benchmark,0.006000000000000023,0.993
M1_Macro_vs_M2_Macro_Oil__primary__Oil_Rent_Intensive_Pre2016_ge15pct,Oil_Rents_GDP_Pct_lag1,primary,Oil_Rent_Intensive_Pre2016_ge15pct,Country_Holdout_CV,OOF_ALL_FOLDS,Ridge,added_model_vs_strongest_benchmark,0.006500000000000023,0.993
M1_Macro_vs_M2_Macro_Oil__primary__Oil_Rent_Intensive_Pre2016_ge15pct,Oil_Rents_GDP_Pct_lag1,primary,Oil_Rent_Intensive_Pre2016_ge15pct,Country_Holdout_CV,OOF_ALL_FOLDS,Ridge,added_model_vs_strongest_benchmark,0.0070000000000000236,0.993
M1_Macro_vs_M2_Macro_Oil__primary__Oil_Rent_Intensive_Pre2016_ge15pct,Oil_Rents_GDP_Pct_lag1,primary,Oil_Rent_Intensive_Pre2016_ge15pct,Country_Holdout_CV,OOF_ALL_FOLDS,Ridge,added_model_vs_strongest_benchmark,0.007500000000000024,0.993
M1_Macro_vs_M2_Macro_Oil__primary__Oil_Rent_Intensive_Pre2016_ge15pct,Oil_Rents_GDP_Pct_lag1,primary,Oil_Rent_Intensive_Pre2016_ge15pct,Country_Holdout_CV,OOF_ALL_FOLDS,Ridge,added_model_vs_strongest_benchmark,0.008000000000000024,0.993
M1_Macro_vs_M2_Macro_Oil__primary__Oil_Rent_Intensive_Pre2016_ge15pct,Oil_Rents_GDP_Pct_lag1,primary,Oil_Rent_Intensive_Pre2016_ge15pct,Country_Holdout_CV,OOF_ALL_FOLDS,Ridge,added_model_vs_strongest_benchmark,0.008500000000000025,0.993
M1_Macro_vs_M2_Macro_Oil__primary__Oil_Rent_Intensive_Pre2016_ge15pct,Oil_Rents_GDP_Pct_lag1,primary,Oil_Rent_Intensive_Pre2016_ge15pct,Country_Holdout_CV,OOF_ALL_FOLDS,Ridge,added_model_vs_strongest_benchmark,0.009000000000000025,0.9915
M1_Macro_vs_M2_Macro_Oil__primary__Oil_Rent_Intensive_Pre2016_ge15pct,Oil_Rents_GDP_Pct_lag1,primary,Oil_Rent_Intensive_Pre2016_ge15pct,Country_Holdout_CV,OOF_ALL_FOLDS,Ridge,added_model_vs_strongest_benchmark,0.009500000000000026,0.991
M1_Macro_vs_M2_Macro_Oil__primary__Oil_Rent_Intensive_Pre2016_ge15pct,Oil_Rents_GDP_Pct_lag1,primary,Oil_Rent_Intensive_Pre2016_ge15pct,Country_Holdout_CV,OOF_ALL_FOLDS,Ridge,added_model_vs_strongest_benchmark,0.010000000000000026,0.991
M1_Macro_vs_M2_Macro_Oil__primary__Oil_Rent_Intensive_Pre2016_ge15pct,Oil_Rents_GDP_Pct_lag1,primary,Oil_Rent_Intensive_Pre2016_ge15pct,Country_Holdout_CV,OOF_ALL_FOLDS,Ridge,added_model_vs_strongest_benchmark,0.010500000000000027,0.991
M1_Macro_vs_M2_Macro_Oil__primary__Oil_Rent_Intensive_Pre2016_ge15pct,Oil_Rents_GDP_Pct_lag1,primary,Oil_Rent_Intensive_Pre2016_ge15pct,Country_Holdout_CV,OOF_ALL_FOLDS,Ridge,added_model_vs_strongest_benchmark,0.011000000000000027,0.99
M1_Macro_vs_M2_Macro_Oil__primary__Oil_Rent_Intensive_Pre2016_ge15pct,Oil_Rents_GDP_Pct_lag1,primary,Oil_Rent_Intensive_Pre2016_ge15pct,Country_Holdout_CV,OOF_ALL_FOLDS,Ridge,added_model_vs_strongest_benchmark,0.011500000000000028,0.99
M1_Macro_vs_M2_Macro_Oil__primary__Oil_Rent_Intensive_Pre2016_ge15pct,Oil_Rents_GDP_Pct_lag1,primary,Oil_Rent_Intensive_Pre2016_ge15pct,Country_Holdout_CV,OOF_ALL_FOLDS,Ridge,added_model_vs_strongest_benchmark,0.012000000000000028,0.9895
M1_Macro_vs_M2_Macro_Oil__primary__Oil_Rent_Intensive_Pre2016_ge15pct,Oil_Rents_GDP_Pct_lag1,primary,Oil_Rent_Intensive_Pre2016_ge15pct,Country_Holdout_CV,OOF_ALL_FOLDS,Ridge,added_model_vs_strongest_benchmark,0.012500000000000028,0.989
M1_Macro_vs_M2_Macro_Oil__primary__Oil_Rent_Intensive_Pre2016_ge15pct,Oil_Rents_GDP_Pct_lag1,primary,Oil_Rent_Intensive_Pre2016_ge15pct,Country_Holdout_CV,OOF_ALL_FOLDS,Ridge,added_model_vs_strongest_benchmark,0.013000000000000029,0.9885
M1_Macro_vs_M2_Macro_Oil__primary__Oil_Rent_Intensive_Pre2016_ge15pct,Oil_Rents_GDP_Pct_lag1,primary,Oil_Rent_Intensive_Pre2016_ge15pct,Country_Holdout_CV,OOF_ALL_FOLDS,Ridge,added_model_vs_strongest_benchmark,0.01350000000000003,0.9885
M1_Macro_vs_M2_Macro_Oil__primary__Oil_Rent_Intensive_Pre2016_ge15pct,Oil_Rents_GDP_Pct_lag1,primary,Oil_Rent_Intensive_Pre2016_ge15pct,Country_Holdout_CV,OOF_ALL_FOLDS,Ridge,added_model_vs_strongest_benchmark,0.01400000000000003,0.988
M1_Macro_vs_M2_Macro_Oil__primary__Oil_Rent_Intensive_Pre2016_ge15pct,Oil_Rents_GDP_Pct_lag1,primary,Oil_Rent_Intensive_Pre2016_ge15pct,Country_Holdout_CV,OOF_ALL_FOLDS,Ridge,added_model_vs_strongest_benchmark,0.01450000000000003,0.988
M1_Macro_vs_M2_Macro_Oil__primary__Oil_Rent_Intensive_Pre2016_ge15pct,Oil_Rents_GDP_Pct_lag1,primary,Oil_Rent_Intensive_Pre2016_ge15pct,Country_Holdout_CV,OOF_ALL_FOLDS,Ridge,added_model_vs_strongest_benchmark,0.01500000000000003,0.988
M1_Macro_vs_M2_Macro_Oil__primary__Oil_Rent_Intensive_Pre2016_ge15pct,Oil_Rents_GDP_Pct_lag1,primary,Oil_Rent_Intensive_Pre2016_ge15pct,Country_Holdout_CV,OOF_ALL_FOLDS,Ridge,added_model_vs_strongest_benchmark,0.015500000000000031,0.9875
M1_Macro_vs_M2_Macro_Oil__primary__Oil_Rent_Intensive_Pre2016_ge15pct,Oil_Rents_GDP_Pct_lag1,primary,Oil_Rent_Intensive_Pre2016_ge15pct,Country_Holdout_CV,OOF_ALL_FOLDS,Ridge,added_model_vs_strongest_benchmark,0.01600000000000003,0.9875
M1_Macro_vs_M2_Macro_Oil__primary__Oil_Rent_Intensive_Pre2016_ge15pct,Oil_Rents_GDP_Pct_lag1,primary,Oil_Rent_Intensive_Pre2016_ge15pct,Country_Holdout_CV,OOF_ALL_FOLDS,Ridge,added_model_vs_strongest_benchmark,0.016500000000000032,0.9875
M1_Macro_vs_M2_Macro_Oil__primary__Oil_Rent_Intensive_Pre2016_ge15pct,Oil_Rents_GDP_Pct_lag1,primary,Oil_Rent_Intensive_Pre2016_ge15pct,Country_Holdout_CV,OOF_ALL_FOLDS,Ridge,added_model_vs_strongest_benchmark,0.017000000000000032,0.9865
M1_Macro_vs_M2_Macro_Oil__primary__Oil_Rent_Intensive_Pre2016_ge15pct,Oil_Rents_GDP_Pct_lag1,primary,Oil_Rent_Intensive_Pre2016_ge15pct,Country_Holdout_CV,OOF_ALL_FOLDS,Ridge,added_model_vs_strongest_benchmark,0.017500000000000033,0.9865
M1_Macro_vs_M2_Macro_Oil__primary__Oil_Rent_Intensive_Pre2016_ge15pct,Oil_Rents_GDP_Pct_lag1,primary,Oil_Rent_Intensive_Pre2016_ge15pct,Country_Holdout_CV,OOF_ALL_FOLDS,Ridge,added_model_vs_strongest_benchmark,0.018000000000000033,0.9865
M1_Macro_vs_M2_Macro_Oil__primary__Oil_Rent_Intensive_Pre2016_ge15pct,Oil_Rents_GDP_Pct_lag1,primary,Oil_Rent_Intensive_Pre2016_ge15pct,Country_Holdout_CV,OOF_ALL_FOLDS,Ridge,added_model_vs_strongest_benchmark,0.018500000000000034,0.986
M1_Macro_vs_M2_Macro_Oil__primary__Oil_Rent_Intensive_Pre2016_ge15pct,Oil_Rents_GDP_Pct_lag1,primary,Oil_Rent_Intensive_Pre2016_ge15pct,Country_Holdout_CV,OOF_ALL_FOLDS,Ridge,added_model_vs_strongest_benchmark,0.019000000000000034,0.9855
M1_Macro_vs_M2_Macro_Oil__primary__Oil_Rent_Intensive_Pre2016_ge15pct,Oil_Rents_GDP_Pct_lag1,primary,Oil_Rent_Intensive_Pre2016_ge15pct,Country_Holdout_CV,OOF_ALL_FOLDS,Ridge,added_model_vs_strongest_benchmark,0.019500000000000035,0.985
M1_Macro_vs_M2_Macro_Oil__primary__Oil_Rent_Intensive_Pre2016_ge15pct,Oil_Rents_GDP_Pct_lag1,primary,Oil_Rent_Intensive_Pre2016_ge15pct,Country_Holdout_CV,OOF_ALL_FOLDS,Ridge,added_model_vs_strongest_benchmark,0.020000000000000035,0.9845
M1_Macro_vs_M2_Macro_Oil__primary__Oil_Rent_Intensive_Pre2016_ge15pct,Oil_Rents_GDP_Pct_lag1,primary,Oil_Rent_Intensive_Pre2016_ge15pct,Country_Holdout_CV,OOF_ALL_FOLDS,Ridge,added_model_vs_strongest_benchmark,0.020500000000000036,0.9845
M1_Macro_vs_M2_Macro_Oil__primary__Oil_Rent_Intensive_Pre2016_ge15pct,Oil_Rents_GDP_Pct_lag1,primary,Oil_Rent_Intensive_Pre2016_ge15pct,Country_Holdout_CV,OOF_ALL_FOLDS,Ridge,added_model_vs_strongest_benchmark,0.021000000000000036,0.984
M1_Macro_vs_M2_Macro_Oil__primary__Oil_Rent_Intensive_Pre2016_ge15pct,Oil_Rents_GDP_Pct_lag1,primary,Oil_Rent_Intensive_Pre2016_ge15pct,Country_Holdout_CV,OOF_ALL_FOLDS,Ridge,added_model_vs_strongest_benchmark,0.021500000000000036,0.984
M1_Macro_vs_M2_Macro_Oil__primary__Oil_Rent_Intensive_Pre2016_ge15pct,Oil_Rents_GDP_Pct_lag1,primary,Oil_Rent_Intensive_Pre2016_ge15pct,Country_Holdout_CV,OOF_ALL_FOLDS,Ridge,added_model_vs_strongest_benchmark,0.022000000000000037,0.984
M1_Macro_vs_M2_Macro_Oil__primary__Oil_Rent_Intensive_Pre2016_ge15pct,Oil_Rents_GDP_Pct_lag1,primary,Oil_Rent_Intensive_Pre2016_ge15pct,Country_Holdout_CV,OOF_ALL_FOLDS,Ridge,added_model_vs_strongest_benchmark,0.022500000000000037,0.984
M1_Macro_vs_M2_Macro_Oil__primary__Oil_Rent_Intensive_Pre2016_ge15pct,Oil_Rents_GDP_Pct_lag1,primary,Oil_Rent_Intensive_Pre2016_ge15pct,Country_Holdout_CV,OOF_ALL_FOLDS,Ridge,added_model_vs_strongest_benchmark,0.023000000000000038,0.984
M1_Macro_vs_M2_Macro_Oil__primary__Oil_Rent_Intensive_Pre2016_ge15pct,Oil_Rents_GDP_Pct_lag1,primary,Oil_Rent_Intensive_Pre2016_ge15pct,Country_Holdout_CV,OOF_ALL_FOLDS,Ridge,added_model_vs_strongest_benchmark,0.023500000000000038,0.9835
M1_Macro_vs_M2_Macro_Oil__primary__Oil_Rent_Intensive_Pre2016_ge15pct,Oil_Rents_GDP_Pct_lag1,primary,Oil_Rent_Intensive_Pre2016_ge15pct,Country_Holdout_CV,OOF_ALL_FOLDS,Ridge,added_model_vs_strongest_benchmark,0.02400000000000004,0.983
M1_Macro_vs_M2_Macro_Oil__primary__Oil_Rent_Intensive_Pre2016_ge15pct,Oil_Rents_GDP_Pct_lag1,primary,Oil_Rent_Intensive_Pre2016_ge15pct,Country_Holdout_CV,OOF_ALL_FOLDS,Ridge,added_model_vs_strongest_benchmark,0.02450000000000004,0.983
M1_Macro_vs_M2_Macro_Oil__primary__Oil_Rent_Intensive_Pre2016_ge15pct,Oil_Rents_GDP_Pct_lag1,primary,Oil_Rent_Intensive_Pre2016_ge15pct,Country_Holdout_CV,OOF_ALL_FOLDS,Ridge,added_model_vs_strongest_benchmark,0.02500000000000004,0.983
M1_Macro_vs_M2_Macro_Oil__primary__Oil_Rent_Intensive_Pre2016_ge15pct,Oil_Rents_GDP_Pct_lag1,primary,Oil_Rent_Intensive_Pre2016_ge15pct,Country_Holdout_CV,OOF_ALL_FOLDS,Ridge,added_model_vs_strongest_benchmark,0.02550000000000004,0.982
M1_Macro_vs_M2_Macro_Oil__primary__Oil_Rent_Intensive_Pre2016_ge15pct,Oil_Rents_GDP_Pct_lag1,primary,Oil_Rent_Intensive_Pre2016_ge15pct,Country_Holdout_CV,OOF_ALL_FOLDS,Ridge,added_model_vs_strongest_benchmark,0.02600000000000004,0.981
M1_Macro_vs_M2_Macro_Oil__primary__Oil_Rent_Intensive_Pre2016_ge15pct,Oil_Rents_GDP_Pct_lag1,primary,Oil_Rent_Intensive_Pre2016_ge15pct,Country_Holdout_CV,OOF_ALL_FOLDS,Ridge,added_model_vs_strongest_benchmark,0.02650000000000004,0.98
M1_Macro_vs_M2_Macro_Oil__primary__Oil_Rent_Intensive_Pre2016_ge15pct,Oil_Rents_GDP_Pct_lag1,primary,Oil_Rent_Intensive_Pre2016_ge15pct,Country_Holdout_CV,OOF_ALL_FOLDS,Ridge,added_model_vs_strongest_benchmark,0.02700000000000004,0.979
M1_Macro_vs_M2_Macro_Oil__primary__Oil_Rent_Intensive_Pre2016_ge15pct,Oil_Rents_GDP_Pct_lag1,primary,Oil_Rent_Intensive_Pre2016_ge15pct,Country_Holdout_CV,OOF_ALL_FOLDS,Ridge,added_model_vs_strongest_benchmark,0.027500000000000042,0.9785
M1_Macro_vs_M2_Macro_Oil__primary__Oil_Rent_Intensive_Pre2016_ge15pct,Oil_Rents_GDP_Pct_lag1,primary,Oil_Rent_Intensive_Pre2016_ge15pct,Country_Holdout_CV,OOF_ALL_FOLDS,Ridge,added_model_vs_strongest_benchmark,0.028000000000000042,0.9785
M1_Macro_vs_M2_Macro_Oil__primary__Oil_Rent_Intensive_Pre2016_ge15pct,Oil_Rents_GDP_Pct_lag1,primary,Oil_Rent_Intensive_Pre2016_ge15pct,Country_Holdout_CV,OOF_ALL_FOLDS,Ridge,added_model_vs_strongest_benchmark,0.028500000000000043,0.9785
M1_Macro_vs_M2_Macro_Oil__primary__Oil_Rent_Intensive_Pre2016_ge15pct,Oil_Rents_GDP_Pct_lag1,primary,Oil_Rent_Intensive_Pre2016_ge15pct,Country_Holdout_CV,OOF_ALL_FOLDS,Ridge,added_model_vs_strongest_benchmark,0.029000000000000043,0.9775
M1_Macro_vs_M2_Macro_Oil__primary__Oil_Rent_Intensive_Pre2016_ge15pct,Oil_Rents_GDP_Pct_lag1,primary,Oil_Rent_Intensive_Pre2016_ge15pct,Country_Holdout_CV,OOF_ALL_FOLDS,Ridge,added_model_vs_strongest_benchmark,0.029500000000000044,0.977
M1_Macro_vs_M2_Macro_Oil__primary__Oil_Rent_Intensive_Pre2016_ge15pct,Oil_Rents_GDP_Pct_lag1,primary,Oil_Rent_Intensive_Pre2016_ge15pct,Country_Holdout_CV,OOF_ALL_FOLDS,Ridge,added_model_vs_strongest_benchmark,0.030000000000000044,0.9755
M1_Macro_vs_M2_Macro_Oil__primary__Oil_Rent_Intensive_Pre2016_ge15pct,Oil_Rents_GDP_Pct_lag1,primary,Oil_Rent_Intensive_Pre2016_ge15pct,Country_Holdout_CV,OOF_ALL_FOLDS,ElasticNet,signal_increment,-0.02,1.0
M1_Macro_vs_M2_Macro_Oil__primary__Oil_Rent_Intensive_Pre2016_ge15pct,Oil_Rents_GDP_Pct_lag1,primary,Oil_Rent_Intensive_Pre2016_ge15pct,Country_Holdout_CV,OOF_ALL_FOLDS,ElasticNet,signal_increment,-0.0195,1.0
M1_Macro_vs_M2_Macro_Oil__primary__Oil_Rent_Intensive_Pre2016_ge15pct,Oil_Rents_GDP_Pct_lag1,primary,Oil_Rent_Intensive_Pre2016_ge15pct,Country_Holdout_CV,OOF_ALL_FOLDS,ElasticNet,signal_increment,-0.019,1.0
M1_Macro_vs_M2_Macro_Oil__primary__Oil_Rent_Intensive_Pre2016_ge15pct,Oil_Rents_GDP_Pct_lag1,primary,Oil_Rent_Intensive_Pre2016_ge15pct,Country_Holdout_CV,OOF_ALL_FOLDS,ElasticNet,signal_increment,-0.0185,1.0
M1_Macro_vs_M2_Macro_Oil__primary__Oil_Rent_Intensive_Pre2016_ge15pct,Oil_Rents_GDP_Pct_lag1,primary,Oil_Rent_Intensive_Pre2016_ge15pct,Country_Holdout_CV,OOF_ALL_FOLDS,ElasticNet,signal_increment,-0.018,1.0
M1_Macro_vs_M2_Macro_Oil__primary__Oil_Rent_Intensive_Pre2016_ge15pct,Oil_Rents_GDP_Pct_lag1,primary,Oil_Rent_Intensive_Pre2016_ge15pct,Country_Holdout_CV,OOF_ALL_FOLDS,ElasticNet,signal_increment,-0.017499999999999998,1.0
M1_Macro_vs_M2_Macro_Oil__primary__Oil_Rent_Intensive_Pre2016_ge15pct,Oil_Rents_GDP_Pct_lag1,primary,Oil_Rent_Intensive_Pre2016_ge15pct,Country_Holdout_CV,OOF_ALL_FOLDS,ElasticNet,signal_increment,-0.016999999999999998,1.0
M1_Macro_vs_M2_Macro_Oil__primary__Oil_Rent_Intensive_Pre2016_ge15pct,Oil_Rents_GDP_Pct_lag1,primary,Oil_Rent_Intensive_Pre2016_ge15pct,Country_Holdout_CV,OOF_ALL_FOLDS,ElasticNet,signal_increment,-0.016499999999999997,1.0
M1_Macro_vs_M2_Macro_Oil__primary__Oil_Rent_Intensive_Pre2016_ge15pct,Oil_Rents_GDP_Pct_lag1,primary,Oil_Rent_Intensive_Pre2016_ge15pct,Country_Holdout_CV,OOF_ALL_FOLDS,ElasticNet,signal_increment,-0.015999999999999997,1.0
M1_Macro_vs_M2_Macro_Oil__primary__Oil_Rent_Intensive_Pre2016_ge15pct,Oil_Rents_GDP_Pct_lag1,primary,Oil_Rent_Intensive_Pre2016_ge15pct,Country_Holdout_CV,OOF_ALL_FOLDS,ElasticNet,signal_increment,-0.015499999999999996,1.0
M1_Macro_vs_M2_Macro_Oil__primary__Oil_Rent_Intensive_Pre2016_ge15pct,Oil_Rents_GDP_Pct_lag1,primary,Oil_Rent_Intensive_Pre2016_ge15pct,Country_Holdout_CV,OOF_ALL_FOLDS,ElasticNet,signal_increment,-0.014999999999999996,1.0
M1_Macro_vs_M2_Macro_Oil__primary__Oil_Rent_Intensive_Pre2016_ge15pct,Oil_Rents_GDP_Pct_lag1,primary,Oil_Rent_Intensive_Pre2016_ge15pct,Country_Holdout_CV,OOF_ALL_FOLDS,ElasticNet,signal_increment,-0.014499999999999996,1.0
M1_Macro_vs_M2_Macro_Oil__primary__Oil_Rent_Intensive_Pre2016_ge15pct,Oil_Rents_GDP_Pct_lag1,primary,Oil_Rent_Intensive_Pre2016_ge15pct,Country_Holdout_CV,OOF_ALL_FOLDS,ElasticNet,signal_increment,-0.013999999999999995,1.0
M1_Macro_vs_M2_Macro_Oil__primary__Oil_Rent_Intensive_Pre2016_ge15pct,Oil_Rents_GDP_Pct_lag1,primary,Oil_Rent_Intensive_Pre2016_ge15pct,Country_Holdout_CV,OOF_ALL_FOLDS,ElasticNet,signal_increment,-0.013499999999999995,1.0
M1_Macro_vs_M2_Macro_Oil__primary__Oil_Rent_Intensive_Pre2016_ge15pct,Oil_Rents_GDP_Pct_lag1,primary,Oil_Rent_Intensive_Pre2016_ge15pct,Country_Holdout_CV,OOF_ALL_FOLDS,ElasticNet,signal_increment,-0.012999999999999994,1.0
M1_Macro_vs_M2_Macro_Oil__primary__Oil_Rent_Intensive_Pre2016_ge15pct,Oil_Rents_GDP_Pct_lag1,primary,Oil_Rent_Intensive_Pre2016_ge15pct,Country_Holdout_CV,OOF_ALL_FOLDS,ElasticNet,signal_increment,-0.012499999999999994,1.0
M1_Macro_vs_M2_Macro_Oil__primary__Oil_Rent_Intensive_Pre2016_ge15pct,Oil_Rents_GDP_Pct_lag1,primary,Oil_Rent_Intensive_Pre2016_ge15pct,Country_Holdout_CV,OOF_ALL_FOLDS,ElasticNet,signal_increment,-0.011999999999999993,0.9995
M1_Macro_vs_M2_Macro_Oil__primary__Oil_Rent_Intensive_Pre2016_ge15pct,Oil_Rents_GDP_Pct_lag1,primary,Oil_Rent_Intensive_Pre2016_ge15pct,Country_Holdout_CV,OOF_ALL_FOLDS,ElasticNet,signal_increment,-0.011499999999999993,0.999
M1_Macro_vs_M2_Macro_Oil__primary__Oil_Rent_Intensive_Pre2016_ge15pct,Oil_Rents_GDP_Pct_lag1,primary,Oil_Rent_Intensive_Pre2016_ge15pct,Country_Holdout_CV,OOF_ALL_FOLDS,ElasticNet,signal_increment,-0.010999999999999992,0.999
M1_Macro_vs_M2_Macro_Oil__primary__Oil_Rent_Intensive_Pre2016_ge15pct,Oil_Rents_GDP_Pct_lag1,primary,Oil_Rent_Intensive_Pre2016_ge15pct,Country_Holdout_CV,OOF_ALL_FOLDS,ElasticNet,signal_increment,-0.010499999999999992,0.9985
M1_Macro_vs_M2_Macro_Oil__primary__Oil_Rent_Intensive_Pre2016_ge15pct,Oil_Rents_GDP_Pct_lag1,primary,Oil_Rent_Intensive_Pre2016_ge15pct,Country_Holdout_CV,OOF_ALL_FOLDS,ElasticNet,signal_increment,-0.009999999999999992,0.998
M1_Macro_vs_M2_Macro_Oil__primary__Oil_Rent_Intensive_Pre2016_ge15pct,Oil_Rents_GDP_Pct_lag1,primary,Oil_Rent_Intensive_Pre2016_ge15pct,Country_Holdout_CV,OOF_ALL_FOLDS,ElasticNet,signal_increment,-0.009499999999999991,0.997
M1_Macro_vs_M2_Macro_Oil__primary__Oil_Rent_Intensive_Pre2016_ge15pct,Oil_Rents_GDP_Pct_lag1,primary,Oil_Rent_Intensive_Pre2016_ge15pct,Country_Holdout_CV,OOF_ALL_FOLDS,ElasticNet,signal_increment,-0.00899999999999999,0.9965
M1_Macro_vs_M2_Macro_Oil__primary__Oil_Rent_Intensive_Pre2016_ge15pct,Oil_Rents_GDP_Pct_lag1,primary,Oil_Rent_Intensive_Pre2016_ge15pct,Country_Holdout_CV,OOF_ALL_FOLDS,ElasticNet,signal_increment,-0.00849999999999999,0.9945
M1_Macro_vs_M2_Macro_Oil__primary__Oil_Rent_Intensive_Pre2016_ge15pct,Oil_Rents_GDP_Pct_lag1,primary,Oil_Rent_Intensive_Pre2016_ge15pct,Country_Holdout_CV,OOF_ALL_FOLDS,ElasticNet,signal_increment,-0.00799999999999999,0.99
M1_Macro_vs_M2_Macro_Oil__primary__Oil_Rent_Intensive_Pre2016_ge15pct,Oil_Rents_GDP_Pct_lag1,primary,Oil_Rent_Intensive_Pre2016_ge15pct,Country_Holdout_CV,OOF_ALL_FOLDS,ElasticNet,signal_increment,-0.007499999999999989,0.986
M1_Macro_vs_M2_Macro_Oil__primary__Oil_Rent_Intensive_Pre2016_ge15pct,Oil_Rents_GDP_Pct_lag1,primary,Oil_Rent_Intensive_Pre2016_ge15pct,Country_Holdout_CV,OOF_ALL_FOLDS,ElasticNet,signal_increment,-0.006999999999999989,0.9795
M1_Macro_vs_M2_Macro_Oil__primary__Oil_Rent_Intensive_Pre2016_ge15pct,Oil_Rents_GDP_Pct_lag1,primary,Oil_Rent_Intensive_Pre2016_ge15pct,Country_Holdout_CV,OOF_ALL_FOLDS,ElasticNet,signal_increment,-0.006499999999999988,0.972
M1_Macro_vs_M2_Macro_Oil__primary__Oil_Rent_Intensive_Pre2016_ge15pct,Oil_Rents_GDP_Pct_lag1,primary,Oil_Rent_Intensive_Pre2016_ge15pct,Country_Holdout_CV,OOF_ALL_FOLDS,ElasticNet,signal_increment,-0.005999999999999988,0.9655
M1_Macro_vs_M2_Macro_Oil__primary__Oil_Rent_Intensive_Pre2016_ge15pct,Oil_Rents_GDP_Pct_lag1,primary,Oil_Rent_Intensive_Pre2016_ge15pct,Country_Holdout_CV,OOF_ALL_FOLDS,ElasticNet,signal_increment,-0.0054999999999999875,0.9525
M1_Macro_vs_M2_Macro_Oil__primary__Oil_Rent_Intensive_Pre2016_ge15pct,Oil_Rents_GDP_Pct_lag1,primary,Oil_Rent_Intensive_Pre2016_ge15pct,Country_Holdout_CV,OOF_ALL_FOLDS,ElasticNet,signal_increment,-0.004999999999999987,0.941
M1_Macro_vs_M2_Macro_Oil__primary__Oil_Rent_Intensive_Pre2016_ge15pct,Oil_Rents_GDP_Pct_lag1,primary,Oil_Rent_Intensive_Pre2016_ge15pct,Country_Holdout_CV,OOF_ALL_FOLDS,ElasticNet,signal_increment,-0.004499999999999987,0.92
M1_Macro_vs_M2_Macro_Oil__primary__Oil_Rent_Intensive_Pre2016_ge15pct,Oil_Rents_GDP_Pct_lag1,primary,Oil_Rent_Intensive_Pre2016_ge15pct,Country_Holdout_CV,OOF_ALL_FOLDS,ElasticNet,signal_increment,-0.003999999999999986,0.887
M1_Macro_vs_M2_Macro_Oil__primary__Oil_Rent_Intensive_Pre2016_ge15pct,Oil_Rents_GDP_Pct_lag1,primary,Oil_Rent_Intensive_Pre2016_ge15pct,Country_Holdout_CV,OOF_ALL_FOLDS,ElasticNet,signal_increment,-0.0034999999999999858,0.8535
M1_Macro_vs_M2_Macro_Oil__primary__Oil_Rent_Intensive_Pre2016_ge15pct,Oil_Rents_GDP_Pct_lag1,primary,Oil_Rent_Intensive_Pre2016_ge15pct,Country_Holdout_CV,OOF_ALL_FOLDS,ElasticNet,signal_increment,-0.0029999999999999853,0.818
M1_Macro_vs_M2_Macro_Oil__primary__Oil_Rent_Intensive_Pre2016_ge15pct,Oil_Rents_GDP_Pct_lag1,primary,Oil_Rent_Intensive_Pre2016_ge15pct,Country_Holdout_CV,OOF_ALL_FOLDS,ElasticNet,signal_increment,-0.002499999999999985,0.781
M1_Macro_vs_M2_Macro_Oil__primary__Oil_Rent_Intensive_Pre2016_ge15pct,Oil_Rents_GDP_Pct_lag1,primary,Oil_Rent_Intensive_Pre2016_ge15pct,Country_Holdout_CV,OOF_ALL_FOLDS,ElasticNet,signal_increment,-0.0019999999999999844,0.7295
M1_Macro_vs_M2_Macro_Oil__primary__Oil_Rent_Intensive_Pre2016_ge15pct,Oil_Rents_GDP_Pct_lag1,primary,Oil_Rent_Intensive_Pre2016_ge15pct,Country_Holdout_CV,OOF_ALL_FOLDS,ElasticNet,signal_increment,-0.001499999999999984,0.6775
M1_Macro_vs_M2_Macro_Oil__primary__Oil_Rent_Intensive_Pre2016_ge15pct,Oil_Rents_GDP_Pct_lag1,primary,Oil_Rent_Intensive_Pre2016_ge15pct,Country_Holdout_CV,OOF_ALL_FOLDS,ElasticNet,signal_increment,-0.0009999999999999835,0.611
M1_Macro_vs_M2_Macro_Oil__primary__Oil_Rent_Intensive_Pre2016_ge15pct,Oil_Rents_GDP_Pct_lag1,primary,Oil_Rent_Intensive_Pre2016_ge15pct,Country_Holdout_CV,OOF_ALL_FOLDS,ElasticNet,signal_increment,-0.0004999999999999831,0.5525
M1_Macro_vs_M2_Macro_Oil__primary__Oil_Rent_Intensive_Pre2016_ge15pct,Oil_Rents_GDP_Pct_lag1,primary,Oil_Rent_Intensive_Pre2016_ge15pct,Country_Holdout_CV,OOF_ALL_FOLDS,ElasticNet,signal_increment,1.734723475976807e-17,0.4875
M1_Macro_vs_M2_Macro_Oil__primary__Oil_Rent_Intensive_Pre2016_ge15pct,Oil_Rents_GDP_Pct_lag1,primary,Oil_Rent_Intensive_Pre2016_ge15pct,Country_Holdout_CV,OOF_ALL_FOLDS,ElasticNet,signal_increment,0.0005000000000000178,0.4205
M1_Macro_vs_M2_Macro_Oil__primary__Oil_Rent_Intensive_Pre2016_ge15pct,Oil_Rents_GDP_Pct_lag1,primary,Oil_Rent_Intensive_Pre2016_ge15pct,Country_Holdout_CV,OOF_ALL_FOLDS,ElasticNet,signal_increment,0.0010000000000000182,0.3585
M1_Macro_vs_M2_Macro_Oil__primary__Oil_Rent_Intensive_Pre2016_ge15pct,Oil_Rents_GDP_Pct_lag1,primary,Oil_Rent_Intensive_Pre2016_ge15pct,Country_Holdout_CV,OOF_ALL_FOLDS,ElasticNet,signal_increment,0.0015000000000000187,0.299
M1_Macro_vs_M2_Macro_Oil__primary__Oil_Rent_Intensive_Pre2016_ge15pct,Oil_Rents_GDP_Pct_lag1,primary,Oil_Rent_Intensive_Pre2016_ge15pct,Country_Holdout_CV,OOF_ALL_FOLDS,ElasticNet,signal_increment,0.002000000000000019,0.239
M1_Macro_vs_M2_Macro_Oil__primary__Oil_Rent_Intensive_Pre2016_ge15pct,Oil_Rents_GDP_Pct_lag1,primary,Oil_Rent_Intensive_Pre2016_ge15pct,Country_Holdout_CV,OOF_ALL_FOLDS,ElasticNet,signal_increment,0.0025000000000000196,0.186
M1_Macro_vs_M2_Macro_Oil__primary__Oil_Rent_Intensive_Pre2016_ge15pct,Oil_Rents_GDP_Pct_lag1,primary,Oil_Rent_Intensive_Pre2016_ge15pct,Country_Holdout_CV,OOF_ALL_FOLDS,ElasticNet,signal_increment,0.00300000000000002,0.1445
M1_Macro_vs_M2_Macro_Oil__primary__Oil_Rent_Intensive_Pre2016_ge15pct,Oil_Rents_GDP_Pct_lag1,primary,Oil_Rent_Intensive_Pre2016_ge15pct,Country_Holdout_CV,OOF_ALL_FOLDS,ElasticNet,signal_increment,0.0035000000000000205,0.1025
M1_Macro_vs_M2_Macro_Oil__primary__Oil_Rent_Intensive_Pre2016_ge15pct,Oil_Rents_GDP_Pct_lag1,primary,Oil_Rent_Intensive_Pre2016_ge15pct,Country_Holdout_CV,OOF_ALL_FOLDS,ElasticNet,signal_increment,0.004000000000000021,0.07
M1_Macro_vs_M2_Macro_Oil__primary__Oil_Rent_Intensive_Pre2016_ge15pct,Oil_Rents_GDP_Pct_lag1,primary,Oil_Rent_Intensive_Pre2016_ge15pct,Country_Holdout_CV,OOF_ALL_FOLDS,ElasticNet,signal_increment,0.004500000000000021,0.057
M1_Macro_vs_M2_Macro_Oil__primary__Oil_Rent_Intensive_Pre2016_ge15pct,Oil_Rents_GDP_Pct_lag1,primary,Oil_Rent_Intensive_Pre2016_ge15pct,Country_Holdout_CV,OOF_ALL_FOLDS,ElasticNet,signal_increment,0.005000000000000022,0.0375
M1_Macro_vs_M2_Macro_Oil__primary__Oil_Rent_Intensive_Pre2016_ge15pct,Oil_Rents_GDP_Pct_lag1,primary,Oil_Rent_Intensive_Pre2016_ge15pct,Country_Holdout_CV,OOF_ALL_FOLDS,ElasticNet,signal_increment,0.005500000000000022,0.03
M1_Macro_vs_M2_Macro_Oil__primary__Oil_Rent_Intensive_Pre2016_ge15pct,Oil_Rents_GDP_Pct_lag1,primary,Oil_Rent_Intensive_Pre2016_ge15pct,Country_Holdout_CV,OOF_ALL_FOLDS,ElasticNet,signal_increment,0.006000000000000023,0.018
M1_Macro_vs_M2_Macro_Oil__primary__Oil_Rent_Intensive_Pre2016_ge15pct,Oil_Rents_GDP_Pct_lag1,primary,Oil_Rent_Intensive_Pre2016_ge15pct,Country_Holdout_CV,OOF_ALL_FOLDS,ElasticNet,signal_increment,0.006500000000000023,0.012
M1_Macro_vs_M2_Macro_Oil__primary__Oil_Rent_Intensive_Pre2016_ge15pct,Oil_Rents_GDP_Pct_lag1,primary,Oil_Rent_Intensive_Pre2016_ge15pct,Country_Holdout_CV,OOF_ALL_FOLDS,ElasticNet,signal_increment,0.0070000000000000236,0.0075
M1_Macro_vs_M2_Macro_Oil__primary__Oil_Rent_Intensive_Pre2016_ge15pct,Oil_Rents_GDP_Pct_lag1,primary,Oil_Rent_Intensive_Pre2016_ge15pct,Country_Holdout_CV,OOF_ALL_FOLDS,ElasticNet,signal_increment,0.007500000000000024,0.005
M1_Macro_vs_M2_Macro_Oil__primary__Oil_Rent_Intensive_Pre2016_ge15pct,Oil_Rents_GDP_Pct_lag1,primary,Oil_Rent_Intensive_Pre2016_ge15pct,Country_Holdout_CV,OOF_ALL_FOLDS,ElasticNet,signal_increment,0.008000000000000024,0.004
M1_Macro_vs_M2_Macro_Oil__primary__Oil_Rent_Intensive_Pre2016_ge15pct,Oil_Rents_GDP_Pct_lag1,primary,Oil_Rent_Intensive_Pre2016_ge15pct,Country_Holdout_CV,OOF_ALL_FOLDS,ElasticNet,signal_increment,0.008500000000000025,0.0015
M1_Macro_vs_M2_Macro_Oil__primary__Oil_Rent_Intensive_Pre2016_ge15pct,Oil_Rents_GDP_Pct_lag1,primary,Oil_Rent_Intensive_Pre2016_ge15pct,Country_Holdout_CV,OOF_ALL_FOLDS,ElasticNet,signal_increment,0.009000000000000025,0.0015
M1_Macro_vs_M2_Macro_Oil__primary__Oil_Rent_Intensive_Pre2016_ge15pct,Oil_Rents_GDP_Pct_lag1,primary,Oil_Rent_Intensive_Pre2016_ge15pct,Country_Holdout_CV,OOF_ALL_FOLDS,ElasticNet,signal_increment,0.009500000000000026,0.0005
M1_Macro_vs_M2_Macro_Oil__primary__Oil_Rent_Intensive_Pre2016_ge15pct,Oil_Rents_GDP_Pct_lag1,primary,Oil_Rent_Intensive_Pre2016_ge15pct,Country_Holdout_CV,OOF_ALL_FOLDS,ElasticNet,signal_increment,0.010000000000000026,0.0005
M1_Macro_vs_M2_Macro_Oil__primary__Oil_Rent_Intensive_Pre2016_ge15pct,Oil_Rents_GDP_Pct_lag1,primary,Oil_Rent_Intensive_Pre2016_ge15pct,Country_Holdout_CV,OOF_ALL_FOLDS,ElasticNet,signal_increment,0.010500000000000027,0.0005
M1_Macro_vs_M2_Macro_Oil__primary__Oil_Rent_Intensive_Pre2016_ge15pct,Oil_Rents_GDP_Pct_lag1,primary,Oil_Rent_Intensive_Pre2016_ge15pct,Country_Holdout_CV,OOF_ALL_FOLDS,ElasticNet,signal_increment,0.011000000000000027,0.0005
M1_Macro_vs_M2_Macro_Oil__primary__Oil_Rent_Intensive_Pre2016_ge15pct,Oil_Rents_GDP_Pct_lag1,primary,Oil_Rent_Intensive_Pre2016_ge15pct,Country_Holdout_CV,OOF_ALL_FOLDS,ElasticNet,signal_increment,0.011500000000000028,0.0005
M1_Macro_vs_M2_Macro_Oil__primary__Oil_Rent_Intensive_Pre2016_ge15pct,Oil_Rents_GDP_Pct_lag1,primary,Oil_Rent_Intensive_Pre2016_ge15pct,Country_Holdout_CV,OOF_ALL_FOLDS,ElasticNet,signal_increment,0.012000000000000028,0.0005
M1_Macro_vs_M2_Macro_Oil__primary__Oil_Rent_Intensive_Pre2016_ge15pct,Oil_Rents_GDP_Pct_lag1,primary,Oil_Rent_Intensive_Pre2016_ge15pct,Country_Holdout_CV,OOF_ALL_FOLDS,ElasticNet,signal_increment,0.012500000000000028,0.0
M1_Macro_vs_M2_Macro_Oil__primary__Oil_Rent_Intensive_Pre2016_ge15pct,Oil_Rents_GDP_Pct_lag1,primary,Oil_Rent_Intensive_Pre2016_ge15pct,Country_Holdout_CV,OOF_ALL_FOLDS,ElasticNet,signal_increment,0.013000000000000029,0.0
M1_Macro_vs_M2_Macro_Oil__primary__Oil_Rent_Intensive_Pre2016_ge15pct,Oil_Rents_GDP_Pct_lag1,primary,Oil_Rent_Intensive_Pre2016_ge15pct,Country_Holdout_CV,OOF_ALL_FOLDS,ElasticNet,signal_increment,0.01350000000000003,0.0
M1_Macro_vs_M2_Macro_Oil__primary__Oil_Rent_Intensive_Pre2016_ge15pct,Oil_Rents_GDP_Pct_lag1,primary,Oil_Rent_Intensive_Pre2016_ge15pct,Country_Holdout_CV,OOF_ALL_FOLDS,ElasticNet,signal_increment,0.01400000000000003,0.0
M1_Macro_vs_M2_Macro_Oil__primary__Oil_Rent_Intensive_Pre2016_ge15pct,Oil_Rents_GDP_Pct_lag1,primary,Oil_Rent_Intensive_Pre2016_ge15pct,Country_Holdout_CV,OOF_ALL_FOLDS,ElasticNet,signal_increment,0.01450000000000003,0.0
M1_Macro_vs_M2_Macro_Oil__primary__Oil_Rent_Intensive_Pre2016_ge15pct,Oil_Rents_GDP_Pct_lag1,primary,Oil_Rent_Intensive_Pre2016_ge15pct,Country_Holdout_CV,OOF_ALL_FOLDS,ElasticNet,signal_increment,0.01500000000000003,0.0
M1_Macro_vs_M2_Macro_Oil__primary__Oil_Rent_Intensive_Pre2016_ge15pct,Oil_Rents_GDP_Pct_lag1,primary,Oil_Rent_Intensive_Pre2016_ge15pct,Country_Holdout_CV,OOF_ALL_FOLDS,ElasticNet,signal_increment,0.015500000000000031,0.0
M1_Macro_vs_M2_Macro_Oil__primary__Oil_Rent_Intensive_Pre2016_ge15pct,Oil_Rents_GDP_Pct_lag1,primary,Oil_Rent_Intensive_Pre2016_ge15pct,Country_Holdout_CV,OOF_ALL_FOLDS,ElasticNet,signal_increment,0.01600000000000003,0.0
M1_Macro_vs_M2_Macro_Oil__primary__Oil_Rent_Intensive_Pre2016_ge15pct,Oil_Rents_GDP_Pct_lag1,primary,Oil_Rent_Intensive_Pre2016_ge15pct,Country_Holdout_CV,OOF_ALL_FOLDS,ElasticNet,signal_increment,0.016500000000000032,0.0
M1_Macro_vs_M2_Macro_Oil__primary__Oil_Rent_Intensive_Pre2016_ge15pct,Oil_Rents_GDP_Pct_lag1,primary,Oil_Rent_Intensive_Pre2016_ge15pct,Country_Holdout_CV,OOF_ALL_FOLDS,ElasticNet,signal_increment,0.017000000000000032,0.0
M1_Macro_vs_M2_Macro_Oil__primary__Oil_Rent_Intensive_Pre2016_ge15pct,Oil_Rents_GDP_Pct_lag1,primary,Oil_Rent_Intensive_Pre2016_ge15pct,Country_Holdout_CV,OOF_ALL_FOLDS,ElasticNet,signal_increment,0.017500000000000033,0.0
M1_Macro_vs_M2_Macro_Oil__primary__Oil_Rent_Intensive_Pre2016_ge15pct,Oil_Rents_GDP_Pct_lag1,primary,Oil_Rent_Intensive_Pre2016_ge15pct,Country_Holdout_CV,OOF_ALL_FOLDS,ElasticNet,signal_increment,0.018000000000000033,0.0
M1_Macro_vs_M2_Macro_Oil__primary__Oil_Rent_Intensive_Pre2016_ge15pct,Oil_Rents_GDP_Pct_lag1,primary,Oil_Rent_Intensive_Pre2016_ge15pct,Country_Holdout_CV,OOF_ALL_FOLDS,ElasticNet,signal_increment,0.018500000000000034,0.0
M1_Macro_vs_M2_Macro_Oil__primary__Oil_Rent_Intensive_Pre2016_ge15pct,Oil_Rents_GDP_Pct_lag1,primary,Oil_Rent_Intensive_Pre2016_ge15pct,Country_Holdout_CV,OOF_ALL_FOLDS,ElasticNet,signal_increment,0.019000000000000034,0.0
M1_Macro_vs_M2_Macro_Oil__primary__Oil_Rent_Intensive_Pre2016_ge15pct,Oil_Rents_GDP_Pct_lag1,primary,Oil_Rent_Intensive_Pre2016_ge15pct,Country_Holdout_CV,OOF_ALL_FOLDS,ElasticNet,signal_increment,0.019500000000000035,0.0
M1_Macro_vs_M2_Macro_Oil__primary__Oil_Rent_Intensive_Pre2016_ge15pct,Oil_Rents_GDP_Pct_lag1,primary,Oil_Rent_Intensive_Pre2016_ge15pct,Country_Holdout_CV,OOF_ALL_FOLDS,ElasticNet,signal_increment,0.020000000000000035,0.0
M1_Macro_vs_M2_Macro_Oil__primary__Oil_Rent_Intensive_Pre2016_ge15pct,Oil_Rents_GDP_Pct_lag1,primary,Oil_Rent_Intensive_Pre2016_ge15pct,Country_Holdout_CV,OOF_ALL_FOLDS,ElasticNet,signal_increment,0.020500000000000036,0.0
M1_Macro_vs_M2_Macro_Oil__primary__Oil_Rent_Intensive_Pre2016_ge15pct,Oil_Rents_GDP_Pct_lag1,primary,Oil_Rent_Intensive_Pre2016_ge15pct,Country_Holdout_CV,OOF_ALL_FOLDS,ElasticNet,signal_increment,0.021000000000000036,0.0
M1_Macro_vs_M2_Macro_Oil__primary__Oil_Rent_Intensive_Pre2016_ge15pct,Oil_Rents_GDP_Pct_lag1,primary,Oil_Rent_Intensive_Pre2016_ge15pct,Country_Holdout_CV,OOF_ALL_FOLDS,ElasticNet,signal_increment,0.021500000000000036,0.0
M1_Macro_vs_M2_Macro_Oil__primary__Oil_Rent_Intensive_Pre2016_ge15pct,Oil_Rents_GDP_Pct_lag1,primary,Oil_Rent_Intensive_Pre2016_ge15pct,Country_Holdout_CV,OOF_ALL_FOLDS,ElasticNet,signal_increment,0.022000000000000037,0.0
M1_Macro_vs_M2_Macro_Oil__primary__Oil_Rent_Intensive_Pre2016_ge15pct,Oil_Rents_GDP_Pct_lag1,primary,Oil_Rent_Intensive_Pre2016_ge15pct,Country_Holdout_CV,OOF_ALL_FOLDS,ElasticNet,signal_increment,0.022500000000000037,0.0
M1_Macro_vs_M2_Macro_Oil__primary__Oil_Rent_Intensive_Pre2016_ge15pct,Oil_Rents_GDP_Pct_lag1,primary,Oil_Rent_Intensive_Pre2016_ge15pct,Country_Holdout_CV,OOF_ALL_FOLDS,ElasticNet,signal_increment,0.023000000000000038,0.0
M1_Macro_vs_M2_Macro_Oil__primary__Oil_Rent_Intensive_Pre2016_ge15pct,Oil_Rents_GDP_Pct_lag1,primary,Oil_Rent_Intensive_Pre2016_ge15pct,Country_Holdout_CV,OOF_ALL_FOLDS,ElasticNet,signal_increment,0.023500000000000038,0.0
M1_Macro_vs_M2_Macro_Oil__primary__Oil_Rent_Intensive_Pre2016_ge15pct,Oil_Rents_GDP_Pct_lag1,primary,Oil_Rent_Intensive_Pre2016_ge15pct,Country_Holdout_CV,OOF_ALL_FOLDS,ElasticNet,signal_increment,0.02400000000000004,0.0
M1_Macro_vs_M2_Macro_Oil__primary__Oil_Rent_Intensive_Pre2016_ge15pct,Oil_Rents_GDP_Pct_lag1,primary,Oil_Rent_Intensive_Pre2016_ge15pct,Country_Holdout_CV,OOF_ALL_FOLDS,ElasticNet,signal_increment,0.02450000000000004,0.0
M1_Macro_vs_M2_Macro_Oil__primary__Oil_Rent_Intensive_Pre2016_ge15pct,Oil_Rents_GDP_Pct_lag1,primary,Oil_Rent_Intensive_Pre2016_ge15pct,Country_Holdout_CV,OOF_ALL_FOLDS,ElasticNet,signal_increment,0.02500000000000004,0.0
M1_Macro_vs_M2_Macro_Oil__primary__Oil_Rent_Intensive_Pre2016_ge15pct,Oil_Rents_GDP_Pct_lag1,primary,Oil_Rent_Intensive_Pre2016_ge15pct,Country_Holdout_CV,OOF_ALL_FOLDS,ElasticNet,signal_increment,0.02550000000000004,0.0
M1_Macro_vs_M2_Macro_Oil__primary__Oil_Rent_Intensive_Pre2016_ge15pct,Oil_Rents_GDP_Pct_lag1,primary,Oil_Rent_Intensive_Pre2016_ge15pct,Country_Holdout_CV,OOF_ALL_FOLDS,ElasticNet,signal_increment,0.02600000000000004,0.0
M1_Macro_vs_M2_Macro_Oil__primary__Oil_Rent_Intensive_Pre2016_ge15pct,Oil_Rents_GDP_Pct_lag1,primary,Oil_Rent_Intensive_Pre2016_ge15pct,Country_Holdout_CV,OOF_ALL_FOLDS,ElasticNet,signal_increment,0.02650000000000004,0.0
M1_Macro_vs_M2_Macro_Oil__primary__Oil_Rent_Intensive_Pre2016_ge15pct,Oil_Rents_GDP_Pct_lag1,primary,Oil_Rent_Intensive_Pre2016_ge15pct,Country_Holdout_CV,OOF_ALL_FOLDS,ElasticNet,signal_increment,0.02700000000000004,0.0
M1_Macro_vs_M2_Macro_Oil__primary__Oil_Rent_Intensive_Pre2016_ge15pct,Oil_Rents_GDP_Pct_lag1,primary,Oil_Rent_Intensive_Pre2016_ge15pct,Country_Holdout_CV,OOF_ALL_FOLDS,ElasticNet,signal_increment,0.027500000000000042,0.0
M1_Macro_vs_M2_Macro_Oil__primary__Oil_Rent_Intensive_Pre2016_ge15pct,Oil_Rents_GDP_Pct_lag1,primary,Oil_Rent_Intensive_Pre2016_ge15pct,Country_Holdout_CV,OOF_ALL_FOLDS,ElasticNet,signal_increment,0.028000000000000042,0.0
M1_Macro_vs_M2_Macro_Oil__primary__Oil_Rent_Intensive_Pre2016_ge15pct,Oil_Rents_GDP_Pct_lag1,primary,Oil_Rent_Intensive_Pre2016_ge15pct,Country_Holdout_CV,OOF_ALL_FOLDS,ElasticNet,signal_increment,0.028500000000000043,0.0
M1_Macro_vs_M2_Macro_Oil__primary__Oil_Rent_Intensive_Pre2016_ge15pct,Oil_Rents_GDP_Pct_lag1,primary,Oil_Rent_Intensive_Pre2016_ge15pct,Country_Holdout_CV,OOF_ALL_FOLDS,ElasticNet,signal_increment,0.029000000000000043,0.0
M1_Macro_vs_M2_Macro_Oil__primary__Oil_Rent_Intensive_Pre2016_ge15pct,Oil_Rents_GDP_Pct_lag1,primary,Oil_Rent_Intensive_Pre2016_ge15pct,Country_Holdout_CV,OOF_ALL_FOLDS,ElasticNet,signal_increment,0.029500000000000044,0.0
M1_Macro_vs_M2_Macro_Oil__primary__Oil_Rent_Intensive_Pre2016_ge15pct,Oil_Rents_GDP_Pct_lag1,primary,Oil_Rent_Intensive_Pre2016_ge15pct,Country_Holdout_CV,OOF_ALL_FOLDS,ElasticNet,signal_increment,0.030000000000000044,0.0
M1_Macro_vs_M2_Macro_Oil__primary__Oil_Rent_Intensive_Pre2016_ge15pct,Oil_Rents_GDP_Pct_lag1,primary,Oil_Rent_Intensive_Pre2016_ge15pct,Country_Holdout_CV,OOF_ALL_FOLDS,ElasticNet,added_model_vs_strongest_benchmark,-0.02,0.9985
M1_Macro_vs_M2_Macro_Oil__primary__Oil_Rent_Intensive_Pre2016_ge15pct,Oil_Rents_GDP_Pct_lag1,primary,Oil_Rent_Intensive_Pre2016_ge15pct,Country_Holdout_CV,OOF_ALL_FOLDS,ElasticNet,added_model_vs_strongest_benchmark,-0.0195,0.9985
M1_Macro_vs_M2_Macro_Oil__primary__Oil_Rent_Intensive_Pre2016_ge15pct,Oil_Rents_GDP_Pct_lag1,primary,Oil_Rent_Intensive_Pre2016_ge15pct,Country_Holdout_CV,OOF_ALL_FOLDS,ElasticNet,added_model_vs_strongest_benchmark,-0.019,0.9985
M1_Macro_vs_M2_Macro_Oil__primary__Oil_Rent_Intensive_Pre2016_ge15pct,Oil_Rents_GDP_Pct_lag1,primary,Oil_Rent_Intensive_Pre2016_ge15pct,Country_Holdout_CV,OOF_ALL_FOLDS,ElasticNet,added_model_vs_strongest_benchmark,-0.0185,0.998
M1_Macro_vs_M2_Macro_Oil__primary__Oil_Rent_Intensive_Pre2016_ge15pct,Oil_Rents_GDP_Pct_lag1,primary,Oil_Rent_Intensive_Pre2016_ge15pct,Country_Holdout_CV,OOF_ALL_FOLDS,ElasticNet,added_model_vs_strongest_benchmark,-0.018,0.998
M1_Macro_vs_M2_Macro_Oil__primary__Oil_Rent_Intensive_Pre2016_ge15pct,Oil_Rents_GDP_Pct_lag1,primary,Oil_Rent_Intensive_Pre2016_ge15pct,Country_Holdout_CV,OOF_ALL_FOLDS,ElasticNet,added_model_vs_strongest_benchmark,-0.017499999999999998,0.998
M1_Macro_vs_M2_Macro_Oil__primary__Oil_Rent_Intensive_Pre2016_ge15pct,Oil_Rents_GDP_Pct_lag1,primary,Oil_Rent_Intensive_Pre2016_ge15pct,Country_Holdout_CV,OOF_ALL_FOLDS,ElasticNet,added_model_vs_strongest_benchmark,-0.016999999999999998,0.998
M1_Macro_vs_M2_Macro_Oil__primary__Oil_Rent_Intensive_Pre2016_ge15pct,Oil_Rents_GDP_Pct_lag1,primary,Oil_Rent_Intensive_Pre2016_ge15pct,Country_Holdout_CV,OOF_ALL_FOLDS,ElasticNet,added_model_vs_strongest_benchmark,-0.016499999999999997,0.998
M1_Macro_vs_M2_Macro_Oil__primary__Oil_Rent_Intensive_Pre2016_ge15pct,Oil_Rents_GDP_Pct_lag1,primary,Oil_Rent_Intensive_Pre2016_ge15pct,Country_Holdout_CV,OOF_ALL_FOLDS,ElasticNet,added_model_vs_strongest_benchmark,-0.015999999999999997,0.998
M1_Macro_vs_M2_Macro_Oil__primary__Oil_Rent_Intensive_Pre2016_ge15pct,Oil_Rents_GDP_Pct_lag1,primary,Oil_Rent_Intensive_Pre2016_ge15pct,Country_Holdout_CV,OOF_ALL_FOLDS,ElasticNet,added_model_vs_strongest_benchmark,-0.015499999999999996,0.998
M1_Macro_vs_M2_Macro_Oil__primary__Oil_Rent_Intensive_Pre2016_ge15pct,Oil_Rents_GDP_Pct_lag1,primary,Oil_Rent_Intensive_Pre2016_ge15pct,Country_Holdout_CV,OOF_ALL_FOLDS,ElasticNet,added_model_vs_strongest_benchmark,-0.014999999999999996,0.998
M1_Macro_vs_M2_Macro_Oil__primary__Oil_Rent_Intensive_Pre2016_ge15pct,Oil_Rents_GDP_Pct_lag1,primary,Oil_Rent_Intensive_Pre2016_ge15pct,Country_Holdout_CV,OOF_ALL_FOLDS,ElasticNet,added_model_vs_strongest_benchmark,-0.014499999999999996,0.998
M1_Macro_vs_M2_Macro_Oil__primary__Oil_Rent_Intensive_Pre2016_ge15pct,Oil_Rents_GDP_Pct_lag1,primary,Oil_Rent_Intensive_Pre2016_ge15pct,Country_Holdout_CV,OOF_ALL_FOLDS,ElasticNet,added_model_vs_strongest_benchmark,-0.013999999999999995,0.998
M1_Macro_vs_M2_Macro_Oil__primary__Oil_Rent_Intensive_Pre2016_ge15pct,Oil_Rents_GDP_Pct_lag1,primary,Oil_Rent_Intensive_Pre2016_ge15pct,Country_Holdout_CV,OOF_ALL_FOLDS,ElasticNet,added_model_vs_strongest_benchmark,-0.013499999999999995,0.998
M1_Macro_vs_M2_Macro_Oil__primary__Oil_Rent_Intensive_Pre2016_ge15pct,Oil_Rents_GDP_Pct_lag1,primary,Oil_Rent_Intensive_Pre2016_ge15pct,Country_Holdout_CV,OOF_ALL_FOLDS,ElasticNet,added_model_vs_strongest_benchmark,-0.012999999999999994,0.998
M1_Macro_vs_M2_Macro_Oil__primary__Oil_Rent_Intensive_Pre2016_ge15pct,Oil_Rents_GDP_Pct_lag1,primary,Oil_Rent_Intensive_Pre2016_ge15pct,Country_Holdout_CV,OOF_ALL_FOLDS,ElasticNet,added_model_vs_strongest_benchmark,-0.012499999999999994,0.998
M1_Macro_vs_M2_Macro_Oil__primary__Oil_Rent_Intensive_Pre2016_ge15pct,Oil_Rents_GDP_Pct_lag1,primary,Oil_Rent_Intensive_Pre2016_ge15pct,Country_Holdout_CV,OOF_ALL_FOLDS,ElasticNet,added_model_vs_strongest_benchmark,-0.011999999999999993,0.998
M1_Macro_vs_M2_Macro_Oil__primary__Oil_Rent_Intensive_Pre2016_ge15pct,Oil_Rents_GDP_Pct_lag1,primary,Oil_Rent_Intensive_Pre2016_ge15pct,Country_Holdout_CV,OOF_ALL_FOLDS,ElasticNet,added_model_vs_strongest_benchmark,-0.011499999999999993,0.9975
M1_Macro_vs_M2_Macro_Oil__primary__Oil_Rent_Intensive_Pre2016_ge15pct,Oil_Rents_GDP_Pct_lag1,primary,Oil_Rent_Intensive_Pre2016_ge15pct,Country_Holdout_CV,OOF_ALL_FOLDS,ElasticNet,added_model_vs_strongest_benchmark,-0.010999999999999992,0.9975
M1_Macro_vs_M2_Macro_Oil__primary__Oil_Rent_Intensive_Pre2016_ge15pct,Oil_Rents_GDP_Pct_lag1,primary,Oil_Rent_Intensive_Pre2016_ge15pct,Country_Holdout_CV,OOF_ALL_FOLDS,ElasticNet,added_model_vs_strongest_benchmark,-0.010499999999999992,0.9975
M1_Macro_vs_M2_Macro_Oil__primary__Oil_Rent_Intensive_Pre2016_ge15pct,Oil_Rents_GDP_Pct_lag1,primary,Oil_Rent_Intensive_Pre2016_ge15pct,Country_Holdout_CV,OOF_ALL_FOLDS,ElasticNet,added_model_vs_strongest_benchmark,-0.009999999999999992,0.9975
M1_Macro_vs_M2_Macro_Oil__primary__Oil_Rent_Intensive_Pre2016_ge15pct,Oil_Rents_GDP_Pct_lag1,primary,Oil_Rent_Intensive_Pre2016_ge15pct,Country_Holdout_CV,OOF_ALL_FOLDS,ElasticNet,added_model_vs_strongest_benchmark,-0.009499999999999991,0.9975
M1_Macro_vs_M2_Macro_Oil__primary__Oil_Rent_Intensive_Pre2016_ge15pct,Oil_Rents_GDP_Pct_lag1,primary,Oil_Rent_Intensive_Pre2016_ge15pct,Country_Holdout_CV,OOF_ALL_FOLDS,ElasticNet,added_model_vs_strongest_benchmark,-0.00899999999999999,0.9975
M1_Macro_vs_M2_Macro_Oil__primary__Oil_Rent_Intensive_Pre2016_ge15pct,Oil_Rents_GDP_Pct_lag1,primary,Oil_Rent_Intensive_Pre2016_ge15pct,Country_Holdout_CV,OOF_ALL_FOLDS,ElasticNet,added_model_vs_strongest_benchmark,-0.00849999999999999,0.9975
M1_Macro_vs_M2_Macro_Oil__primary__Oil_Rent_Intensive_Pre2016_ge15pct,Oil_Rents_GDP_Pct_lag1,primary,Oil_Rent_Intensive_Pre2016_ge15pct,Country_Holdout_CV,OOF_ALL_FOLDS,ElasticNet,added_model_vs_strongest_benchmark,-0.00799999999999999,0.9975
M1_Macro_vs_M2_Macro_Oil__primary__Oil_Rent_Intensive_Pre2016_ge15pct,Oil_Rents_GDP_Pct_lag1,primary,Oil_Rent_Intensive_Pre2016_ge15pct,Country_Holdout_CV,OOF_ALL_FOLDS,ElasticNet,added_model_vs_strongest_benchmark,-0.007499999999999989,0.9975
M1_Macro_vs_M2_Macro_Oil__primary__Oil_Rent_Intensive_Pre2016_ge15pct,Oil_Rents_GDP_Pct_lag1,primary,Oil_Rent_Intensive_Pre2016_ge15pct,Country_Holdout_CV,OOF_ALL_FOLDS,ElasticNet,added_model_vs_strongest_benchmark,-0.006999999999999989,0.997
M1_Macro_vs_M2_Macro_Oil__primary__Oil_Rent_Intensive_Pre2016_ge15pct,Oil_Rents_GDP_Pct_lag1,primary,Oil_Rent_Intensive_Pre2016_ge15pct,Country_Holdout_CV,OOF_ALL_FOLDS,ElasticNet,added_model_vs_strongest_benchmark,-0.006499999999999988,0.997
M1_Macro_vs_M2_Macro_Oil__primary__Oil_Rent_Intensive_Pre2016_ge15pct,Oil_Rents_GDP_Pct_lag1,primary,Oil_Rent_Intensive_Pre2016_ge15pct,Country_Holdout_CV,OOF_ALL_FOLDS,ElasticNet,added_model_vs_strongest_benchmark,-0.005999999999999988,0.997
M1_Macro_vs_M2_Macro_Oil__primary__Oil_Rent_Intensive_Pre2016_ge15pct,Oil_Rents_GDP_Pct_lag1,primary,Oil_Rent_Intensive_Pre2016_ge15pct,Country_Holdout_CV,OOF_ALL_FOLDS,ElasticNet,added_model_vs_strongest_benchmark,-0.0054999999999999875,0.9965
M1_Macro_vs_M2_Macro_Oil__primary__Oil_Rent_Intensive_Pre2016_ge15pct,Oil_Rents_GDP_Pct_lag1,primary,Oil_Rent_Intensive_Pre2016_ge15pct,Country_Holdout_CV,OOF_ALL_FOLDS,ElasticNet,added_model_vs_strongest_benchmark,-0.004999999999999987,0.9965
M1_Macro_vs_M2_Macro_Oil__primary__Oil_Rent_Intensive_Pre2016_ge15pct,Oil_Rents_GDP_Pct_lag1,primary,Oil_Rent_Intensive_Pre2016_ge15pct,Country_Holdout_CV,OOF_ALL_FOLDS,ElasticNet,added_model_vs_strongest_benchmark,-0.004499999999999987,0.9965
M1_Macro_vs_M2_Macro_Oil__primary__Oil_Rent_Intensive_Pre2016_ge15pct,Oil_Rents_GDP_Pct_lag1,primary,Oil_Rent_Intensive_Pre2016_ge15pct,Country_Holdout_CV,OOF_ALL_FOLDS,ElasticNet,added_model_vs_strongest_benchmark,-0.003999999999999986,0.9965
M1_Macro_vs_M2_Macro_Oil__primary__Oil_Rent_Intensive_Pre2016_ge15pct,Oil_Rents_GDP_Pct_lag1,primary,Oil_Rent_Intensive_Pre2016_ge15pct,Country_Holdout_CV,OOF_ALL_FOLDS,ElasticNet,added_model_vs_strongest_benchmark,-0.0034999999999999858,0.9965
M1_Macro_vs_M2_Macro_Oil__primary__Oil_Rent_Intensive_Pre2016_ge15pct,Oil_Rents_GDP_Pct_lag1,primary,Oil_Rent_Intensive_Pre2016_ge15pct,Country_Holdout_CV,OOF_ALL_FOLDS,ElasticNet,added_model_vs_strongest_benchmark,-0.0029999999999999853,0.9965
M1_Macro_vs_M2_Macro_Oil__primary__Oil_Rent_Intensive_Pre2016_ge15pct,Oil_Rents_GDP_Pct_lag1,primary,Oil_Rent_Intensive_Pre2016_ge15pct,Country_Holdout_CV,OOF_ALL_FOLDS,ElasticNet,added_model_vs_strongest_benchmark,-0.002499999999999985,0.9965
M1_Macro_vs_M2_Macro_Oil__primary__Oil_Rent_Intensive_Pre2016_ge15pct,Oil_Rents_GDP_Pct_lag1,primary,Oil_Rent_Intensive_Pre2016_ge15pct,Country_Holdout_CV,OOF_ALL_FOLDS,ElasticNet,added_model_vs_strongest_benchmark,-0.0019999999999999844,0.9965
M1_Macro_vs_M2_Macro_Oil__primary__Oil_Rent_Intensive_Pre2016_ge15pct,Oil_Rents_GDP_Pct_lag1,primary,Oil_Rent_Intensive_Pre2016_ge15pct,Country_Holdout_CV,OOF_ALL_FOLDS,ElasticNet,added_model_vs_strongest_benchmark,-0.001499999999999984,0.9965
M1_Macro_vs_M2_Macro_Oil__primary__Oil_Rent_Intensive_Pre2016_ge15pct,Oil_Rents_GDP_Pct_lag1,primary,Oil_Rent_Intensive_Pre2016_ge15pct,Country_Holdout_CV,OOF_ALL_FOLDS,ElasticNet,added_model_vs_strongest_benchmark,-0.0009999999999999835,0.9965
M1_Macro_vs_M2_Macro_Oil__primary__Oil_Rent_Intensive_Pre2016_ge15pct,Oil_Rents_GDP_Pct_lag1,primary,Oil_Rent_Intensive_Pre2016_ge15pct,Country_Holdout_CV,OOF_ALL_FOLDS,ElasticNet,added_model_vs_strongest_benchmark,-0.0004999999999999831,0.9965
M1_Macro_vs_M2_Macro_Oil__primary__Oil_Rent_Intensive_Pre2016_ge15pct,Oil_Rents_GDP_Pct_lag1,primary,Oil_Rent_Intensive_Pre2016_ge15pct,Country_Holdout_CV,OOF_ALL_FOLDS,ElasticNet,added_model_vs_strongest_benchmark,1.734723475976807e-17,0.9965
M1_Macro_vs_M2_Macro_Oil__primary__Oil_Rent_Intensive_Pre2016_ge15pct,Oil_Rents_GDP_Pct_lag1,primary,Oil_Rent_Intensive_Pre2016_ge15pct,Country_Holdout_CV,OOF_ALL_FOLDS,ElasticNet,added_model_vs_strongest_benchmark,0.0005000000000000178,0.9955
M1_Macro_vs_M2_Macro_Oil__primary__Oil_Rent_Intensive_Pre2016_ge15pct,Oil_Rents_GDP_Pct_lag1,primary,Oil_Rent_Intensive_Pre2016_ge15pct,Country_Holdout_CV,OOF_ALL_FOLDS,ElasticNet,added_model_vs_strongest_benchmark,0.0010000000000000182,0.9955
M1_Macro_vs_M2_Macro_Oil__primary__Oil_Rent_Intensive_Pre2016_ge15pct,Oil_Rents_GDP_Pct_lag1,primary,Oil_Rent_Intensive_Pre2016_ge15pct,Country_Holdout_CV,OOF_ALL_FOLDS,ElasticNet,added_model_vs_strongest_benchmark,0.0015000000000000187,0.995
M1_Macro_vs_M2_Macro_Oil__primary__Oil_Rent_Intensive_Pre2016_ge15pct,Oil_Rents_GDP_Pct_lag1,primary,Oil_Rent_Intensive_Pre2016_ge15pct,Country_Holdout_CV,OOF_ALL_FOLDS,ElasticNet,added_model_vs_strongest_benchmark,0.002000000000000019,0.995
M1_Macro_vs_M2_Macro_Oil__primary__Oil_Rent_Intensive_Pre2016_ge15pct,Oil_Rents_GDP_Pct_lag1,primary,Oil_Rent_Intensive_Pre2016_ge15pct,Country_Holdout_CV,OOF_ALL_FOLDS,ElasticNet,added_model_vs_strongest_benchmark,0.0025000000000000196,0.995
M1_Macro_vs_M2_Macro_Oil__primary__Oil_Rent_Intensive_Pre2016_ge15pct,Oil_Rents_GDP_Pct_lag1,primary,Oil_Rent_Intensive_Pre2016_ge15pct,Country_Holdout_CV,OOF_ALL_FOLDS,ElasticNet,added_model_vs_strongest_benchmark,0.00300000000000002,0.995
M1_Macro_vs_M2_Macro_Oil__primary__Oil_Rent_Intensive_Pre2016_ge15pct,Oil_Rents_GDP_Pct_lag1,primary,Oil_Rent_Intensive_Pre2016_ge15pct,Country_Holdout_CV,OOF_ALL_FOLDS,ElasticNet,added_model_vs_strongest_benchmark,0.0035000000000000205,0.995
M1_Macro_vs_M2_Macro_Oil__primary__Oil_Rent_Intensive_Pre2016_ge15pct,Oil_Rents_GDP_Pct_lag1,primary,Oil_Rent_Intensive_Pre2016_ge15pct,Country_Holdout_CV,OOF_ALL_FOLDS,ElasticNet,added_model_vs_strongest_benchmark,0.004000000000000021,0.995
M1_Macro_vs_M2_Macro_Oil__primary__Oil_Rent_Intensive_Pre2016_ge15pct,Oil_Rents_GDP_Pct_lag1,primary,Oil_Rent_Intensive_Pre2016_ge15pct,Country_Holdout_CV,OOF_ALL_FOLDS,ElasticNet,added_model_vs_strongest_benchmark,0.004500000000000021,0.9945
M1_Macro_vs_M2_Macro_Oil__primary__Oil_Rent_Intensive_Pre2016_ge15pct,Oil_Rents_GDP_Pct_lag1,primary,Oil_Rent_Intensive_Pre2016_ge15pct,Country_Holdout_CV,OOF_ALL_FOLDS,ElasticNet,added_model_vs_strongest_benchmark,0.005000000000000022,0.9945
M1_Macro_vs_M2_Macro_Oil__primary__Oil_Rent_Intensive_Pre2016_ge15pct,Oil_Rents_GDP_Pct_lag1,primary,Oil_Rent_Intensive_Pre2016_ge15pct,Country_Holdout_CV,OOF_ALL_FOLDS,ElasticNet,added_model_vs_strongest_benchmark,0.005500000000000022,0.9945
M1_Macro_vs_M2_Macro_Oil__primary__Oil_Rent_Intensive_Pre2016_ge15pct,Oil_Rents_GDP_Pct_lag1,primary,Oil_Rent_Intensive_Pre2016_ge15pct,Country_Holdout_CV,OOF_ALL_FOLDS,ElasticNet,added_model_vs_strongest_benchmark,0.006000000000000023,0.993
M1_Macro_vs_M2_Macro_Oil__primary__Oil_Rent_Intensive_Pre2016_ge15pct,Oil_Rents_GDP_Pct_lag1,primary,Oil_Rent_Intensive_Pre2016_ge15pct,Country_Holdout_CV,OOF_ALL_FOLDS,ElasticNet,added_model_vs_strongest_benchmark,0.006500000000000023,0.993
M1_Macro_vs_M2_Macro_Oil__primary__Oil_Rent_Intensive_Pre2016_ge15pct,Oil_Rents_GDP_Pct_lag1,primary,Oil_Rent_Intensive_Pre2016_ge15pct,Country_Holdout_CV,OOF_ALL_FOLDS,ElasticNet,added_model_vs_strongest_benchmark,0.0070000000000000236,0.993
M1_Macro_vs_M2_Macro_Oil__primary__Oil_Rent_Intensive_Pre2016_ge15pct,Oil_Rents_GDP_Pct_lag1,primary,Oil_Rent_Intensive_Pre2016_ge15pct,Country_Holdout_CV,OOF_ALL_FOLDS,ElasticNet,added_model_vs_strongest_benchmark,0.007500000000000024,0.993
M1_Macro_vs_M2_Macro_Oil__primary__Oil_Rent_Intensive_Pre2016_ge15pct,Oil_Rents_GDP_Pct_lag1,primary,Oil_Rent_Intensive_Pre2016_ge15pct,Country_Holdout_CV,OOF_ALL_FOLDS,ElasticNet,added_model_vs_strongest_benchmark,0.008000000000000024,0.993
M1_Macro_vs_M2_Macro_Oil__primary__Oil_Rent_Intensive_Pre2016_ge15pct,Oil_Rents_GDP_Pct_lag1,primary,Oil_Rent_Intensive_Pre2016_ge15pct,Country_Holdout_CV,OOF_ALL_FOLDS,ElasticNet,added_model_vs_strongest_benchmark,0.008500000000000025,0.9925
M1_Macro_vs_M2_Macro_Oil__primary__Oil_Rent_Intensive_Pre2016_ge15pct,Oil_Rents_GDP_Pct_lag1,primary,Oil_Rent_Intensive_Pre2016_ge15pct,Country_Holdout_CV,OOF_ALL_FOLDS,ElasticNet,added_model_vs_strongest_benchmark,0.009000000000000025,0.9915
M1_Macro_vs_M2_Macro_Oil__primary__Oil_Rent_Intensive_Pre2016_ge15pct,Oil_Rents_GDP_Pct_lag1,primary,Oil_Rent_Intensive_Pre2016_ge15pct,Country_Holdout_CV,OOF_ALL_FOLDS,ElasticNet,added_model_vs_strongest_benchmark,0.009500000000000026,0.991
M1_Macro_vs_M2_Macro_Oil__primary__Oil_Rent_Intensive_Pre2016_ge15pct,Oil_Rents_GDP_Pct_lag1,primary,Oil_Rent_Intensive_Pre2016_ge15pct,Country_Holdout_CV,OOF_ALL_FOLDS,ElasticNet,added_model_vs_strongest_benchmark,0.010000000000000026,0.9905
M1_Macro_vs_M2_Macro_Oil__primary__Oil_Rent_Intensive_Pre2016_ge15pct,Oil_Rents_GDP_Pct_lag1,primary,Oil_Rent_Intensive_Pre2016_ge15pct,Country_Holdout_CV,OOF_ALL_FOLDS,ElasticNet,added_model_vs_strongest_benchmark,0.010500000000000027,0.99
M1_Macro_vs_M2_Macro_Oil__primary__Oil_Rent_Intensive_Pre2016_ge15pct,Oil_Rents_GDP_Pct_lag1,primary,Oil_Rent_Intensive_Pre2016_ge15pct,Country_Holdout_CV,OOF_ALL_FOLDS,ElasticNet,added_model_vs_strongest_benchmark,0.011000000000000027,0.99
M1_Macro_vs_M2_Macro_Oil__primary__Oil_Rent_Intensive_Pre2016_ge15pct,Oil_Rents_GDP_Pct_lag1,primary,Oil_Rent_Intensive_Pre2016_ge15pct,Country_Holdout_CV,OOF_ALL_FOLDS,ElasticNet,added_model_vs_strongest_benchmark,0.011500000000000028,0.99
M1_Macro_vs_M2_Macro_Oil__primary__Oil_Rent_Intensive_Pre2016_ge15pct,Oil_Rents_GDP_Pct_lag1,primary,Oil_Rent_Intensive_Pre2016_ge15pct,Country_Holdout_CV,OOF_ALL_FOLDS,ElasticNet,added_model_vs_strongest_benchmark,0.012000000000000028,0.989
M1_Macro_vs_M2_Macro_Oil__primary__Oil_Rent_Intensive_Pre2016_ge15pct,Oil_Rents_GDP_Pct_lag1,primary,Oil_Rent_Intensive_Pre2016_ge15pct,Country_Holdout_CV,OOF_ALL_FOLDS,ElasticNet,added_model_vs_strongest_benchmark,0.012500000000000028,0.989
M1_Macro_vs_M2_Macro_Oil__primary__Oil_Rent_Intensive_Pre2016_ge15pct,Oil_Rents_GDP_Pct_lag1,primary,Oil_Rent_Intensive_Pre2016_ge15pct,Country_Holdout_CV,OOF_ALL_FOLDS,ElasticNet,added_model_vs_strongest_benchmark,0.013000000000000029,0.988
M1_Macro_vs_M2_Macro_Oil__primary__Oil_Rent_Intensive_Pre2016_ge15pct,Oil_Rents_GDP_Pct_lag1,primary,Oil_Rent_Intensive_Pre2016_ge15pct,Country_Holdout_CV,OOF_ALL_FOLDS,ElasticNet,added_model_vs_strongest_benchmark,0.01350000000000003,0.988
M1_Macro_vs_M2_Macro_Oil__primary__Oil_Rent_Intensive_Pre2016_ge15pct,Oil_Rents_GDP_Pct_lag1,primary,Oil_Rent_Intensive_Pre2016_ge15pct,Country_Holdout_CV,OOF_ALL_FOLDS,ElasticNet,added_model_vs_strongest_benchmark,0.01400000000000003,0.988
M1_Macro_vs_M2_Macro_Oil__primary__Oil_Rent_Intensive_Pre2016_ge15pct,Oil_Rents_GDP_Pct_lag1,primary,Oil_Rent_Intensive_Pre2016_ge15pct,Country_Holdout_CV,OOF_ALL_FOLDS,ElasticNet,added_model_vs_strongest_benchmark,0.01450000000000003,0.988
M1_Macro_vs_M2_Macro_Oil__primary__Oil_Rent_Intensive_Pre2016_ge15pct,Oil_Rents_GDP_Pct_lag1,primary,Oil_Rent_Intensive_Pre2016_ge15pct,Country_Holdout_CV,OOF_ALL_FOLDS,ElasticNet,added_model_vs_strongest_benchmark,0.01500000000000003,0.988
M1_Macro_vs_M2_Macro_Oil__primary__Oil_Rent_Intensive_Pre2016_ge15pct,Oil_Rents_GDP_Pct_lag1,primary,Oil_Rent_Intensive_Pre2016_ge15pct,Country_Holdout_CV,OOF_ALL_FOLDS,ElasticNet,added_model_vs_strongest_benchmark,0.015500000000000031,0.9875
M1_Macro_vs_M2_Macro_Oil__primary__Oil_Rent_Intensive_Pre2016_ge15pct,Oil_Rents_GDP_Pct_lag1,primary,Oil_Rent_Intensive_Pre2016_ge15pct,Country_Holdout_CV,OOF_ALL_FOLDS,ElasticNet,added_model_vs_strongest_benchmark,0.01600000000000003,0.987
M1_Macro_vs_M2_Macro_Oil__primary__Oil_Rent_Intensive_Pre2016_ge15pct,Oil_Rents_GDP_Pct_lag1,primary,Oil_Rent_Intensive_Pre2016_ge15pct,Country_Holdout_CV,OOF_ALL_FOLDS,ElasticNet,added_model_vs_strongest_benchmark,0.016500000000000032,0.987
M1_Macro_vs_M2_Macro_Oil__primary__Oil_Rent_Intensive_Pre2016_ge15pct,Oil_Rents_GDP_Pct_lag1,primary,Oil_Rent_Intensive_Pre2016_ge15pct,Country_Holdout_CV,OOF_ALL_FOLDS,ElasticNet,added_model_vs_strongest_benchmark,0.017000000000000032,0.9865
M1_Macro_vs_M2_Macro_Oil__primary__Oil_Rent_Intensive_Pre2016_ge15pct,Oil_Rents_GDP_Pct_lag1,primary,Oil_Rent_Intensive_Pre2016_ge15pct,Country_Holdout_CV,OOF_ALL_FOLDS,ElasticNet,added_model_vs_strongest_benchmark,0.017500000000000033,0.9865
M1_Macro_vs_M2_Macro_Oil__primary__Oil_Rent_Intensive_Pre2016_ge15pct,Oil_Rents_GDP_Pct_lag1,primary,Oil_Rent_Intensive_Pre2016_ge15pct,Country_Holdout_CV,OOF_ALL_FOLDS,ElasticNet,added_model_vs_strongest_benchmark,0.018000000000000033,0.9865
M1_Macro_vs_M2_Macro_Oil__primary__Oil_Rent_Intensive_Pre2016_ge15pct,Oil_Rents_GDP_Pct_lag1,primary,Oil_Rent_Intensive_Pre2016_ge15pct,Country_Holdout_CV,OOF_ALL_FOLDS,ElasticNet,added_model_vs_strongest_benchmark,0.018500000000000034,0.9855
M1_Macro_vs_M2_Macro_Oil__primary__Oil_Rent_Intensive_Pre2016_ge15pct,Oil_Rents_GDP_Pct_lag1,primary,Oil_Rent_Intensive_Pre2016_ge15pct,Country_Holdout_CV,OOF_ALL_FOLDS,ElasticNet,added_model_vs_strongest_benchmark,0.019000000000000034,0.985
M1_Macro_vs_M2_Macro_Oil__primary__Oil_Rent_Intensive_Pre2016_ge15pct,Oil_Rents_GDP_Pct_lag1,primary,Oil_Rent_Intensive_Pre2016_ge15pct,Country_Holdout_CV,OOF_ALL_FOLDS,ElasticNet,added_model_vs_strongest_benchmark,0.019500000000000035,0.985
M1_Macro_vs_M2_Macro_Oil__primary__Oil_Rent_Intensive_Pre2016_ge15pct,Oil_Rents_GDP_Pct_lag1,primary,Oil_Rent_Intensive_Pre2016_ge15pct,Country_Holdout_CV,OOF_ALL_FOLDS,ElasticNet,added_model_vs_strongest_benchmark,0.020000000000000035,0.9845
M1_Macro_vs_M2_Macro_Oil__primary__Oil_Rent_Intensive_Pre2016_ge15pct,Oil_Rents_GDP_Pct_lag1,primary,Oil_Rent_Intensive_Pre2016_ge15pct,Country_Holdout_CV,OOF_ALL_FOLDS,ElasticNet,added_model_vs_strongest_benchmark,0.020500000000000036,0.984
M1_Macro_vs_M2_Macro_Oil__primary__Oil_Rent_Intensive_Pre2016_ge15pct,Oil_Rents_GDP_Pct_lag1,primary,Oil_Rent_Intensive_Pre2016_ge15pct,Country_Holdout_CV,OOF_ALL_FOLDS,ElasticNet,added_model_vs_strongest_benchmark,0.021000000000000036,0.984
M1_Macro_vs_M2_Macro_Oil__primary__Oil_Rent_Intensive_Pre2016_ge15pct,Oil_Rents_GDP_Pct_lag1,primary,Oil_Rent_Intensive_Pre2016_ge15pct,Country_Holdout_CV,OOF_ALL_FOLDS,ElasticNet,added_model_vs_strongest_benchmark,0.021500000000000036,0.984
M1_Macro_vs_M2_Macro_Oil__primary__Oil_Rent_Intensive_Pre2016_ge15pct,Oil_Rents_GDP_Pct_lag1,primary,Oil_Rent_Intensive_Pre2016_ge15pct,Country_Holdout_CV,OOF_ALL_FOLDS,ElasticNet,added_model_vs_strongest_benchmark,0.022000000000000037,0.984
M1_Macro_vs_M2_Macro_Oil__primary__Oil_Rent_Intensive_Pre2016_ge15pct,Oil_Rents_GDP_Pct_lag1,primary,Oil_Rent_Intensive_Pre2016_ge15pct,Country_Holdout_CV,OOF_ALL_FOLDS,ElasticNet,added_model_vs_strongest_benchmark,0.022500000000000037,0.984
M1_Macro_vs_M2_Macro_Oil__primary__Oil_Rent_Intensive_Pre2016_ge15pct,Oil_Rents_GDP_Pct_lag1,primary,Oil_Rent_Intensive_Pre2016_ge15pct,Country_Holdout_CV,OOF_ALL_FOLDS,ElasticNet,added_model_vs_strongest_benchmark,0.023000000000000038,0.984
M1_Macro_vs_M2_Macro_Oil__primary__Oil_Rent_Intensive_Pre2016_ge15pct,Oil_Rents_GDP_Pct_lag1,primary,Oil_Rent_Intensive_Pre2016_ge15pct,Country_Holdout_CV,OOF_ALL_FOLDS,ElasticNet,added_model_vs_strongest_benchmark,0.023500000000000038,0.9835
M1_Macro_vs_M2_Macro_Oil__primary__Oil_Rent_Intensive_Pre2016_ge15pct,Oil_Rents_GDP_Pct_lag1,primary,Oil_Rent_Intensive_Pre2016_ge15pct,Country_Holdout_CV,OOF_ALL_FOLDS,ElasticNet,added_model_vs_strongest_benchmark,0.02400000000000004,0.983
M1_Macro_vs_M2_Macro_Oil__primary__Oil_Rent_Intensive_Pre2016_ge15pct,Oil_Rents_GDP_Pct_lag1,primary,Oil_Rent_Intensive_Pre2016_ge15pct,Country_Holdout_CV,OOF_ALL_FOLDS,ElasticNet,added_model_vs_strongest_benchmark,0.02450000000000004,0.983
M1_Macro_vs_M2_Macro_Oil__primary__Oil_Rent_Intensive_Pre2016_ge15pct,Oil_Rents_GDP_Pct_lag1,primary,Oil_Rent_Intensive_Pre2016_ge15pct,Country_Holdout_CV,OOF_ALL_FOLDS,ElasticNet,added_model_vs_strongest_benchmark,0.02500000000000004,0.981
M1_Macro_vs_M2_Macro_Oil__primary__Oil_Rent_Intensive_Pre2016_ge15pct,Oil_Rents_GDP_Pct_lag1,primary,Oil_Rent_Intensive_Pre2016_ge15pct,Country_Holdout_CV,OOF_ALL_FOLDS,ElasticNet,added_model_vs_strongest_benchmark,0.02550000000000004,0.9805
M1_Macro_vs_M2_Macro_Oil__primary__Oil_Rent_Intensive_Pre2016_ge15pct,Oil_Rents_GDP_Pct_lag1,primary,Oil_Rent_Intensive_Pre2016_ge15pct,Country_Holdout_CV,OOF_ALL_FOLDS,ElasticNet,added_model_vs_strongest_benchmark,0.02600000000000004,0.98
M1_Macro_vs_M2_Macro_Oil__primary__Oil_Rent_Intensive_Pre2016_ge15pct,Oil_Rents_GDP_Pct_lag1,primary,Oil_Rent_Intensive_Pre2016_ge15pct,Country_Holdout_CV,OOF_ALL_FOLDS,ElasticNet,added_model_vs_strongest_benchmark,0.02650000000000004,0.979
M1_Macro_vs_M2_Macro_Oil__primary__Oil_Rent_Intensive_Pre2016_ge15pct,Oil_Rents_GDP_Pct_lag1,primary,Oil_Rent_Intensive_Pre2016_ge15pct,Country_Holdout_CV,OOF_ALL_FOLDS,ElasticNet,added_model_vs_strongest_benchmark,0.02700000000000004,0.979
M1_Macro_vs_M2_Macro_Oil__primary__Oil_Rent_Intensive_Pre2016_ge15pct,Oil_Rents_GDP_Pct_lag1,primary,Oil_Rent_Intensive_Pre2016_ge15pct,Country_Holdout_CV,OOF_ALL_FOLDS,ElasticNet,added_model_vs_strongest_benchmark,0.027500000000000042,0.9785
M1_Macro_vs_M2_Macro_Oil__primary__Oil_Rent_Intensive_Pre2016_ge15pct,Oil_Rents_GDP_Pct_lag1,primary,Oil_Rent_Intensive_Pre2016_ge15pct,Country_Holdout_CV,OOF_ALL_FOLDS,ElasticNet,added_model_vs_strongest_benchmark,0.028000000000000042,0.9785
M1_Macro_vs_M2_Macro_Oil__primary__Oil_Rent_Intensive_Pre2016_ge15pct,Oil_Rents_GDP_Pct_lag1,primary,Oil_Rent_Intensive_Pre2016_ge15pct,Country_Holdout_CV,OOF_ALL_FOLDS,ElasticNet,added_model_vs_strongest_benchmark,0.028500000000000043,0.978
M1_Macro_vs_M2_Macro_Oil__primary__Oil_Rent_Intensive_Pre2016_ge15pct,Oil_Rents_GDP_Pct_lag1,primary,Oil_Rent_Intensive_Pre2016_ge15pct,Country_Holdout_CV,OOF_ALL_FOLDS,ElasticNet,added_model_vs_strongest_benchmark,0.029000000000000043,0.977
M1_Macro_vs_M2_Macro_Oil__primary__Oil_Rent_Intensive_Pre2016_ge15pct,Oil_Rents_GDP_Pct_lag1,primary,Oil_Rent_Intensive_Pre2016_ge15pct,Country_Holdout_CV,OOF_ALL_FOLDS,ElasticNet,added_model_vs_strongest_benchmark,0.029500000000000044,0.9765
M1_Macro_vs_M2_Macro_Oil__primary__Oil_Rent_Intensive_Pre2016_ge15pct,Oil_Rents_GDP_Pct_lag1,primary,Oil_Rent_Intensive_Pre2016_ge15pct,Country_Holdout_CV,OOF_ALL_FOLDS,ElasticNet,added_model_vs_strongest_benchmark,0.030000000000000044,0.9755
M1_Macro_vs_M2_Macro_Oil__primary__Oil_Rent_Intensive_Pre2016_ge15pct,Oil_Rents_GDP_Pct_lag1,primary,Oil_Rent_Intensive_Pre2016_ge15pct,Country_Holdout_CV,OOF_ALL_FOLDS,RandomForest,signal_increment,-0.02,0.735
M1_Macro_vs_M2_Macro_Oil__primary__Oil_Rent_Intensive_Pre2016_ge15pct,Oil_Rents_GDP_Pct_lag1,primary,Oil_Rent_Intensive_Pre2016_ge15pct,Country_Holdout_CV,OOF_ALL_FOLDS,RandomForest,signal_increment,-0.0195,0.7185
M1_Macro_vs_M2_Macro_Oil__primary__Oil_Rent_Intensive_Pre2016_ge15pct,Oil_Rents_GDP_Pct_lag1,primary,Oil_Rent_Intensive_Pre2016_ge15pct,Country_Holdout_CV,OOF_ALL_FOLDS,RandomForest,signal_increment,-0.019,0.7055
M1_Macro_vs_M2_Macro_Oil__primary__Oil_Rent_Intensive_Pre2016_ge15pct,Oil_Rents_GDP_Pct_lag1,primary,Oil_Rent_Intensive_Pre2016_ge15pct,Country_Holdout_CV,OOF_ALL_FOLDS,RandomForest,signal_increment,-0.0185,0.689
M1_Macro_vs_M2_Macro_Oil__primary__Oil_Rent_Intensive_Pre2016_ge15pct,Oil_Rents_GDP_Pct_lag1,primary,Oil_Rent_Intensive_Pre2016_ge15pct,Country_Holdout_CV,OOF_ALL_FOLDS,RandomForest,signal_increment,-0.018,0.6725
M1_Macro_vs_M2_Macro_Oil__primary__Oil_Rent_Intensive_Pre2016_ge15pct,Oil_Rents_GDP_Pct_lag1,primary,Oil_Rent_Intensive_Pre2016_ge15pct,Country_Holdout_CV,OOF_ALL_FOLDS,RandomForest,signal_increment,-0.017499999999999998,0.662
M1_Macro_vs_M2_Macro_Oil__primary__Oil_Rent_Intensive_Pre2016_ge15pct,Oil_Rents_GDP_Pct_lag1,primary,Oil_Rent_Intensive_Pre2016_ge15pct,Country_Holdout_CV,OOF_ALL_FOLDS,RandomForest,signal_increment,-0.016999999999999998,0.651
M1_Macro_vs_M2_Macro_Oil__primary__Oil_Rent_Intensive_Pre2016_ge15pct,Oil_Rents_GDP_Pct_lag1,primary,Oil_Rent_Intensive_Pre2016_ge15pct,Country_Holdout_CV,OOF_ALL_FOLDS,RandomForest,signal_increment,-0.016499999999999997,0.634
M1_Macro_vs_M2_Macro_Oil__primary__Oil_Rent_Intensive_Pre2016_ge15pct,Oil_Rents_GDP_Pct_lag1,primary,Oil_Rent_Intensive_Pre2016_ge15pct,Country_Holdout_CV,OOF_ALL_FOLDS,RandomForest,signal_increment,-0.015999999999999997,0.6165
M1_Macro_vs_M2_Macro_Oil__primary__Oil_Rent_Intensive_Pre2016_ge15pct,Oil_Rents_GDP_Pct_lag1,primary,Oil_Rent_Intensive_Pre2016_ge15pct,Country_Holdout_CV,OOF_ALL_FOLDS,RandomForest,signal_increment,-0.015499999999999996,0.6055
M1_Macro_vs_M2_Macro_Oil__primary__Oil_Rent_Intensive_Pre2016_ge15pct,Oil_Rents_GDP_Pct_lag1,primary,Oil_Rent_Intensive_Pre2016_ge15pct,Country_Holdout_CV,OOF_ALL_FOLDS,RandomForest,signal_increment,-0.014999999999999996,0.5915
M1_Macro_vs_M2_Macro_Oil__primary__Oil_Rent_Intensive_Pre2016_ge15pct,Oil_Rents_GDP_Pct_lag1,primary,Oil_Rent_Intensive_Pre2016_ge15pct,Country_Holdout_CV,OOF_ALL_FOLDS,RandomForest,signal_increment,-0.014499999999999996,0.572
M1_Macro_vs_M2_Macro_Oil__primary__Oil_Rent_Intensive_Pre2016_ge15pct,Oil_Rents_GDP_Pct_lag1,primary,Oil_Rent_Intensive_Pre2016_ge15pct,Country_Holdout_CV,OOF_ALL_FOLDS,RandomForest,signal_increment,-0.013999999999999995,0.5555
M1_Macro_vs_M2_Macro_Oil__primary__Oil_Rent_Intensive_Pre2016_ge15pct,Oil_Rents_GDP_Pct_lag1,primary,Oil_Rent_Intensive_Pre2016_ge15pct,Country_Holdout_CV,OOF_ALL_FOLDS,RandomForest,signal_increment,-0.013499999999999995,0.538
M1_Macro_vs_M2_Macro_Oil__primary__Oil_Rent_Intensive_Pre2016_ge15pct,Oil_Rents_GDP_Pct_lag1,primary,Oil_Rent_Intensive_Pre2016_ge15pct,Country_Holdout_CV,OOF_ALL_FOLDS,RandomForest,signal_increment,-0.012999999999999994,0.521
M1_Macro_vs_M2_Macro_Oil__primary__Oil_Rent_Intensive_Pre2016_ge15pct,Oil_Rents_GDP_Pct_lag1,primary,Oil_Rent_Intensive_Pre2016_ge15pct,Country_Holdout_CV,OOF_ALL_FOLDS,RandomForest,signal_increment,-0.012499999999999994,0.506
M1_Macro_vs_M2_Macro_Oil__primary__Oil_Rent_Intensive_Pre2016_ge15pct,Oil_Rents_GDP_Pct_lag1,primary,Oil_Rent_Intensive_Pre2016_ge15pct,Country_Holdout_CV,OOF_ALL_FOLDS,RandomForest,signal_increment,-0.011999999999999993,0.4915
M1_Macro_vs_M2_Macro_Oil__primary__Oil_Rent_Intensive_Pre2016_ge15pct,Oil_Rents_GDP_Pct_lag1,primary,Oil_Rent_Intensive_Pre2016_ge15pct,Country_Holdout_CV,OOF_ALL_FOLDS,RandomForest,signal_increment,-0.011499999999999993,0.481
M1_Macro_vs_M2_Macro_Oil__primary__Oil_Rent_Intensive_Pre2016_ge15pct,Oil_Rents_GDP_Pct_lag1,primary,Oil_Rent_Intensive_Pre2016_ge15pct,Country_Holdout_CV,OOF_ALL_FOLDS,RandomForest,signal_increment,-0.010999999999999992,0.4635
M1_Macro_vs_M2_Macro_Oil__primary__Oil_Rent_Intensive_Pre2016_ge15pct,Oil_Rents_GDP_Pct_lag1,primary,Oil_Rent_Intensive_Pre2016_ge15pct,Country_Holdout_CV,OOF_ALL_FOLDS,RandomForest,signal_increment,-0.010499999999999992,0.4505
M1_Macro_vs_M2_Macro_Oil__primary__Oil_Rent_Intensive_Pre2016_ge15pct,Oil_Rents_GDP_Pct_lag1,primary,Oil_Rent_Intensive_Pre2016_ge15pct,Country_Holdout_CV,OOF_ALL_FOLDS,RandomForest,signal_increment,-0.009999999999999992,0.4375
M1_Macro_vs_M2_Macro_Oil__primary__Oil_Rent_Intensive_Pre2016_ge15pct,Oil_Rents_GDP_Pct_lag1,primary,Oil_Rent_Intensive_Pre2016_ge15pct,Country_Holdout_CV,OOF_ALL_FOLDS,RandomForest,signal_increment,-0.009499999999999991,0.424
M1_Macro_vs_M2_Macro_Oil__primary__Oil_Rent_Intensive_Pre2016_ge15pct,Oil_Rents_GDP_Pct_lag1,primary,Oil_Rent_Intensive_Pre2016_ge15pct,Country_Holdout_CV,OOF_ALL_FOLDS,RandomForest,signal_increment,-0.00899999999999999,0.408
M1_Macro_vs_M2_Macro_Oil__primary__Oil_Rent_Intensive_Pre2016_ge15pct,Oil_Rents_GDP_Pct_lag1,primary,Oil_Rent_Intensive_Pre2016_ge15pct,Country_Holdout_CV,OOF_ALL_FOLDS,RandomForest,signal_increment,-0.00849999999999999,0.393
M1_Macro_vs_M2_Macro_Oil__primary__Oil_Rent_Intensive_Pre2016_ge15pct,Oil_Rents_GDP_Pct_lag1,primary,Oil_Rent_Intensive_Pre2016_ge15pct,Country_Holdout_CV,OOF_ALL_FOLDS,RandomForest,signal_increment,-0.00799999999999999,0.372
M1_Macro_vs_M2_Macro_Oil__primary__Oil_Rent_Intensive_Pre2016_ge15pct,Oil_Rents_GDP_Pct_lag1,primary,Oil_Rent_Intensive_Pre2016_ge15pct,Country_Holdout_CV,OOF_ALL_FOLDS,RandomForest,signal_increment,-0.007499999999999989,0.358
M1_Macro_vs_M2_Macro_Oil__primary__Oil_Rent_Intensive_Pre2016_ge15pct,Oil_Rents_GDP_Pct_lag1,primary,Oil_Rent_Intensive_Pre2016_ge15pct,Country_Holdout_CV,OOF_ALL_FOLDS,RandomForest,signal_increment,-0.006999999999999989,0.3425
M1_Macro_vs_M2_Macro_Oil__primary__Oil_Rent_Intensive_Pre2016_ge15pct,Oil_Rents_GDP_Pct_lag1,primary,Oil_Rent_Intensive_Pre2016_ge15pct,Country_Holdout_CV,OOF_ALL_FOLDS,RandomForest,signal_increment,-0.006499999999999988,0.33
M1_Macro_vs_M2_Macro_Oil__primary__Oil_Rent_Intensive_Pre2016_ge15pct,Oil_Rents_GDP_Pct_lag1,primary,Oil_Rent_Intensive_Pre2016_ge15pct,Country_Holdout_CV,OOF_ALL_FOLDS,RandomForest,signal_increment,-0.005999999999999988,0.3125
M1_Macro_vs_M2_Macro_Oil__primary__Oil_Rent_Intensive_Pre2016_ge15pct,Oil_Rents_GDP_Pct_lag1,primary,Oil_Rent_Intensive_Pre2016_ge15pct,Country_Holdout_CV,OOF_ALL_FOLDS,RandomForest,signal_increment,-0.0054999999999999875,0.302
M1_Macro_vs_M2_Macro_Oil__primary__Oil_Rent_Intensive_Pre2016_ge15pct,Oil_Rents_GDP_Pct_lag1,primary,Oil_Rent_Intensive_Pre2016_ge15pct,Country_Holdout_CV,OOF_ALL_FOLDS,RandomForest,signal_increment,-0.004999999999999987,0.2875
M1_Macro_vs_M2_Macro_Oil__primary__Oil_Rent_Intensive_Pre2016_ge15pct,Oil_Rents_GDP_Pct_lag1,primary,Oil_Rent_Intensive_Pre2016_ge15pct,Country_Holdout_CV,OOF_ALL_FOLDS,RandomForest,signal_increment,-0.004499999999999987,0.2705
M1_Macro_vs_M2_Macro_Oil__primary__Oil_Rent_Intensive_Pre2016_ge15pct,Oil_Rents_GDP_Pct_lag1,primary,Oil_Rent_Intensive_Pre2016_ge15pct,Country_Holdout_CV,OOF_ALL_FOLDS,RandomForest,signal_increment,-0.003999999999999986,0.258
M1_Macro_vs_M2_Macro_Oil__primary__Oil_Rent_Intensive_Pre2016_ge15pct,Oil_Rents_GDP_Pct_lag1,primary,Oil_Rent_Intensive_Pre2016_ge15pct,Country_Holdout_CV,OOF_ALL_FOLDS,RandomForest,signal_increment,-0.0034999999999999858,0.246
M1_Macro_vs_M2_Macro_Oil__primary__Oil_Rent_Intensive_Pre2016_ge15pct,Oil_Rents_GDP_Pct_lag1,primary,Oil_Rent_Intensive_Pre2016_ge15pct,Country_Holdout_CV,OOF_ALL_FOLDS,RandomForest,signal_increment,-0.0029999999999999853,0.23
M1_Macro_vs_M2_Macro_Oil__primary__Oil_Rent_Intensive_Pre2016_ge15pct,Oil_Rents_GDP_Pct_lag1,primary,Oil_Rent_Intensive_Pre2016_ge15pct,Country_Holdout_CV,OOF_ALL_FOLDS,RandomForest,signal_increment,-0.002499999999999985,0.2195
M1_Macro_vs_M2_Macro_Oil__primary__Oil_Rent_Intensive_Pre2016_ge15pct,Oil_Rents_GDP_Pct_lag1,primary,Oil_Rent_Intensive_Pre2016_ge15pct,Country_Holdout_CV,OOF_ALL_FOLDS,RandomForest,signal_increment,-0.0019999999999999844,0.207
M1_Macro_vs_M2_Macro_Oil__primary__Oil_Rent_Intensive_Pre2016_ge15pct,Oil_Rents_GDP_Pct_lag1,primary,Oil_Rent_Intensive_Pre2016_ge15pct,Country_Holdout_CV,OOF_ALL_FOLDS,RandomForest,signal_increment,-0.001499999999999984,0.1915
M1_Macro_vs_M2_Macro_Oil__primary__Oil_Rent_Intensive_Pre2016_ge15pct,Oil_Rents_GDP_Pct_lag1,primary,Oil_Rent_Intensive_Pre2016_ge15pct,Country_Holdout_CV,OOF_ALL_FOLDS,RandomForest,signal_increment,-0.0009999999999999835,0.1815
M1_Macro_vs_M2_Macro_Oil__primary__Oil_Rent_Intensive_Pre2016_ge15pct,Oil_Rents_GDP_Pct_lag1,primary,Oil_Rent_Intensive_Pre2016_ge15pct,Country_Holdout_CV,OOF_ALL_FOLDS,RandomForest,signal_increment,-0.0004999999999999831,0.17
M1_Macro_vs_M2_Macro_Oil__primary__Oil_Rent_Intensive_Pre2016_ge15pct,Oil_Rents_GDP_Pct_lag1,primary,Oil_Rent_Intensive_Pre2016_ge15pct,Country_Holdout_CV,OOF_ALL_FOLDS,RandomForest,signal_increment,1.734723475976807e-17,0.1575
M1_Macro_vs_M2_Macro_Oil__primary__Oil_Rent_Intensive_Pre2016_ge15pct,Oil_Rents_GDP_Pct_lag1,primary,Oil_Rent_Intensive_Pre2016_ge15pct,Country_Holdout_CV,OOF_ALL_FOLDS,RandomForest,signal_increment,0.0005000000000000178,0.149
M1_Macro_vs_M2_Macro_Oil__primary__Oil_Rent_Intensive_Pre2016_ge15pct,Oil_Rents_GDP_Pct_lag1,primary,Oil_Rent_Intensive_Pre2016_ge15pct,Country_Holdout_CV,OOF_ALL_FOLDS,RandomForest,signal_increment,0.0010000000000000182,0.1395
M1_Macro_vs_M2_Macro_Oil__primary__Oil_Rent_Intensive_Pre2016_ge15pct,Oil_Rents_GDP_Pct_lag1,primary,Oil_Rent_Intensive_Pre2016_ge15pct,Country_Holdout_CV,OOF_ALL_FOLDS,RandomForest,signal_increment,0.0015000000000000187,0.131
M1_Macro_vs_M2_Macro_Oil__primary__Oil_Rent_Intensive_Pre2016_ge15pct,Oil_Rents_GDP_Pct_lag1,primary,Oil_Rent_Intensive_Pre2016_ge15pct,Country_Holdout_CV,OOF_ALL_FOLDS,RandomForest,signal_increment,0.002000000000000019,0.1225
M1_Macro_vs_M2_Macro_Oil__primary__Oil_Rent_Intensive_Pre2016_ge15pct,Oil_Rents_GDP_Pct_lag1,primary,Oil_Rent_Intensive_Pre2016_ge15pct,Country_Holdout_CV,OOF_ALL_FOLDS,RandomForest,signal_increment,0.0025000000000000196,0.1185
M1_Macro_vs_M2_Macro_Oil__primary__Oil_Rent_Intensive_Pre2016_ge15pct,Oil_Rents_GDP_Pct_lag1,primary,Oil_Rent_Intensive_Pre2016_ge15pct,Country_Holdout_CV,OOF_ALL_FOLDS,RandomForest,signal_increment,0.00300000000000002,0.1115
M1_Macro_vs_M2_Macro_Oil__primary__Oil_Rent_Intensive_Pre2016_ge15pct,Oil_Rents_GDP_Pct_lag1,primary,Oil_Rent_Intensive_Pre2016_ge15pct,Country_Holdout_CV,OOF_ALL_FOLDS,RandomForest,signal_increment,0.0035000000000000205,0.106
M1_Macro_vs_M2_Macro_Oil__primary__Oil_Rent_Intensive_Pre2016_ge15pct,Oil_Rents_GDP_Pct_lag1,primary,Oil_Rent_Intensive_Pre2016_ge15pct,Country_Holdout_CV,OOF_ALL_FOLDS,RandomForest,signal_increment,0.004000000000000021,0.098
M1_Macro_vs_M2_Macro_Oil__primary__Oil_Rent_Intensive_Pre2016_ge15pct,Oil_Rents_GDP_Pct_lag1,primary,Oil_Rent_Intensive_Pre2016_ge15pct,Country_Holdout_CV,OOF_ALL_FOLDS,RandomForest,signal_increment,0.004500000000000021,0.0935
M1_Macro_vs_M2_Macro_Oil__primary__Oil_Rent_Intensive_Pre2016_ge15pct,Oil_Rents_GDP_Pct_lag1,primary,Oil_Rent_Intensive_Pre2016_ge15pct,Country_Holdout_CV,OOF_ALL_FOLDS,RandomForest,signal_increment,0.005000000000000022,0.0875
M1_Macro_vs_M2_Macro_Oil__primary__Oil_Rent_Intensive_Pre2016_ge15pct,Oil_Rents_GDP_Pct_lag1,primary,Oil_Rent_Intensive_Pre2016_ge15pct,Country_Holdout_CV,OOF_ALL_FOLDS,RandomForest,signal_increment,0.005500000000000022,0.08
M1_Macro_vs_M2_Macro_Oil__primary__Oil_Rent_Intensive_Pre2016_ge15pct,Oil_Rents_GDP_Pct_lag1,primary,Oil_Rent_Intensive_Pre2016_ge15pct,Country_Holdout_CV,OOF_ALL_FOLDS,RandomForest,signal_increment,0.006000000000000023,0.0735
M1_Macro_vs_M2_Macro_Oil__primary__Oil_Rent_Intensive_Pre2016_ge15pct,Oil_Rents_GDP_Pct_lag1,primary,Oil_Rent_Intensive_Pre2016_ge15pct,Country_Holdout_CV,OOF_ALL_FOLDS,RandomForest,signal_increment,0.006500000000000023,0.0665
M1_Macro_vs_M2_Macro_Oil__primary__Oil_Rent_Intensive_Pre2016_ge15pct,Oil_Rents_GDP_Pct_lag1,primary,Oil_Rent_Intensive_Pre2016_ge15pct,Country_Holdout_CV,OOF_ALL_FOLDS,RandomForest,signal_increment,0.0070000000000000236,0.062
M1_Macro_vs_M2_Macro_Oil__primary__Oil_Rent_Intensive_Pre2016_ge15pct,Oil_Rents_GDP_Pct_lag1,primary,Oil_Rent_Intensive_Pre2016_ge15pct,Country_Holdout_CV,OOF_ALL_FOLDS,RandomForest,signal_increment,0.007500000000000024,0.0595
M1_Macro_vs_M2_Macro_Oil__primary__Oil_Rent_Intensive_Pre2016_ge15pct,Oil_Rents_GDP_Pct_lag1,primary,Oil_Rent_Intensive_Pre2016_ge15pct,Country_Holdout_CV,OOF_ALL_FOLDS,RandomForest,signal_increment,0.008000000000000024,0.058
M1_Macro_vs_M2_Macro_Oil__primary__Oil_Rent_Intensive_Pre2016_ge15pct,Oil_Rents_GDP_Pct_lag1,primary,Oil_Rent_Intensive_Pre2016_ge15pct,Country_Holdout_CV,OOF_ALL_FOLDS,RandomForest,signal_increment,0.008500000000000025,0.055
M1_Macro_vs_M2_Macro_Oil__primary__Oil_Rent_Intensive_Pre2016_ge15pct,Oil_Rents_GDP_Pct_lag1,primary,Oil_Rent_Intensive_Pre2016_ge15pct,Country_Holdout_CV,OOF_ALL_FOLDS,RandomForest,signal_increment,0.009000000000000025,0.0525
M1_Macro_vs_M2_Macro_Oil__primary__Oil_Rent_Intensive_Pre2016_ge15pct,Oil_Rents_GDP_Pct_lag1,primary,Oil_Rent_Intensive_Pre2016_ge15pct,Country_Holdout_CV,OOF_ALL_FOLDS,RandomForest,signal_increment,0.009500000000000026,0.051
M1_Macro_vs_M2_Macro_Oil__primary__Oil_Rent_Intensive_Pre2016_ge15pct,Oil_Rents_GDP_Pct_lag1,primary,Oil_Rent_Intensive_Pre2016_ge15pct,Country_Holdout_CV,OOF_ALL_FOLDS,RandomForest,signal_increment,0.010000000000000026,0.05
M1_Macro_vs_M2_Macro_Oil__primary__Oil_Rent_Intensive_Pre2016_ge15pct,Oil_Rents_GDP_Pct_lag1,primary,Oil_Rent_Intensive_Pre2016_ge15pct,Country_Holdout_CV,OOF_ALL_FOLDS,RandomForest,signal_increment,0.010500000000000027,0.0465
M1_Macro_vs_M2_Macro_Oil__primary__Oil_Rent_Intensive_Pre2016_ge15pct,Oil_Rents_GDP_Pct_lag1,primary,Oil_Rent_Intensive_Pre2016_ge15pct,Country_Holdout_CV,OOF_ALL_FOLDS,RandomForest,signal_increment,0.011000000000000027,0.0445
M1_Macro_vs_M2_Macro_Oil__primary__Oil_Rent_Intensive_Pre2016_ge15pct,Oil_Rents_GDP_Pct_lag1,primary,Oil_Rent_Intensive_Pre2016_ge15pct,Country_Holdout_CV,OOF_ALL_FOLDS,RandomForest,signal_increment,0.011500000000000028,0.0415
M1_Macro_vs_M2_Macro_Oil__primary__Oil_Rent_Intensive_Pre2016_ge15pct,Oil_Rents_GDP_Pct_lag1,primary,Oil_Rent_Intensive_Pre2016_ge15pct,Country_Holdout_CV,OOF_ALL_FOLDS,RandomForest,signal_increment,0.012000000000000028,0.0375
M1_Macro_vs_M2_Macro_Oil__primary__Oil_Rent_Intensive_Pre2016_ge15pct,Oil_Rents_GDP_Pct_lag1,primary,Oil_Rent_Intensive_Pre2016_ge15pct,Country_Holdout_CV,OOF_ALL_FOLDS,RandomForest,signal_increment,0.012500000000000028,0.0345
M1_Macro_vs_M2_Macro_Oil__primary__Oil_Rent_Intensive_Pre2016_ge15pct,Oil_Rents_GDP_Pct_lag1,primary,Oil_Rent_Intensive_Pre2016_ge15pct,Country_Holdout_CV,OOF_ALL_FOLDS,RandomForest,signal_increment,0.013000000000000029,0.033
M1_Macro_vs_M2_Macro_Oil__primary__Oil_Rent_Intensive_Pre2016_ge15pct,Oil_Rents_GDP_Pct_lag1,primary,Oil_Rent_Intensive_Pre2016_ge15pct,Country_Holdout_CV,OOF_ALL_FOLDS,RandomForest,signal_increment,0.01350000000000003,0.031
M1_Macro_vs_M2_Macro_Oil__primary__Oil_Rent_Intensive_Pre2016_ge15pct,Oil_Rents_GDP_Pct_lag1,primary,Oil_Rent_Intensive_Pre2016_ge15pct,Country_Holdout_CV,OOF_ALL_FOLDS,RandomForest,signal_increment,0.01400000000000003,0.028
M1_Macro_vs_M2_Macro_Oil__primary__Oil_Rent_Intensive_Pre2016_ge15pct,Oil_Rents_GDP_Pct_lag1,primary,Oil_Rent_Intensive_Pre2016_ge15pct,Country_Holdout_CV,OOF_ALL_FOLDS,RandomForest,signal_increment,0.01450000000000003,0.025
M1_Macro_vs_M2_Macro_Oil__primary__Oil_Rent_Intensive_Pre2016_ge15pct,Oil_Rents_GDP_Pct_lag1,primary,Oil_Rent_Intensive_Pre2016_ge15pct,Country_Holdout_CV,OOF_ALL_FOLDS,RandomForest,signal_increment,0.01500000000000003,0.0225
M1_Macro_vs_M2_Macro_Oil__primary__Oil_Rent_Intensive_Pre2016_ge15pct,Oil_Rents_GDP_Pct_lag1,primary,Oil_Rent_Intensive_Pre2016_ge15pct,Country_Holdout_CV,OOF_ALL_FOLDS,RandomForest,signal_increment,0.015500000000000031,0.021
M1_Macro_vs_M2_Macro_Oil__primary__Oil_Rent_Intensive_Pre2016_ge15pct,Oil_Rents_GDP_Pct_lag1,primary,Oil_Rent_Intensive_Pre2016_ge15pct,Country_Holdout_CV,OOF_ALL_FOLDS,RandomForest,signal_increment,0.01600000000000003,0.02
M1_Macro_vs_M2_Macro_Oil__primary__Oil_Rent_Intensive_Pre2016_ge15pct,Oil_Rents_GDP_Pct_lag1,primary,Oil_Rent_Intensive_Pre2016_ge15pct,Country_Holdout_CV,OOF_ALL_FOLDS,RandomForest,signal_increment,0.016500000000000032,0.018
M1_Macro_vs_M2_Macro_Oil__primary__Oil_Rent_Intensive_Pre2016_ge15pct,Oil_Rents_GDP_Pct_lag1,primary,Oil_Rent_Intensive_Pre2016_ge15pct,Country_Holdout_CV,OOF_ALL_FOLDS,RandomForest,signal_increment,0.017000000000000032,0.0165
M1_Macro_vs_M2_Macro_Oil__primary__Oil_Rent_Intensive_Pre2016_ge15pct,Oil_Rents_GDP_Pct_lag1,primary,Oil_Rent_Intensive_Pre2016_ge15pct,Country_Holdout_CV,OOF_ALL_FOLDS,RandomForest,signal_increment,0.017500000000000033,0.016
M1_Macro_vs_M2_Macro_Oil__primary__Oil_Rent_Intensive_Pre2016_ge15pct,Oil_Rents_GDP_Pct_lag1,primary,Oil_Rent_Intensive_Pre2016_ge15pct,Country_Holdout_CV,OOF_ALL_FOLDS,RandomForest,signal_increment,0.018000000000000033,0.0145
M1_Macro_vs_M2_Macro_Oil__primary__Oil_Rent_Intensive_Pre2016_ge15pct,Oil_Rents_GDP_Pct_lag1,primary,Oil_Rent_Intensive_Pre2016_ge15pct,Country_Holdout_CV,OOF_ALL_FOLDS,RandomForest,signal_increment,0.018500000000000034,0.014
M1_Macro_vs_M2_Macro_Oil__primary__Oil_Rent_Intensive_Pre2016_ge15pct,Oil_Rents_GDP_Pct_lag1,primary,Oil_Rent_Intensive_Pre2016_ge15pct,Country_Holdout_CV,OOF_ALL_FOLDS,RandomForest,signal_increment,0.019000000000000034,0.013
M1_Macro_vs_M2_Macro_Oil__primary__Oil_Rent_Intensive_Pre2016_ge15pct,Oil_Rents_GDP_Pct_lag1,primary,Oil_Rent_Intensive_Pre2016_ge15pct,Country_Holdout_CV,OOF_ALL_FOLDS,RandomForest,signal_increment,0.019500000000000035,0.0115
M1_Macro_vs_M2_Macro_Oil__primary__Oil_Rent_Intensive_Pre2016_ge15pct,Oil_Rents_GDP_Pct_lag1,primary,Oil_Rent_Intensive_Pre2016_ge15pct,Country_Holdout_CV,OOF_ALL_FOLDS,RandomForest,signal_increment,0.020000000000000035,0.011
M1_Macro_vs_M2_Macro_Oil__primary__Oil_Rent_Intensive_Pre2016_ge15pct,Oil_Rents_GDP_Pct_lag1,primary,Oil_Rent_Intensive_Pre2016_ge15pct,Country_Holdout_CV,OOF_ALL_FOLDS,RandomForest,signal_increment,0.020500000000000036,0.0105
M1_Macro_vs_M2_Macro_Oil__primary__Oil_Rent_Intensive_Pre2016_ge15pct,Oil_Rents_GDP_Pct_lag1,primary,Oil_Rent_Intensive_Pre2016_ge15pct,Country_Holdout_CV,OOF_ALL_FOLDS,RandomForest,signal_increment,0.021000000000000036,0.0105
M1_Macro_vs_M2_Macro_Oil__primary__Oil_Rent_Intensive_Pre2016_ge15pct,Oil_Rents_GDP_Pct_lag1,primary,Oil_Rent_Intensive_Pre2016_ge15pct,Country_Holdout_CV,OOF_ALL_FOLDS,RandomForest,signal_increment,0.021500000000000036,0.01
M1_Macro_vs_M2_Macro_Oil__primary__Oil_Rent_Intensive_Pre2016_ge15pct,Oil_Rents_GDP_Pct_lag1,primary,Oil_Rent_Intensive_Pre2016_ge15pct,Country_Holdout_CV,OOF_ALL_FOLDS,RandomForest,signal_increment,0.022000000000000037,0.01
M1_Macro_vs_M2_Macro_Oil__primary__Oil_Rent_Intensive_Pre2016_ge15pct,Oil_Rents_GDP_Pct_lag1,primary,Oil_Rent_Intensive_Pre2016_ge15pct,Country_Holdout_CV,OOF_ALL_FOLDS,RandomForest,signal_increment,0.022500000000000037,0.01
M1_Macro_vs_M2_Macro_Oil__primary__Oil_Rent_Intensive_Pre2016_ge15pct,Oil_Rents_GDP_Pct_lag1,primary,Oil_Rent_Intensive_Pre2016_ge15pct,Country_Holdout_CV,OOF_ALL_FOLDS,RandomForest,signal_increment,0.023000000000000038,0.01
M1_Macro_vs_M2_Macro_Oil__primary__Oil_Rent_Intensive_Pre2016_ge15pct,Oil_Rents_GDP_Pct_lag1,primary,Oil_Rent_Intensive_Pre2016_ge15pct,Country_Holdout_CV,OOF_ALL_FOLDS,RandomForest,signal_increment,0.023500000000000038,0.01
M1_Macro_vs_M2_Macro_Oil__primary__Oil_Rent_Intensive_Pre2016_ge15pct,Oil_Rents_GDP_Pct_lag1,primary,Oil_Rent_Intensive_Pre2016_ge15pct,Country_Holdout_CV,OOF_ALL_FOLDS,RandomForest,signal_increment,0.02400000000000004,0.01
M1_Macro_vs_M2_Macro_Oil__primary__Oil_Rent_Intensive_Pre2016_ge15pct,Oil_Rents_GDP_Pct_lag1,primary,Oil_Rent_Intensive_Pre2016_ge15pct,Country_Holdout_CV,OOF_ALL_FOLDS,RandomForest,signal_increment,0.02450000000000004,0.0085
M1_Macro_vs_M2_Macro_Oil__primary__Oil_Rent_Intensive_Pre2016_ge15pct,Oil_Rents_GDP_Pct_lag1,primary,Oil_Rent_Intensive_Pre2016_ge15pct,Country_Holdout_CV,OOF_ALL_FOLDS,RandomForest,signal_increment,0.02500000000000004,0.0075
M1_Macro_vs_M2_Macro_Oil__primary__Oil_Rent_Intensive_Pre2016_ge15pct,Oil_Rents_GDP_Pct_lag1,primary,Oil_Rent_Intensive_Pre2016_ge15pct,Country_Holdout_CV,OOF_ALL_FOLDS,RandomForest,signal_increment,0.02550000000000004,0.0075
M1_Macro_vs_M2_Macro_Oil__primary__Oil_Rent_Intensive_Pre2016_ge15pct,Oil_Rents_GDP_Pct_lag1,primary,Oil_Rent_Intensive_Pre2016_ge15pct,Country_Holdout_CV,OOF_ALL_FOLDS,RandomForest,signal_increment,0.02600000000000004,0.0075
M1_Macro_vs_M2_Macro_Oil__primary__Oil_Rent_Intensive_Pre2016_ge15pct,Oil_Rents_GDP_Pct_lag1,primary,Oil_Rent_Intensive_Pre2016_ge15pct,Country_Holdout_CV,OOF_ALL_FOLDS,RandomForest,signal_increment,0.02650000000000004,0.0075
M1_Macro_vs_M2_Macro_Oil__primary__Oil_Rent_Intensive_Pre2016_ge15pct,Oil_Rents_GDP_Pct_lag1,primary,Oil_Rent_Intensive_Pre2016_ge15pct,Country_Holdout_CV,OOF_ALL_FOLDS,RandomForest,signal_increment,0.02700000000000004,0.006
M1_Macro_vs_M2_Macro_Oil__primary__Oil_Rent_Intensive_Pre2016_ge15pct,Oil_Rents_GDP_Pct_lag1,primary,Oil_Rent_Intensive_Pre2016_ge15pct,Country_Holdout_CV,OOF_ALL_FOLDS,RandomForest,signal_increment,0.027500000000000042,0.005
M1_Macro_vs_M2_Macro_Oil__primary__Oil_Rent_Intensive_Pre2016_ge15pct,Oil_Rents_GDP_Pct_lag1,primary,Oil_Rent_Intensive_Pre2016_ge15pct,Country_Holdout_CV,OOF_ALL_FOLDS,RandomForest,signal_increment,0.028000000000000042,0.0045
M1_Macro_vs_M2_Macro_Oil__primary__Oil_Rent_Intensive_Pre2016_ge15pct,Oil_Rents_GDP_Pct_lag1,primary,Oil_Rent_Intensive_Pre2016_ge15pct,Country_Holdout_CV,OOF_ALL_FOLDS,RandomForest,signal_increment,0.028500000000000043,0.0045
M1_Macro_vs_M2_Macro_Oil__primary__Oil_Rent_Intensive_Pre2016_ge15pct,Oil_Rents_GDP_Pct_lag1,primary,Oil_Rent_Intensive_Pre2016_ge15pct,Country_Holdout_CV,OOF_ALL_FOLDS,RandomForest,signal_increment,0.029000000000000043,0.0045
M1_Macro_vs_M2_Macro_Oil__primary__Oil_Rent_Intensive_Pre2016_ge15pct,Oil_Rents_GDP_Pct_lag1,primary,Oil_Rent_Intensive_Pre2016_ge15pct,Country_Holdout_CV,OOF_ALL_FOLDS,RandomForest,signal_increment,0.029500000000000044,0.0045
M1_Macro_vs_M2_Macro_Oil__primary__Oil_Rent_Intensive_Pre2016_ge15pct,Oil_Rents_GDP_Pct_lag1,primary,Oil_Rent_Intensive_Pre2016_ge15pct,Country_Holdout_CV,OOF_ALL_FOLDS,RandomForest,signal_increment,0.030000000000000044,0.004
M1_Macro_vs_M2_Macro_Oil__primary__Oil_Rent_Intensive_Pre2016_ge15pct,Oil_Rents_GDP_Pct_lag1,primary,Oil_Rent_Intensive_Pre2016_ge15pct,Country_Holdout_CV,OOF_ALL_FOLDS,RandomForest,added_model_vs_strongest_benchmark,-0.02,0.992
M1_Macro_vs_M2_Macro_Oil__primary__Oil_Rent_Intensive_Pre2016_ge15pct,Oil_Rents_GDP_Pct_lag1,primary,Oil_Rent_Intensive_Pre2016_ge15pct,Country_Holdout_CV,OOF_ALL_FOLDS,RandomForest,added_model_vs_strongest_benchmark,-0.0195,0.9905
M1_Macro_vs_M2_Macro_Oil__primary__Oil_Rent_Intensive_Pre2016_ge15pct,Oil_Rents_GDP_Pct_lag1,primary,Oil_Rent_Intensive_Pre2016_ge15pct,Country_Holdout_CV,OOF_ALL_FOLDS,RandomForest,added_model_vs_strongest_benchmark,-0.019,0.9905
M1_Macro_vs_M2_Macro_Oil__primary__Oil_Rent_Intensive_Pre2016_ge15pct,Oil_Rents_GDP_Pct_lag1,primary,Oil_Rent_Intensive_Pre2016_ge15pct,Country_Holdout_CV,OOF_ALL_FOLDS,RandomForest,added_model_vs_strongest_benchmark,-0.0185,0.9905
M1_Macro_vs_M2_Macro_Oil__primary__Oil_Rent_Intensive_Pre2016_ge15pct,Oil_Rents_GDP_Pct_lag1,primary,Oil_Rent_Intensive_Pre2016_ge15pct,Country_Holdout_CV,OOF_ALL_FOLDS,RandomForest,added_model_vs_strongest_benchmark,-0.018,0.99
M1_Macro_vs_M2_Macro_Oil__primary__Oil_Rent_Intensive_Pre2016_ge15pct,Oil_Rents_GDP_Pct_lag1,primary,Oil_Rent_Intensive_Pre2016_ge15pct,Country_Holdout_CV,OOF_ALL_FOLDS,RandomForest,added_model_vs_strongest_benchmark,-0.017499999999999998,0.99
M1_Macro_vs_M2_Macro_Oil__primary__Oil_Rent_Intensive_Pre2016_ge15pct,Oil_Rents_GDP_Pct_lag1,primary,Oil_Rent_Intensive_Pre2016_ge15pct,Country_Holdout_CV,OOF_ALL_FOLDS,RandomForest,added_model_vs_strongest_benchmark,-0.016999999999999998,0.9895
M1_Macro_vs_M2_Macro_Oil__primary__Oil_Rent_Intensive_Pre2016_ge15pct,Oil_Rents_GDP_Pct_lag1,primary,Oil_Rent_Intensive_Pre2016_ge15pct,Country_Holdout_CV,OOF_ALL_FOLDS,RandomForest,added_model_vs_strongest_benchmark,-0.016499999999999997,0.9895
M1_Macro_vs_M2_Macro_Oil__primary__Oil_Rent_Intensive_Pre2016_ge15pct,Oil_Rents_GDP_Pct_lag1,primary,Oil_Rent_Intensive_Pre2016_ge15pct,Country_Holdout_CV,OOF_ALL_FOLDS,RandomForest,added_model_vs_strongest_benchmark,-0.015999999999999997,0.989
M1_Macro_vs_M2_Macro_Oil__primary__Oil_Rent_Intensive_Pre2016_ge15pct,Oil_Rents_GDP_Pct_lag1,primary,Oil_Rent_Intensive_Pre2016_ge15pct,Country_Holdout_CV,OOF_ALL_FOLDS,RandomForest,added_model_vs_strongest_benchmark,-0.015499999999999996,0.989
M1_Macro_vs_M2_Macro_Oil__primary__Oil_Rent_Intensive_Pre2016_ge15pct,Oil_Rents_GDP_Pct_lag1,primary,Oil_Rent_Intensive_Pre2016_ge15pct,Country_Holdout_CV,OOF_ALL_FOLDS,RandomForest,added_model_vs_strongest_benchmark,-0.014999999999999996,0.9885
M1_Macro_vs_M2_Macro_Oil__primary__Oil_Rent_Intensive_Pre2016_ge15pct,Oil_Rents_GDP_Pct_lag1,primary,Oil_Rent_Intensive_Pre2016_ge15pct,Country_Holdout_CV,OOF_ALL_FOLDS,RandomForest,added_model_vs_strongest_benchmark,-0.014499999999999996,0.9885
M1_Macro_vs_M2_Macro_Oil__primary__Oil_Rent_Intensive_Pre2016_ge15pct,Oil_Rents_GDP_Pct_lag1,primary,Oil_Rent_Intensive_Pre2016_ge15pct,Country_Holdout_CV,OOF_ALL_FOLDS,RandomForest,added_model_vs_strongest_benchmark,-0.013999999999999995,0.988
M1_Macro_vs_M2_Macro_Oil__primary__Oil_Rent_Intensive_Pre2016_ge15pct,Oil_Rents_GDP_Pct_lag1,primary,Oil_Rent_Intensive_Pre2016_ge15pct,Country_Holdout_CV,OOF_ALL_FOLDS,RandomForest,added_model_vs_strongest_benchmark,-0.013499999999999995,0.988
M1_Macro_vs_M2_Macro_Oil__primary__Oil_Rent_Intensive_Pre2016_ge15pct,Oil_Rents_GDP_Pct_lag1,primary,Oil_Rent_Intensive_Pre2016_ge15pct,Country_Holdout_CV,OOF_ALL_FOLDS,RandomForest,added_model_vs_strongest_benchmark,-0.012999999999999994,0.988
M1_Macro_vs_M2_Macro_Oil__primary__Oil_Rent_Intensive_Pre2016_ge15pct,Oil_Rents_GDP_Pct_lag1,primary,Oil_Rent_Intensive_Pre2016_ge15pct,Country_Holdout_CV,OOF_ALL_FOLDS,RandomForest,added_model_vs_strongest_benchmark,-0.012499999999999994,0.988
M1_Macro_vs_M2_Macro_Oil__primary__Oil_Rent_Intensive_Pre2016_ge15pct,Oil_Rents_GDP_Pct_lag1,primary,Oil_Rent_Intensive_Pre2016_ge15pct,Country_Holdout_CV,OOF_ALL_FOLDS,RandomForest,added_model_vs_strongest_benchmark,-0.011999999999999993,0.9875
M1_Macro_vs_M2_Macro_Oil__primary__Oil_Rent_Intensive_Pre2016_ge15pct,Oil_Rents_GDP_Pct_lag1,primary,Oil_Rent_Intensive_Pre2016_ge15pct,Country_Holdout_CV,OOF_ALL_FOLDS,RandomForest,added_model_vs_strongest_benchmark,-0.011499999999999993,0.987
M1_Macro_vs_M2_Macro_Oil__primary__Oil_Rent_Intensive_Pre2016_ge15pct,Oil_Rents_GDP_Pct_lag1,primary,Oil_Rent_Intensive_Pre2016_ge15pct,Country_Holdout_CV,OOF_ALL_FOLDS,RandomForest,added_model_vs_strongest_benchmark,-0.010999999999999992,0.987
M1_Macro_vs_M2_Macro_Oil__primary__Oil_Rent_Intensive_Pre2016_ge15pct,Oil_Rents_GDP_Pct_lag1,primary,Oil_Rent_Intensive_Pre2016_ge15pct,Country_Holdout_CV,OOF_ALL_FOLDS,RandomForest,added_model_vs_strongest_benchmark,-0.010499999999999992,0.987
M1_Macro_vs_M2_Macro_Oil__primary__Oil_Rent_Intensive_Pre2016_ge15pct,Oil_Rents_GDP_Pct_lag1,primary,Oil_Rent_Intensive_Pre2016_ge15pct,Country_Holdout_CV,OOF_ALL_FOLDS,RandomForest,added_model_vs_strongest_benchmark,-0.009999999999999992,0.987
M1_Macro_vs_M2_Macro_Oil__primary__Oil_Rent_Intensive_Pre2016_ge15pct,Oil_Rents_GDP_Pct_lag1,primary,Oil_Rent_Intensive_Pre2016_ge15pct,Country_Holdout_CV,OOF_ALL_FOLDS,RandomForest,added_model_vs_strongest_benchmark,-0.009499999999999991,0.987
M1_Macro_vs_M2_Macro_Oil__primary__Oil_Rent_Intensive_Pre2016_ge15pct,Oil_Rents_GDP_Pct_lag1,primary,Oil_Rent_Intensive_Pre2016_ge15pct,Country_Holdout_CV,OOF_ALL_FOLDS,RandomForest,added_model_vs_strongest_benchmark,-0.00899999999999999,0.987
M1_Macro_vs_M2_Macro_Oil__primary__Oil_Rent_Intensive_Pre2016_ge15pct,Oil_Rents_GDP_Pct_lag1,primary,Oil_Rent_Intensive_Pre2016_ge15pct,Country_Holdout_CV,OOF_ALL_FOLDS,RandomForest,added_model_vs_strongest_benchmark,-0.00849999999999999,0.987
M1_Macro_vs_M2_Macro_Oil__primary__Oil_Rent_Intensive_Pre2016_ge15pct,Oil_Rents_GDP_Pct_lag1,primary,Oil_Rent_Intensive_Pre2016_ge15pct,Country_Holdout_CV,OOF_ALL_FOLDS,RandomForest,added_model_vs_strongest_benchmark,-0.00799999999999999,0.987
M1_Macro_vs_M2_Macro_Oil__primary__Oil_Rent_Intensive_Pre2016_ge15pct,Oil_Rents_GDP_Pct_lag1,primary,Oil_Rent_Intensive_Pre2016_ge15pct,Country_Holdout_CV,OOF_ALL_FOLDS,RandomForest,added_model_vs_strongest_benchmark,-0.007499999999999989,0.987
M1_Macro_vs_M2_Macro_Oil__primary__Oil_Rent_Intensive_Pre2016_ge15pct,Oil_Rents_GDP_Pct_lag1,primary,Oil_Rent_Intensive_Pre2016_ge15pct,Country_Holdout_CV,OOF_ALL_FOLDS,RandomForest,added_model_vs_strongest_benchmark,-0.006999999999999989,0.987
M1_Macro_vs_M2_Macro_Oil__primary__Oil_Rent_Intensive_Pre2016_ge15pct,Oil_Rents_GDP_Pct_lag1,primary,Oil_Rent_Intensive_Pre2016_ge15pct,Country_Holdout_CV,OOF_ALL_FOLDS,RandomForest,added_model_vs_strongest_benchmark,-0.006499999999999988,0.987
M1_Macro_vs_M2_Macro_Oil__primary__Oil_Rent_Intensive_Pre2016_ge15pct,Oil_Rents_GDP_Pct_lag1,primary,Oil_Rent_Intensive_Pre2016_ge15pct,Country_Holdout_CV,OOF_ALL_FOLDS,RandomForest,added_model_vs_strongest_benchmark,-0.005999999999999988,0.987
M1_Macro_vs_M2_Macro_Oil__primary__Oil_Rent_Intensive_Pre2016_ge15pct,Oil_Rents_GDP_Pct_lag1,primary,Oil_Rent_Intensive_Pre2016_ge15pct,Country_Holdout_CV,OOF_ALL_FOLDS,RandomForest,added_model_vs_strongest_benchmark,-0.0054999999999999875,0.9865
M1_Macro_vs_M2_Macro_Oil__primary__Oil_Rent_Intensive_Pre2016_ge15pct,Oil_Rents_GDP_Pct_lag1,primary,Oil_Rent_Intensive_Pre2016_ge15pct,Country_Holdout_CV,OOF_ALL_FOLDS,RandomForest,added_model_vs_strongest_benchmark,-0.004999999999999987,0.986
M1_Macro_vs_M2_Macro_Oil__primary__Oil_Rent_Intensive_Pre2016_ge15pct,Oil_Rents_GDP_Pct_lag1,primary,Oil_Rent_Intensive_Pre2016_ge15pct,Country_Holdout_CV,OOF_ALL_FOLDS,RandomForest,added_model_vs_strongest_benchmark,-0.004499999999999987,0.986
M1_Macro_vs_M2_Macro_Oil__primary__Oil_Rent_Intensive_Pre2016_ge15pct,Oil_Rents_GDP_Pct_lag1,primary,Oil_Rent_Intensive_Pre2016_ge15pct,Country_Holdout_CV,OOF_ALL_FOLDS,RandomForest,added_model_vs_strongest_benchmark,-0.003999999999999986,0.985
M1_Macro_vs_M2_Macro_Oil__primary__Oil_Rent_Intensive_Pre2016_ge15pct,Oil_Rents_GDP_Pct_lag1,primary,Oil_Rent_Intensive_Pre2016_ge15pct,Country_Holdout_CV,OOF_ALL_FOLDS,RandomForest,added_model_vs_strongest_benchmark,-0.0034999999999999858,0.9845
M1_Macro_vs_M2_Macro_Oil__primary__Oil_Rent_Intensive_Pre2016_ge15pct,Oil_Rents_GDP_Pct_lag1,primary,Oil_Rent_Intensive_Pre2016_ge15pct,Country_Holdout_CV,OOF_ALL_FOLDS,RandomForest,added_model_vs_strongest_benchmark,-0.0029999999999999853,0.984
M1_Macro_vs_M2_Macro_Oil__primary__Oil_Rent_Intensive_Pre2016_ge15pct,Oil_Rents_GDP_Pct_lag1,primary,Oil_Rent_Intensive_Pre2016_ge15pct,Country_Holdout_CV,OOF_ALL_FOLDS,RandomForest,added_model_vs_strongest_benchmark,-0.002499999999999985,0.9835
M1_Macro_vs_M2_Macro_Oil__primary__Oil_Rent_Intensive_Pre2016_ge15pct,Oil_Rents_GDP_Pct_lag1,primary,Oil_Rent_Intensive_Pre2016_ge15pct,Country_Holdout_CV,OOF_ALL_FOLDS,RandomForest,added_model_vs_strongest_benchmark,-0.0019999999999999844,0.983
M1_Macro_vs_M2_Macro_Oil__primary__Oil_Rent_Intensive_Pre2016_ge15pct,Oil_Rents_GDP_Pct_lag1,primary,Oil_Rent_Intensive_Pre2016_ge15pct,Country_Holdout_CV,OOF_ALL_FOLDS,RandomForest,added_model_vs_strongest_benchmark,-0.001499999999999984,0.9825
M1_Macro_vs_M2_Macro_Oil__primary__Oil_Rent_Intensive_Pre2016_ge15pct,Oil_Rents_GDP_Pct_lag1,primary,Oil_Rent_Intensive_Pre2016_ge15pct,Country_Holdout_CV,OOF_ALL_FOLDS,RandomForest,added_model_vs_strongest_benchmark,-0.0009999999999999835,0.9825
M1_Macro_vs_M2_Macro_Oil__primary__Oil_Rent_Intensive_Pre2016_ge15pct,Oil_Rents_GDP_Pct_lag1,primary,Oil_Rent_Intensive_Pre2016_ge15pct,Country_Holdout_CV,OOF_ALL_FOLDS,RandomForest,added_model_vs_strongest_benchmark,-0.0004999999999999831,0.982
M1_Macro_vs_M2_Macro_Oil__primary__Oil_Rent_Intensive_Pre2016_ge15pct,Oil_Rents_GDP_Pct_lag1,primary,Oil_Rent_Intensive_Pre2016_ge15pct,Country_Holdout_CV,OOF_ALL_FOLDS,RandomForest,added_model_vs_strongest_benchmark,1.734723475976807e-17,0.982
M1_Macro_vs_M2_Macro_Oil__primary__Oil_Rent_Intensive_Pre2016_ge15pct,Oil_Rents_GDP_Pct_lag1,primary,Oil_Rent_Intensive_Pre2016_ge15pct,Country_Holdout_CV,OOF_ALL_FOLDS,RandomForest,added_model_vs_strongest_benchmark,0.0005000000000000178,0.982
M1_Macro_vs_M2_Macro_Oil__primary__Oil_Rent_Intensive_Pre2016_ge15pct,Oil_Rents_GDP_Pct_lag1,primary,Oil_Rent_Intensive_Pre2016_ge15pct,Country_Holdout_CV,OOF_ALL_FOLDS,RandomForest,added_model_vs_strongest_benchmark,0.0010000000000000182,0.9815
M1_Macro_vs_M2_Macro_Oil__primary__Oil_Rent_Intensive_Pre2016_ge15pct,Oil_Rents_GDP_Pct_lag1,primary,Oil_Rent_Intensive_Pre2016_ge15pct,Country_Holdout_CV,OOF_ALL_FOLDS,RandomForest,added_model_vs_strongest_benchmark,0.0015000000000000187,0.9815
M1_Macro_vs_M2_Macro_Oil__primary__Oil_Rent_Intensive_Pre2016_ge15pct,Oil_Rents_GDP_Pct_lag1,primary,Oil_Rent_Intensive_Pre2016_ge15pct,Country_Holdout_CV,OOF_ALL_FOLDS,RandomForest,added_model_vs_strongest_benchmark,0.002000000000000019,0.9815
M1_Macro_vs_M2_Macro_Oil__primary__Oil_Rent_Intensive_Pre2016_ge15pct,Oil_Rents_GDP_Pct_lag1,primary,Oil_Rent_Intensive_Pre2016_ge15pct,Country_Holdout_CV,OOF_ALL_FOLDS,RandomForest,added_model_vs_strongest_benchmark,0.0025000000000000196,0.9805
M1_Macro_vs_M2_Macro_Oil__primary__Oil_Rent_Intensive_Pre2016_ge15pct,Oil_Rents_GDP_Pct_lag1,primary,Oil_Rent_Intensive_Pre2016_ge15pct,Country_Holdout_CV,OOF_ALL_FOLDS,RandomForest,added_model_vs_strongest_benchmark,0.00300000000000002,0.979
M1_Macro_vs_M2_Macro_Oil__primary__Oil_Rent_Intensive_Pre2016_ge15pct,Oil_Rents_GDP_Pct_lag1,primary,Oil_Rent_Intensive_Pre2016_ge15pct,Country_Holdout_CV,OOF_ALL_FOLDS,RandomForest,added_model_vs_strongest_benchmark,0.0035000000000000205,0.9785
M1_Macro_vs_M2_Macro_Oil__primary__Oil_Rent_Intensive_Pre2016_ge15pct,Oil_Rents_GDP_Pct_lag1,primary,Oil_Rent_Intensive_Pre2016_ge15pct,Country_Holdout_CV,OOF_ALL_FOLDS,RandomForest,added_model_vs_strongest_benchmark,0.004000000000000021,0.9785
M1_Macro_vs_M2_Macro_Oil__primary__Oil_Rent_Intensive_Pre2016_ge15pct,Oil_Rents_GDP_Pct_lag1,primary,Oil_Rent_Intensive_Pre2016_ge15pct,Country_Holdout_CV,OOF_ALL_FOLDS,RandomForest,added_model_vs_strongest_benchmark,0.004500000000000021,0.9775
M1_Macro_vs_M2_Macro_Oil__primary__Oil_Rent_Intensive_Pre2016_ge15pct,Oil_Rents_GDP_Pct_lag1,primary,Oil_Rent_Intensive_Pre2016_ge15pct,Country_Holdout_CV,OOF_ALL_FOLDS,RandomForest,added_model_vs_strongest_benchmark,0.005000000000000022,0.9775
M1_Macro_vs_M2_Macro_Oil__primary__Oil_Rent_Intensive_Pre2016_ge15pct,Oil_Rents_GDP_Pct_lag1,primary,Oil_Rent_Intensive_Pre2016_ge15pct,Country_Holdout_CV,OOF_ALL_FOLDS,RandomForest,added_model_vs_strongest_benchmark,0.005500000000000022,0.977
M1_Macro_vs_M2_Macro_Oil__primary__Oil_Rent_Intensive_Pre2016_ge15pct,Oil_Rents_GDP_Pct_lag1,primary,Oil_Rent_Intensive_Pre2016_ge15pct,Country_Holdout_CV,OOF_ALL_FOLDS,RandomForest,added_model_vs_strongest_benchmark,0.006000000000000023,0.9765
M1_Macro_vs_M2_Macro_Oil__primary__Oil_Rent_Intensive_Pre2016_ge15pct,Oil_Rents_GDP_Pct_lag1,primary,Oil_Rent_Intensive_Pre2016_ge15pct,Country_Holdout_CV,OOF_ALL_FOLDS,RandomForest,added_model_vs_strongest_benchmark,0.006500000000000023,0.9755
M1_Macro_vs_M2_Macro_Oil__primary__Oil_Rent_Intensive_Pre2016_ge15pct,Oil_Rents_GDP_Pct_lag1,primary,Oil_Rent_Intensive_Pre2016_ge15pct,Country_Holdout_CV,OOF_ALL_FOLDS,RandomForest,added_model_vs_strongest_benchmark,0.0070000000000000236,0.975
M1_Macro_vs_M2_Macro_Oil__primary__Oil_Rent_Intensive_Pre2016_ge15pct,Oil_Rents_GDP_Pct_lag1,primary,Oil_Rent_Intensive_Pre2016_ge15pct,Country_Holdout_CV,OOF_ALL_FOLDS,RandomForest,added_model_vs_strongest_benchmark,0.007500000000000024,0.9735
M1_Macro_vs_M2_Macro_Oil__primary__Oil_Rent_Intensive_Pre2016_ge15pct,Oil_Rents_GDP_Pct_lag1,primary,Oil_Rent_Intensive_Pre2016_ge15pct,Country_Holdout_CV,OOF_ALL_FOLDS,RandomForest,added_model_vs_strongest_benchmark,0.008000000000000024,0.973
M1_Macro_vs_M2_Macro_Oil__primary__Oil_Rent_Intensive_Pre2016_ge15pct,Oil_Rents_GDP_Pct_lag1,primary,Oil_Rent_Intensive_Pre2016_ge15pct,Country_Holdout_CV,OOF_ALL_FOLDS,RandomForest,added_model_vs_strongest_benchmark,0.008500000000000025,0.9725
M1_Macro_vs_M2_Macro_Oil__primary__Oil_Rent_Intensive_Pre2016_ge15pct,Oil_Rents_GDP_Pct_lag1,primary,Oil_Rent_Intensive_Pre2016_ge15pct,Country_Holdout_CV,OOF_ALL_FOLDS,RandomForest,added_model_vs_strongest_benchmark,0.009000000000000025,0.972
M1_Macro_vs_M2_Macro_Oil__primary__Oil_Rent_Intensive_Pre2016_ge15pct,Oil_Rents_GDP_Pct_lag1,primary,Oil_Rent_Intensive_Pre2016_ge15pct,Country_Holdout_CV,OOF_ALL_FOLDS,RandomForest,added_model_vs_strongest_benchmark,0.009500000000000026,0.971
M1_Macro_vs_M2_Macro_Oil__primary__Oil_Rent_Intensive_Pre2016_ge15pct,Oil_Rents_GDP_Pct_lag1,primary,Oil_Rent_Intensive_Pre2016_ge15pct,Country_Holdout_CV,OOF_ALL_FOLDS,RandomForest,added_model_vs_strongest_benchmark,0.010000000000000026,0.97
M1_Macro_vs_M2_Macro_Oil__primary__Oil_Rent_Intensive_Pre2016_ge15pct,Oil_Rents_GDP_Pct_lag1,primary,Oil_Rent_Intensive_Pre2016_ge15pct,Country_Holdout_CV,OOF_ALL_FOLDS,RandomForest,added_model_vs_strongest_benchmark,0.010500000000000027,0.9695
M1_Macro_vs_M2_Macro_Oil__primary__Oil_Rent_Intensive_Pre2016_ge15pct,Oil_Rents_GDP_Pct_lag1,primary,Oil_Rent_Intensive_Pre2016_ge15pct,Country_Holdout_CV,OOF_ALL_FOLDS,RandomForest,added_model_vs_strongest_benchmark,0.011000000000000027,0.9685
M1_Macro_vs_M2_Macro_Oil__primary__Oil_Rent_Intensive_Pre2016_ge15pct,Oil_Rents_GDP_Pct_lag1,primary,Oil_Rent_Intensive_Pre2016_ge15pct,Country_Holdout_CV,OOF_ALL_FOLDS,RandomForest,added_model_vs_strongest_benchmark,0.011500000000000028,0.968
M1_Macro_vs_M2_Macro_Oil__primary__Oil_Rent_Intensive_Pre2016_ge15pct,Oil_Rents_GDP_Pct_lag1,primary,Oil_Rent_Intensive_Pre2016_ge15pct,Country_Holdout_CV,OOF_ALL_FOLDS,RandomForest,added_model_vs_strongest_benchmark,0.012000000000000028,0.9675
M1_Macro_vs_M2_Macro_Oil__primary__Oil_Rent_Intensive_Pre2016_ge15pct,Oil_Rents_GDP_Pct_lag1,primary,Oil_Rent_Intensive_Pre2016_ge15pct,Country_Holdout_CV,OOF_ALL_FOLDS,RandomForest,added_model_vs_strongest_benchmark,0.012500000000000028,0.9675
M1_Macro_vs_M2_Macro_Oil__primary__Oil_Rent_Intensive_Pre2016_ge15pct,Oil_Rents_GDP_Pct_lag1,primary,Oil_Rent_Intensive_Pre2016_ge15pct,Country_Holdout_CV,OOF_ALL_FOLDS,RandomForest,added_model_vs_strongest_benchmark,0.013000000000000029,0.967
M1_Macro_vs_M2_Macro_Oil__primary__Oil_Rent_Intensive_Pre2016_ge15pct,Oil_Rents_GDP_Pct_lag1,primary,Oil_Rent_Intensive_Pre2016_ge15pct,Country_Holdout_CV,OOF_ALL_FOLDS,RandomForest,added_model_vs_strongest_benchmark,0.01350000000000003,0.9665
M1_Macro_vs_M2_Macro_Oil__primary__Oil_Rent_Intensive_Pre2016_ge15pct,Oil_Rents_GDP_Pct_lag1,primary,Oil_Rent_Intensive_Pre2016_ge15pct,Country_Holdout_CV,OOF_ALL_FOLDS,RandomForest,added_model_vs_strongest_benchmark,0.01400000000000003,0.9645
M1_Macro_vs_M2_Macro_Oil__primary__Oil_Rent_Intensive_Pre2016_ge15pct,Oil_Rents_GDP_Pct_lag1,primary,Oil_Rent_Intensive_Pre2016_ge15pct,Country_Holdout_CV,OOF_ALL_FOLDS,RandomForest,added_model_vs_strongest_benchmark,0.01450000000000003,0.964
M1_Macro_vs_M2_Macro_Oil__primary__Oil_Rent_Intensive_Pre2016_ge15pct,Oil_Rents_GDP_Pct_lag1,primary,Oil_Rent_Intensive_Pre2016_ge15pct,Country_Holdout_CV,OOF_ALL_FOLDS,RandomForest,added_model_vs_strongest_benchmark,0.01500000000000003,0.964
M1_Macro_vs_M2_Macro_Oil__primary__Oil_Rent_Intensive_Pre2016_ge15pct,Oil_Rents_GDP_Pct_lag1,primary,Oil_Rent_Intensive_Pre2016_ge15pct,Country_Holdout_CV,OOF_ALL_FOLDS,RandomForest,added_model_vs_strongest_benchmark,0.015500000000000031,0.964
M1_Macro_vs_M2_Macro_Oil__primary__Oil_Rent_Intensive_Pre2016_ge15pct,Oil_Rents_GDP_Pct_lag1,primary,Oil_Rent_Intensive_Pre2016_ge15pct,Country_Holdout_CV,OOF_ALL_FOLDS,RandomForest,added_model_vs_strongest_benchmark,0.01600000000000003,0.963
M1_Macro_vs_M2_Macro_Oil__primary__Oil_Rent_Intensive_Pre2016_ge15pct,Oil_Rents_GDP_Pct_lag1,primary,Oil_Rent_Intensive_Pre2016_ge15pct,Country_Holdout_CV,OOF_ALL_FOLDS,RandomForest,added_model_vs_strongest_benchmark,0.016500000000000032,0.9625
M1_Macro_vs_M2_Macro_Oil__primary__Oil_Rent_Intensive_Pre2016_ge15pct,Oil_Rents_GDP_Pct_lag1,primary,Oil_Rent_Intensive_Pre2016_ge15pct,Country_Holdout_CV,OOF_ALL_FOLDS,RandomForest,added_model_vs_strongest_benchmark,0.017000000000000032,0.9605
M1_Macro_vs_M2_Macro_Oil__primary__Oil_Rent_Intensive_Pre2016_ge15pct,Oil_Rents_GDP_Pct_lag1,primary,Oil_Rent_Intensive_Pre2016_ge15pct,Country_Holdout_CV,OOF_ALL_FOLDS,RandomForest,added_model_vs_strongest_benchmark,0.017500000000000033,0.9605
M1_Macro_vs_M2_Macro_Oil__primary__Oil_Rent_Intensive_Pre2016_ge15pct,Oil_Rents_GDP_Pct_lag1,primary,Oil_Rent_Intensive_Pre2016_ge15pct,Country_Holdout_CV,OOF_ALL_FOLDS,RandomForest,added_model_vs_strongest_benchmark,0.018000000000000033,0.9595
M1_Macro_vs_M2_Macro_Oil__primary__Oil_Rent_Intensive_Pre2016_ge15pct,Oil_Rents_GDP_Pct_lag1,primary,Oil_Rent_Intensive_Pre2016_ge15pct,Country_Holdout_CV,OOF_ALL_FOLDS,RandomForest,added_model_vs_strongest_benchmark,0.018500000000000034,0.9585
M1_Macro_vs_M2_Macro_Oil__primary__Oil_Rent_Intensive_Pre2016_ge15pct,Oil_Rents_GDP_Pct_lag1,primary,Oil_Rent_Intensive_Pre2016_ge15pct,Country_Holdout_CV,OOF_ALL_FOLDS,RandomForest,added_model_vs_strongest_benchmark,0.019000000000000034,0.9575
M1_Macro_vs_M2_Macro_Oil__primary__Oil_Rent_Intensive_Pre2016_ge15pct,Oil_Rents_GDP_Pct_lag1,primary,Oil_Rent_Intensive_Pre2016_ge15pct,Country_Holdout_CV,OOF_ALL_FOLDS,RandomForest,added_model_vs_strongest_benchmark,0.019500000000000035,0.957
M1_Macro_vs_M2_Macro_Oil__primary__Oil_Rent_Intensive_Pre2016_ge15pct,Oil_Rents_GDP_Pct_lag1,primary,Oil_Rent_Intensive_Pre2016_ge15pct,Country_Holdout_CV,OOF_ALL_FOLDS,RandomForest,added_model_vs_strongest_benchmark,0.020000000000000035,0.955
M1_Macro_vs_M2_Macro_Oil__primary__Oil_Rent_Intensive_Pre2016_ge15pct,Oil_Rents_GDP_Pct_lag1,primary,Oil_Rent_Intensive_Pre2016_ge15pct,Country_Holdout_CV,OOF_ALL_FOLDS,RandomForest,added_model_vs_strongest_benchmark,0.020500000000000036,0.953
M1_Macro_vs_M2_Macro_Oil__primary__Oil_Rent_Intensive_Pre2016_ge15pct,Oil_Rents_GDP_Pct_lag1,primary,Oil_Rent_Intensive_Pre2016_ge15pct,Country_Holdout_CV,OOF_ALL_FOLDS,RandomForest,added_model_vs_strongest_benchmark,0.021000000000000036,0.952
M1_Macro_vs_M2_Macro_Oil__primary__Oil_Rent_Intensive_Pre2016_ge15pct,Oil_Rents_GDP_Pct_lag1,primary,Oil_Rent_Intensive_Pre2016_ge15pct,Country_Holdout_CV,OOF_ALL_FOLDS,RandomForest,added_model_vs_strongest_benchmark,0.021500000000000036,0.9515
M1_Macro_vs_M2_Macro_Oil__primary__Oil_Rent_Intensive_Pre2016_ge15pct,Oil_Rents_GDP_Pct_lag1,primary,Oil_Rent_Intensive_Pre2016_ge15pct,Country_Holdout_CV,OOF_ALL_FOLDS,RandomForest,added_model_vs_strongest_benchmark,0.022000000000000037,0.9505
M1_Macro_vs_M2_Macro_Oil__primary__Oil_Rent_Intensive_Pre2016_ge15pct,Oil_Rents_GDP_Pct_lag1,primary,Oil_Rent_Intensive_Pre2016_ge15pct,Country_Holdout_CV,OOF_ALL_FOLDS,RandomForest,added_model_vs_strongest_benchmark,0.022500000000000037,0.9495
M1_Macro_vs_M2_Macro_Oil__primary__Oil_Rent_Intensive_Pre2016_ge15pct,Oil_Rents_GDP_Pct_lag1,primary,Oil_Rent_Intensive_Pre2016_ge15pct,Country_Holdout_CV,OOF_ALL_FOLDS,RandomForest,added_model_vs_strongest_benchmark,0.023000000000000038,0.9485
M1_Macro_vs_M2_Macro_Oil__primary__Oil_Rent_Intensive_Pre2016_ge15pct,Oil_Rents_GDP_Pct_lag1,primary,Oil_Rent_Intensive_Pre2016_ge15pct,Country_Holdout_CV,OOF_ALL_FOLDS,RandomForest,added_model_vs_strongest_benchmark,0.023500000000000038,0.948
M1_Macro_vs_M2_Macro_Oil__primary__Oil_Rent_Intensive_Pre2016_ge15pct,Oil_Rents_GDP_Pct_lag1,primary,Oil_Rent_Intensive_Pre2016_ge15pct,Country_Holdout_CV,OOF_ALL_FOLDS,RandomForest,added_model_vs_strongest_benchmark,0.02400000000000004,0.9465
M1_Macro_vs_M2_Macro_Oil__primary__Oil_Rent_Intensive_Pre2016_ge15pct,Oil_Rents_GDP_Pct_lag1,primary,Oil_Rent_Intensive_Pre2016_ge15pct,Country_Holdout_CV,OOF_ALL_FOLDS,RandomForest,added_model_vs_strongest_benchmark,0.02450000000000004,0.9445
M1_Macro_vs_M2_Macro_Oil__primary__Oil_Rent_Intensive_Pre2016_ge15pct,Oil_Rents_GDP_Pct_lag1,primary,Oil_Rent_Intensive_Pre2016_ge15pct,Country_Holdout_CV,OOF_ALL_FOLDS,RandomForest,added_model_vs_strongest_benchmark,0.02500000000000004,0.942
M1_Macro_vs_M2_Macro_Oil__primary__Oil_Rent_Intensive_Pre2016_ge15pct,Oil_Rents_GDP_Pct_lag1,primary,Oil_Rent_Intensive_Pre2016_ge15pct,Country_Holdout_CV,OOF_ALL_FOLDS,RandomForest,added_model_vs_strongest_benchmark,0.02550000000000004,0.941
M1_Macro_vs_M2_Macro_Oil__primary__Oil_Rent_Intensive_Pre2016_ge15pct,Oil_Rents_GDP_Pct_lag1,primary,Oil_Rent_Intensive_Pre2016_ge15pct,Country_Holdout_CV,OOF_ALL_FOLDS,RandomForest,added_model_vs_strongest_benchmark,0.02600000000000004,0.941
M1_Macro_vs_M2_Macro_Oil__primary__Oil_Rent_Intensive_Pre2016_ge15pct,Oil_Rents_GDP_Pct_lag1,primary,Oil_Rent_Intensive_Pre2016_ge15pct,Country_Holdout_CV,OOF_ALL_FOLDS,RandomForest,added_model_vs_strongest_benchmark,0.02650000000000004,0.94
M1_Macro_vs_M2_Macro_Oil__primary__Oil_Rent_Intensive_Pre2016_ge15pct,Oil_Rents_GDP_Pct_lag1,primary,Oil_Rent_Intensive_Pre2016_ge15pct,Country_Holdout_CV,OOF_ALL_FOLDS,RandomForest,added_model_vs_strongest_benchmark,0.02700000000000004,0.939
M1_Macro_vs_M2_Macro_Oil__primary__Oil_Rent_Intensive_Pre2016_ge15pct,Oil_Rents_GDP_Pct_lag1,primary,Oil_Rent_Intensive_Pre2016_ge15pct,Country_Holdout_CV,OOF_ALL_FOLDS,RandomForest,added_model_vs_strongest_benchmark,0.027500000000000042,0.9385
M1_Macro_vs_M2_Macro_Oil__primary__Oil_Rent_Intensive_Pre2016_ge15pct,Oil_Rents_GDP_Pct_lag1,primary,Oil_Rent_Intensive_Pre2016_ge15pct,Country_Holdout_CV,OOF_ALL_FOLDS,RandomForest,added_model_vs_strongest_benchmark,0.028000000000000042,0.937
M1_Macro_vs_M2_Macro_Oil__primary__Oil_Rent_Intensive_Pre2016_ge15pct,Oil_Rents_GDP_Pct_lag1,primary,Oil_Rent_Intensive_Pre2016_ge15pct,Country_Holdout_CV,OOF_ALL_FOLDS,RandomForest,added_model_vs_strongest_benchmark,0.028500000000000043,0.9365
M1_Macro_vs_M2_Macro_Oil__primary__Oil_Rent_Intensive_Pre2016_ge15pct,Oil_Rents_GDP_Pct_lag1,primary,Oil_Rent_Intensive_Pre2016_ge15pct,Country_Holdout_CV,OOF_ALL_FOLDS,RandomForest,added_model_vs_strongest_benchmark,0.029000000000000043,0.9345
M1_Macro_vs_M2_Macro_Oil__primary__Oil_Rent_Intensive_Pre2016_ge15pct,Oil_Rents_GDP_Pct_lag1,primary,Oil_Rent_Intensive_Pre2016_ge15pct,Country_Holdout_CV,OOF_ALL_FOLDS,RandomForest,added_model_vs_strongest_benchmark,0.029500000000000044,0.9335
M1_Macro_vs_M2_Macro_Oil__primary__Oil_Rent_Intensive_Pre2016_ge15pct,Oil_Rents_GDP_Pct_lag1,primary,Oil_Rent_Intensive_Pre2016_ge15pct,Country_Holdout_CV,OOF_ALL_FOLDS,RandomForest,added_model_vs_strongest_benchmark,0.030000000000000044,0.9325
M1_Macro_vs_M2_Macro_Oil__primary__Oil_Rent_Intensive_Pre2016_ge15pct,Oil_Rents_GDP_Pct_lag1,primary,Oil_Rent_Intensive_Pre2016_ge15pct,Future_Period,train_to_2012__test_from_2013,Ridge,signal_increment,-0.02,0.994
M1_Macro_vs_M2_Macro_Oil__primary__Oil_Rent_Intensive_Pre2016_ge15pct,Oil_Rents_GDP_Pct_lag1,primary,Oil_Rent_Intensive_Pre2016_ge15pct,Future_Period,train_to_2012__test_from_2013,Ridge,signal_increment,-0.0195,0.993
M1_Macro_vs_M2_Macro_Oil__primary__Oil_Rent_Intensive_Pre2016_ge15pct,Oil_Rents_GDP_Pct_lag1,primary,Oil_Rent_Intensive_Pre2016_ge15pct,Future_Period,train_to_2012__test_from_2013,Ridge,signal_increment,-0.019,0.9915
M1_Macro_vs_M2_Macro_Oil__primary__Oil_Rent_Intensive_Pre2016_ge15pct,Oil_Rents_GDP_Pct_lag1,primary,Oil_Rent_Intensive_Pre2016_ge15pct,Future_Period,train_to_2012__test_from_2013,Ridge,signal_increment,-0.0185,0.991
M1_Macro_vs_M2_Macro_Oil__primary__Oil_Rent_Intensive_Pre2016_ge15pct,Oil_Rents_GDP_Pct_lag1,primary,Oil_Rent_Intensive_Pre2016_ge15pct,Future_Period,train_to_2012__test_from_2013,Ridge,signal_increment,-0.018,0.9885
M1_Macro_vs_M2_Macro_Oil__primary__Oil_Rent_Intensive_Pre2016_ge15pct,Oil_Rents_GDP_Pct_lag1,primary,Oil_Rent_Intensive_Pre2016_ge15pct,Future_Period,train_to_2012__test_from_2013,Ridge,signal_increment,-0.017499999999999998,0.984
M1_Macro_vs_M2_Macro_Oil__primary__Oil_Rent_Intensive_Pre2016_ge15pct,Oil_Rents_GDP_Pct_lag1,primary,Oil_Rent_Intensive_Pre2016_ge15pct,Future_Period,train_to_2012__test_from_2013,Ridge,signal_increment,-0.016999999999999998,0.9805
M1_Macro_vs_M2_Macro_Oil__primary__Oil_Rent_Intensive_Pre2016_ge15pct,Oil_Rents_GDP_Pct_lag1,primary,Oil_Rent_Intensive_Pre2016_ge15pct,Future_Period,train_to_2012__test_from_2013,Ridge,signal_increment,-0.016499999999999997,0.9755
M1_Macro_vs_M2_Macro_Oil__primary__Oil_Rent_Intensive_Pre2016_ge15pct,Oil_Rents_GDP_Pct_lag1,primary,Oil_Rent_Intensive_Pre2016_ge15pct,Future_Period,train_to_2012__test_from_2013,Ridge,signal_increment,-0.015999999999999997,0.969
M1_Macro_vs_M2_Macro_Oil__primary__Oil_Rent_Intensive_Pre2016_ge15pct,Oil_Rents_GDP_Pct_lag1,primary,Oil_Rent_Intensive_Pre2016_ge15pct,Future_Period,train_to_2012__test_from_2013,Ridge,signal_increment,-0.015499999999999996,0.9655
M1_Macro_vs_M2_Macro_Oil__primary__Oil_Rent_Intensive_Pre2016_ge15pct,Oil_Rents_GDP_Pct_lag1,primary,Oil_Rent_Intensive_Pre2016_ge15pct,Future_Period,train_to_2012__test_from_2013,Ridge,signal_increment,-0.014999999999999996,0.96
M1_Macro_vs_M2_Macro_Oil__primary__Oil_Rent_Intensive_Pre2016_ge15pct,Oil_Rents_GDP_Pct_lag1,primary,Oil_Rent_Intensive_Pre2016_ge15pct,Future_Period,train_to_2012__test_from_2013,Ridge,signal_increment,-0.014499999999999996,0.9545
M1_Macro_vs_M2_Macro_Oil__primary__Oil_Rent_Intensive_Pre2016_ge15pct,Oil_Rents_GDP_Pct_lag1,primary,Oil_Rent_Intensive_Pre2016_ge15pct,Future_Period,train_to_2012__test_from_2013,Ridge,signal_increment,-0.013999999999999995,0.947
M1_Macro_vs_M2_Macro_Oil__primary__Oil_Rent_Intensive_Pre2016_ge15pct,Oil_Rents_GDP_Pct_lag1,primary,Oil_Rent_Intensive_Pre2016_ge15pct,Future_Period,train_to_2012__test_from_2013,Ridge,signal_increment,-0.013499999999999995,0.935
M1_Macro_vs_M2_Macro_Oil__primary__Oil_Rent_Intensive_Pre2016_ge15pct,Oil_Rents_GDP_Pct_lag1,primary,Oil_Rent_Intensive_Pre2016_ge15pct,Future_Period,train_to_2012__test_from_2013,Ridge,signal_increment,-0.012999999999999994,0.9245
M1_Macro_vs_M2_Macro_Oil__primary__Oil_Rent_Intensive_Pre2016_ge15pct,Oil_Rents_GDP_Pct_lag1,primary,Oil_Rent_Intensive_Pre2016_ge15pct,Future_Period,train_to_2012__test_from_2013,Ridge,signal_increment,-0.012499999999999994,0.91
M1_Macro_vs_M2_Macro_Oil__primary__Oil_Rent_Intensive_Pre2016_ge15pct,Oil_Rents_GDP_Pct_lag1,primary,Oil_Rent_Intensive_Pre2016_ge15pct,Future_Period,train_to_2012__test_from_2013,Ridge,signal_increment,-0.011999999999999993,0.892
M1_Macro_vs_M2_Macro_Oil__primary__Oil_Rent_Intensive_Pre2016_ge15pct,Oil_Rents_GDP_Pct_lag1,primary,Oil_Rent_Intensive_Pre2016_ge15pct,Future_Period,train_to_2012__test_from_2013,Ridge,signal_increment,-0.011499999999999993,0.875
M1_Macro_vs_M2_Macro_Oil__primary__Oil_Rent_Intensive_Pre2016_ge15pct,Oil_Rents_GDP_Pct_lag1,primary,Oil_Rent_Intensive_Pre2016_ge15pct,Future_Period,train_to_2012__test_from_2013,Ridge,signal_increment,-0.010999999999999992,0.854
M1_Macro_vs_M2_Macro_Oil__primary__Oil_Rent_Intensive_Pre2016_ge15pct,Oil_Rents_GDP_Pct_lag1,primary,Oil_Rent_Intensive_Pre2016_ge15pct,Future_Period,train_to_2012__test_from_2013,Ridge,signal_increment,-0.010499999999999992,0.826
M1_Macro_vs_M2_Macro_Oil__primary__Oil_Rent_Intensive_Pre2016_ge15pct,Oil_Rents_GDP_Pct_lag1,primary,Oil_Rent_Intensive_Pre2016_ge15pct,Future_Period,train_to_2012__test_from_2013,Ridge,signal_increment,-0.009999999999999992,0.8045
M1_Macro_vs_M2_Macro_Oil__primary__Oil_Rent_Intensive_Pre2016_ge15pct,Oil_Rents_GDP_Pct_lag1,primary,Oil_Rent_Intensive_Pre2016_ge15pct,Future_Period,train_to_2012__test_from_2013,Ridge,signal_increment,-0.009499999999999991,0.78
M1_Macro_vs_M2_Macro_Oil__primary__Oil_Rent_Intensive_Pre2016_ge15pct,Oil_Rents_GDP_Pct_lag1,primary,Oil_Rent_Intensive_Pre2016_ge15pct,Future_Period,train_to_2012__test_from_2013,Ridge,signal_increment,-0.00899999999999999,0.751
M1_Macro_vs_M2_Macro_Oil__primary__Oil_Rent_Intensive_Pre2016_ge15pct,Oil_Rents_GDP_Pct_lag1,primary,Oil_Rent_Intensive_Pre2016_ge15pct,Future_Period,train_to_2012__test_from_2013,Ridge,signal_increment,-0.00849999999999999,0.725
M1_Macro_vs_M2_Macro_Oil__primary__Oil_Rent_Intensive_Pre2016_ge15pct,Oil_Rents_GDP_Pct_lag1,primary,Oil_Rent_Intensive_Pre2016_ge15pct,Future_Period,train_to_2012__test_from_2013,Ridge,signal_increment,-0.00799999999999999,0.6945
M1_Macro_vs_M2_Macro_Oil__primary__Oil_Rent_Intensive_Pre2016_ge15pct,Oil_Rents_GDP_Pct_lag1,primary,Oil_Rent_Intensive_Pre2016_ge15pct,Future_Period,train_to_2012__test_from_2013,Ridge,signal_increment,-0.007499999999999989,0.6635
M1_Macro_vs_M2_Macro_Oil__primary__Oil_Rent_Intensive_Pre2016_ge15pct,Oil_Rents_GDP_Pct_lag1,primary,Oil_Rent_Intensive_Pre2016_ge15pct,Future_Period,train_to_2012__test_from_2013,Ridge,signal_increment,-0.006999999999999989,0.6295
M1_Macro_vs_M2_Macro_Oil__primary__Oil_Rent_Intensive_Pre2016_ge15pct,Oil_Rents_GDP_Pct_lag1,primary,Oil_Rent_Intensive_Pre2016_ge15pct,Future_Period,train_to_2012__test_from_2013,Ridge,signal_increment,-0.006499999999999988,0.6065
M1_Macro_vs_M2_Macro_Oil__primary__Oil_Rent_Intensive_Pre2016_ge15pct,Oil_Rents_GDP_Pct_lag1,primary,Oil_Rent_Intensive_Pre2016_ge15pct,Future_Period,train_to_2012__test_from_2013,Ridge,signal_increment,-0.005999999999999988,0.5775
M1_Macro_vs_M2_Macro_Oil__primary__Oil_Rent_Intensive_Pre2016_ge15pct,Oil_Rents_GDP_Pct_lag1,primary,Oil_Rent_Intensive_Pre2016_ge15pct,Future_Period,train_to_2012__test_from_2013,Ridge,signal_increment,-0.0054999999999999875,0.54
M1_Macro_vs_M2_Macro_Oil__primary__Oil_Rent_Intensive_Pre2016_ge15pct,Oil_Rents_GDP_Pct_lag1,primary,Oil_Rent_Intensive_Pre2016_ge15pct,Future_Period,train_to_2012__test_from_2013,Ridge,signal_increment,-0.004999999999999987,0.517
M1_Macro_vs_M2_Macro_Oil__primary__Oil_Rent_Intensive_Pre2016_ge15pct,Oil_Rents_GDP_Pct_lag1,primary,Oil_Rent_Intensive_Pre2016_ge15pct,Future_Period,train_to_2012__test_from_2013,Ridge,signal_increment,-0.004499999999999987,0.488
M1_Macro_vs_M2_Macro_Oil__primary__Oil_Rent_Intensive_Pre2016_ge15pct,Oil_Rents_GDP_Pct_lag1,primary,Oil_Rent_Intensive_Pre2016_ge15pct,Future_Period,train_to_2012__test_from_2013,Ridge,signal_increment,-0.003999999999999986,0.4505
M1_Macro_vs_M2_Macro_Oil__primary__Oil_Rent_Intensive_Pre2016_ge15pct,Oil_Rents_GDP_Pct_lag1,primary,Oil_Rent_Intensive_Pre2016_ge15pct,Future_Period,train_to_2012__test_from_2013,Ridge,signal_increment,-0.0034999999999999858,0.422
M1_Macro_vs_M2_Macro_Oil__primary__Oil_Rent_Intensive_Pre2016_ge15pct,Oil_Rents_GDP_Pct_lag1,primary,Oil_Rent_Intensive_Pre2016_ge15pct,Future_Period,train_to_2012__test_from_2013,Ridge,signal_increment,-0.0029999999999999853,0.3925
M1_Macro_vs_M2_Macro_Oil__primary__Oil_Rent_Intensive_Pre2016_ge15pct,Oil_Rents_GDP_Pct_lag1,primary,Oil_Rent_Intensive_Pre2016_ge15pct,Future_Period,train_to_2012__test_from_2013,Ridge,signal_increment,-0.002499999999999985,0.356
M1_Macro_vs_M2_Macro_Oil__primary__Oil_Rent_Intensive_Pre2016_ge15pct,Oil_Rents_GDP_Pct_lag1,primary,Oil_Rent_Intensive_Pre2016_ge15pct,Future_Period,train_to_2012__test_from_2013,Ridge,signal_increment,-0.0019999999999999844,0.331
M1_Macro_vs_M2_Macro_Oil__primary__Oil_Rent_Intensive_Pre2016_ge15pct,Oil_Rents_GDP_Pct_lag1,primary,Oil_Rent_Intensive_Pre2016_ge15pct,Future_Period,train_to_2012__test_from_2013,Ridge,signal_increment,-0.001499999999999984,0.3035
M1_Macro_vs_M2_Macro_Oil__primary__Oil_Rent_Intensive_Pre2016_ge15pct,Oil_Rents_GDP_Pct_lag1,primary,Oil_Rent_Intensive_Pre2016_ge15pct,Future_Period,train_to_2012__test_from_2013,Ridge,signal_increment,-0.0009999999999999835,0.274
M1_Macro_vs_M2_Macro_Oil__primary__Oil_Rent_Intensive_Pre2016_ge15pct,Oil_Rents_GDP_Pct_lag1,primary,Oil_Rent_Intensive_Pre2016_ge15pct,Future_Period,train_to_2012__test_from_2013,Ridge,signal_increment,-0.0004999999999999831,0.2375
M1_Macro_vs_M2_Macro_Oil__primary__Oil_Rent_Intensive_Pre2016_ge15pct,Oil_Rents_GDP_Pct_lag1,primary,Oil_Rent_Intensive_Pre2016_ge15pct,Future_Period,train_to_2012__test_from_2013,Ridge,signal_increment,1.734723475976807e-17,0.2165
M1_Macro_vs_M2_Macro_Oil__primary__Oil_Rent_Intensive_Pre2016_ge15pct,Oil_Rents_GDP_Pct_lag1,primary,Oil_Rent_Intensive_Pre2016_ge15pct,Future_Period,train_to_2012__test_from_2013,Ridge,signal_increment,0.0005000000000000178,0.1935
M1_Macro_vs_M2_Macro_Oil__primary__Oil_Rent_Intensive_Pre2016_ge15pct,Oil_Rents_GDP_Pct_lag1,primary,Oil_Rent_Intensive_Pre2016_ge15pct,Future_Period,train_to_2012__test_from_2013,Ridge,signal_increment,0.0010000000000000182,0.168
M1_Macro_vs_M2_Macro_Oil__primary__Oil_Rent_Intensive_Pre2016_ge15pct,Oil_Rents_GDP_Pct_lag1,primary,Oil_Rent_Intensive_Pre2016_ge15pct,Future_Period,train_to_2012__test_from_2013,Ridge,signal_increment,0.0015000000000000187,0.14
M1_Macro_vs_M2_Macro_Oil__primary__Oil_Rent_Intensive_Pre2016_ge15pct,Oil_Rents_GDP_Pct_lag1,primary,Oil_Rent_Intensive_Pre2016_ge15pct,Future_Period,train_to_2012__test_from_2013,Ridge,signal_increment,0.002000000000000019,0.124
M1_Macro_vs_M2_Macro_Oil__primary__Oil_Rent_Intensive_Pre2016_ge15pct,Oil_Rents_GDP_Pct_lag1,primary,Oil_Rent_Intensive_Pre2016_ge15pct,Future_Period,train_to_2012__test_from_2013,Ridge,signal_increment,0.0025000000000000196,0.1095
M1_Macro_vs_M2_Macro_Oil__primary__Oil_Rent_Intensive_Pre2016_ge15pct,Oil_Rents_GDP_Pct_lag1,primary,Oil_Rent_Intensive_Pre2016_ge15pct,Future_Period,train_to_2012__test_from_2013,Ridge,signal_increment,0.00300000000000002,0.095
M1_Macro_vs_M2_Macro_Oil__primary__Oil_Rent_Intensive_Pre2016_ge15pct,Oil_Rents_GDP_Pct_lag1,primary,Oil_Rent_Intensive_Pre2016_ge15pct,Future_Period,train_to_2012__test_from_2013,Ridge,signal_increment,0.0035000000000000205,0.081
M1_Macro_vs_M2_Macro_Oil__primary__Oil_Rent_Intensive_Pre2016_ge15pct,Oil_Rents_GDP_Pct_lag1,primary,Oil_Rent_Intensive_Pre2016_ge15pct,Future_Period,train_to_2012__test_from_2013,Ridge,signal_increment,0.004000000000000021,0.067
M1_Macro_vs_M2_Macro_Oil__primary__Oil_Rent_Intensive_Pre2016_ge15pct,Oil_Rents_GDP_Pct_lag1,primary,Oil_Rent_Intensive_Pre2016_ge15pct,Future_Period,train_to_2012__test_from_2013,Ridge,signal_increment,0.004500000000000021,0.0585
M1_Macro_vs_M2_Macro_Oil__primary__Oil_Rent_Intensive_Pre2016_ge15pct,Oil_Rents_GDP_Pct_lag1,primary,Oil_Rent_Intensive_Pre2016_ge15pct,Future_Period,train_to_2012__test_from_2013,Ridge,signal_increment,0.005000000000000022,0.048
M1_Macro_vs_M2_Macro_Oil__primary__Oil_Rent_Intensive_Pre2016_ge15pct,Oil_Rents_GDP_Pct_lag1,primary,Oil_Rent_Intensive_Pre2016_ge15pct,Future_Period,train_to_2012__test_from_2013,Ridge,signal_increment,0.005500000000000022,0.041
M1_Macro_vs_M2_Macro_Oil__primary__Oil_Rent_Intensive_Pre2016_ge15pct,Oil_Rents_GDP_Pct_lag1,primary,Oil_Rent_Intensive_Pre2016_ge15pct,Future_Period,train_to_2012__test_from_2013,Ridge,signal_increment,0.006000000000000023,0.035
M1_Macro_vs_M2_Macro_Oil__primary__Oil_Rent_Intensive_Pre2016_ge15pct,Oil_Rents_GDP_Pct_lag1,primary,Oil_Rent_Intensive_Pre2016_ge15pct,Future_Period,train_to_2012__test_from_2013,Ridge,signal_increment,0.006500000000000023,0.029
M1_Macro_vs_M2_Macro_Oil__primary__Oil_Rent_Intensive_Pre2016_ge15pct,Oil_Rents_GDP_Pct_lag1,primary,Oil_Rent_Intensive_Pre2016_ge15pct,Future_Period,train_to_2012__test_from_2013,Ridge,signal_increment,0.0070000000000000236,0.0225
M1_Macro_vs_M2_Macro_Oil__primary__Oil_Rent_Intensive_Pre2016_ge15pct,Oil_Rents_GDP_Pct_lag1,primary,Oil_Rent_Intensive_Pre2016_ge15pct,Future_Period,train_to_2012__test_from_2013,Ridge,signal_increment,0.007500000000000024,0.019
M1_Macro_vs_M2_Macro_Oil__primary__Oil_Rent_Intensive_Pre2016_ge15pct,Oil_Rents_GDP_Pct_lag1,primary,Oil_Rent_Intensive_Pre2016_ge15pct,Future_Period,train_to_2012__test_from_2013,Ridge,signal_increment,0.008000000000000024,0.017
M1_Macro_vs_M2_Macro_Oil__primary__Oil_Rent_Intensive_Pre2016_ge15pct,Oil_Rents_GDP_Pct_lag1,primary,Oil_Rent_Intensive_Pre2016_ge15pct,Future_Period,train_to_2012__test_from_2013,Ridge,signal_increment,0.008500000000000025,0.012
M1_Macro_vs_M2_Macro_Oil__primary__Oil_Rent_Intensive_Pre2016_ge15pct,Oil_Rents_GDP_Pct_lag1,primary,Oil_Rent_Intensive_Pre2016_ge15pct,Future_Period,train_to_2012__test_from_2013,Ridge,signal_increment,0.009000000000000025,0.01
M1_Macro_vs_M2_Macro_Oil__primary__Oil_Rent_Intensive_Pre2016_ge15pct,Oil_Rents_GDP_Pct_lag1,primary,Oil_Rent_Intensive_Pre2016_ge15pct,Future_Period,train_to_2012__test_from_2013,Ridge,signal_increment,0.009500000000000026,0.0075
M1_Macro_vs_M2_Macro_Oil__primary__Oil_Rent_Intensive_Pre2016_ge15pct,Oil_Rents_GDP_Pct_lag1,primary,Oil_Rent_Intensive_Pre2016_ge15pct,Future_Period,train_to_2012__test_from_2013,Ridge,signal_increment,0.010000000000000026,0.0055
M1_Macro_vs_M2_Macro_Oil__primary__Oil_Rent_Intensive_Pre2016_ge15pct,Oil_Rents_GDP_Pct_lag1,primary,Oil_Rent_Intensive_Pre2016_ge15pct,Future_Period,train_to_2012__test_from_2013,Ridge,signal_increment,0.010500000000000027,0.0045
M1_Macro_vs_M2_Macro_Oil__primary__Oil_Rent_Intensive_Pre2016_ge15pct,Oil_Rents_GDP_Pct_lag1,primary,Oil_Rent_Intensive_Pre2016_ge15pct,Future_Period,train_to_2012__test_from_2013,Ridge,signal_increment,0.011000000000000027,0.0035
M1_Macro_vs_M2_Macro_Oil__primary__Oil_Rent_Intensive_Pre2016_ge15pct,Oil_Rents_GDP_Pct_lag1,primary,Oil_Rent_Intensive_Pre2016_ge15pct,Future_Period,train_to_2012__test_from_2013,Ridge,signal_increment,0.011500000000000028,0.0025
M1_Macro_vs_M2_Macro_Oil__primary__Oil_Rent_Intensive_Pre2016_ge15pct,Oil_Rents_GDP_Pct_lag1,primary,Oil_Rent_Intensive_Pre2016_ge15pct,Future_Period,train_to_2012__test_from_2013,Ridge,signal_increment,0.012000000000000028,0.0015
M1_Macro_vs_M2_Macro_Oil__primary__Oil_Rent_Intensive_Pre2016_ge15pct,Oil_Rents_GDP_Pct_lag1,primary,Oil_Rent_Intensive_Pre2016_ge15pct,Future_Period,train_to_2012__test_from_2013,Ridge,signal_increment,0.012500000000000028,0.001
M1_Macro_vs_M2_Macro_Oil__primary__Oil_Rent_Intensive_Pre2016_ge15pct,Oil_Rents_GDP_Pct_lag1,primary,Oil_Rent_Intensive_Pre2016_ge15pct,Future_Period,train_to_2012__test_from_2013,Ridge,signal_increment,0.013000000000000029,0.001
M1_Macro_vs_M2_Macro_Oil__primary__Oil_Rent_Intensive_Pre2016_ge15pct,Oil_Rents_GDP_Pct_lag1,primary,Oil_Rent_Intensive_Pre2016_ge15pct,Future_Period,train_to_2012__test_from_2013,Ridge,signal_increment,0.01350000000000003,0.0005
M1_Macro_vs_M2_Macro_Oil__primary__Oil_Rent_Intensive_Pre2016_ge15pct,Oil_Rents_GDP_Pct_lag1,primary,Oil_Rent_Intensive_Pre2016_ge15pct,Future_Period,train_to_2012__test_from_2013,Ridge,signal_increment,0.01400000000000003,0.0
M1_Macro_vs_M2_Macro_Oil__primary__Oil_Rent_Intensive_Pre2016_ge15pct,Oil_Rents_GDP_Pct_lag1,primary,Oil_Rent_Intensive_Pre2016_ge15pct,Future_Period,train_to_2012__test_from_2013,Ridge,signal_increment,0.01450000000000003,0.0
M1_Macro_vs_M2_Macro_Oil__primary__Oil_Rent_Intensive_Pre2016_ge15pct,Oil_Rents_GDP_Pct_lag1,primary,Oil_Rent_Intensive_Pre2016_ge15pct,Future_Period,train_to_2012__test_from_2013,Ridge,signal_increment,0.01500000000000003,0.0
M1_Macro_vs_M2_Macro_Oil__primary__Oil_Rent_Intensive_Pre2016_ge15pct,Oil_Rents_GDP_Pct_lag1,primary,Oil_Rent_Intensive_Pre2016_ge15pct,Future_Period,train_to_2012__test_from_2013,Ridge,signal_increment,0.015500000000000031,0.0
M1_Macro_vs_M2_Macro_Oil__primary__Oil_Rent_Intensive_Pre2016_ge15pct,Oil_Rents_GDP_Pct_lag1,primary,Oil_Rent_Intensive_Pre2016_ge15pct,Future_Period,train_to_2012__test_from_2013,Ridge,signal_increment,0.01600000000000003,0.0
M1_Macro_vs_M2_Macro_Oil__primary__Oil_Rent_Intensive_Pre2016_ge15pct,Oil_Rents_GDP_Pct_lag1,primary,Oil_Rent_Intensive_Pre2016_ge15pct,Future_Period,train_to_2012__test_from_2013,Ridge,signal_increment,0.016500000000000032,0.0
M1_Macro_vs_M2_Macro_Oil__primary__Oil_Rent_Intensive_Pre2016_ge15pct,Oil_Rents_GDP_Pct_lag1,primary,Oil_Rent_Intensive_Pre2016_ge15pct,Future_Period,train_to_2012__test_from_2013,Ridge,signal_increment,0.017000000000000032,0.0
M1_Macro_vs_M2_Macro_Oil__primary__Oil_Rent_Intensive_Pre2016_ge15pct,Oil_Rents_GDP_Pct_lag1,primary,Oil_Rent_Intensive_Pre2016_ge15pct,Future_Period,train_to_2012__test_from_2013,Ridge,signal_increment,0.017500000000000033,0.0
M1_Macro_vs_M2_Macro_Oil__primary__Oil_Rent_Intensive_Pre2016_ge15pct,Oil_Rents_GDP_Pct_lag1,primary,Oil_Rent_Intensive_Pre2016_ge15pct,Future_Period,train_to_2012__test_from_2013,Ridge,signal_increment,0.018000000000000033,0.0
M1_Macro_vs_M2_Macro_Oil__primary__Oil_Rent_Intensive_Pre2016_ge15pct,Oil_Rents_GDP_Pct_lag1,primary,Oil_Rent_Intensive_Pre2016_ge15pct,Future_Period,train_to_2012__test_from_2013,Ridge,signal_increment,0.018500000000000034,0.0
M1_Macro_vs_M2_Macro_Oil__primary__Oil_Rent_Intensive_Pre2016_ge15pct,Oil_Rents_GDP_Pct_lag1,primary,Oil_Rent_Intensive_Pre2016_ge15pct,Future_Period,train_to_2012__test_from_2013,Ridge,signal_increment,0.019000000000000034,0.0
M1_Macro_vs_M2_Macro_Oil__primary__Oil_Rent_Intensive_Pre2016_ge15pct,Oil_Rents_GDP_Pct_lag1,primary,Oil_Rent_Intensive_Pre2016_ge15pct,Future_Period,train_to_2012__test_from_2013,Ridge,signal_increment,0.019500000000000035,0.0
M1_Macro_vs_M2_Macro_Oil__primary__Oil_Rent_Intensive_Pre2016_ge15pct,Oil_Rents_GDP_Pct_lag1,primary,Oil_Rent_Intensive_Pre2016_ge15pct,Future_Period,train_to_2012__test_from_2013,Ridge,signal_increment,0.020000000000000035,0.0
M1_Macro_vs_M2_Macro_Oil__primary__Oil_Rent_Intensive_Pre2016_ge15pct,Oil_Rents_GDP_Pct_lag1,primary,Oil_Rent_Intensive_Pre2016_ge15pct,Future_Period,train_to_2012__test_from_2013,Ridge,signal_increment,0.020500000000000036,0.0
M1_Macro_vs_M2_Macro_Oil__primary__Oil_Rent_Intensive_Pre2016_ge15pct,Oil_Rents_GDP_Pct_lag1,primary,Oil_Rent_Intensive_Pre2016_ge15pct,Future_Period,train_to_2012__test_from_2013,Ridge,signal_increment,0.021000000000000036,0.0
M1_Macro_vs_M2_Macro_Oil__primary__Oil_Rent_Intensive_Pre2016_ge15pct,Oil_Rents_GDP_Pct_lag1,primary,Oil_Rent_Intensive_Pre2016_ge15pct,Future_Period,train_to_2012__test_from_2013,Ridge,signal_increment,0.021500000000000036,0.0
M1_Macro_vs_M2_Macro_Oil__primary__Oil_Rent_Intensive_Pre2016_ge15pct,Oil_Rents_GDP_Pct_lag1,primary,Oil_Rent_Intensive_Pre2016_ge15pct,Future_Period,train_to_2012__test_from_2013,Ridge,signal_increment,0.022000000000000037,0.0
M1_Macro_vs_M2_Macro_Oil__primary__Oil_Rent_Intensive_Pre2016_ge15pct,Oil_Rents_GDP_Pct_lag1,primary,Oil_Rent_Intensive_Pre2016_ge15pct,Future_Period,train_to_2012__test_from_2013,Ridge,signal_increment,0.022500000000000037,0.0
M1_Macro_vs_M2_Macro_Oil__primary__Oil_Rent_Intensive_Pre2016_ge15pct,Oil_Rents_GDP_Pct_lag1,primary,Oil_Rent_Intensive_Pre2016_ge15pct,Future_Period,train_to_2012__test_from_2013,Ridge,signal_increment,0.023000000000000038,0.0
M1_Macro_vs_M2_Macro_Oil__primary__Oil_Rent_Intensive_Pre2016_ge15pct,Oil_Rents_GDP_Pct_lag1,primary,Oil_Rent_Intensive_Pre2016_ge15pct,Future_Period,train_to_2012__test_from_2013,Ridge,signal_increment,0.023500000000000038,0.0
M1_Macro_vs_M2_Macro_Oil__primary__Oil_Rent_Intensive_Pre2016_ge15pct,Oil_Rents_GDP_Pct_lag1,primary,Oil_Rent_Intensive_Pre2016_ge15pct,Future_Period,train_to_2012__test_from_2013,Ridge,signal_increment,0.02400000000000004,0.0
M1_Macro_vs_M2_Macro_Oil__primary__Oil_Rent_Intensive_Pre2016_ge15pct,Oil_Rents_GDP_Pct_lag1,primary,Oil_Rent_Intensive_Pre2016_ge15pct,Future_Period,train_to_2012__test_from_2013,Ridge,signal_increment,0.02450000000000004,0.0
M1_Macro_vs_M2_Macro_Oil__primary__Oil_Rent_Intensive_Pre2016_ge15pct,Oil_Rents_GDP_Pct_lag1,primary,Oil_Rent_Intensive_Pre2016_ge15pct,Future_Period,train_to_2012__test_from_2013,Ridge,signal_increment,0.02500000000000004,0.0
M1_Macro_vs_M2_Macro_Oil__primary__Oil_Rent_Intensive_Pre2016_ge15pct,Oil_Rents_GDP_Pct_lag1,primary,Oil_Rent_Intensive_Pre2016_ge15pct,Future_Period,train_to_2012__test_from_2013,Ridge,signal_increment,0.02550000000000004,0.0
M1_Macro_vs_M2_Macro_Oil__primary__Oil_Rent_Intensive_Pre2016_ge15pct,Oil_Rents_GDP_Pct_lag1,primary,Oil_Rent_Intensive_Pre2016_ge15pct,Future_Period,train_to_2012__test_from_2013,Ridge,signal_increment,0.02600000000000004,0.0
M1_Macro_vs_M2_Macro_Oil__primary__Oil_Rent_Intensive_Pre2016_ge15pct,Oil_Rents_GDP_Pct_lag1,primary,Oil_Rent_Intensive_Pre2016_ge15pct,Future_Period,train_to_2012__test_from_2013,Ridge,signal_increment,0.02650000000000004,0.0
M1_Macro_vs_M2_Macro_Oil__primary__Oil_Rent_Intensive_Pre2016_ge15pct,Oil_Rents_GDP_Pct_lag1,primary,Oil_Rent_Intensive_Pre2016_ge15pct,Future_Period,train_to_2012__test_from_2013,Ridge,signal_increment,0.02700000000000004,0.0
M1_Macro_vs_M2_Macro_Oil__primary__Oil_Rent_Intensive_Pre2016_ge15pct,Oil_Rents_GDP_Pct_lag1,primary,Oil_Rent_Intensive_Pre2016_ge15pct,Future_Period,train_to_2012__test_from_2013,Ridge,signal_increment,0.027500000000000042,0.0
M1_Macro_vs_M2_Macro_Oil__primary__Oil_Rent_Intensive_Pre2016_ge15pct,Oil_Rents_GDP_Pct_lag1,primary,Oil_Rent_Intensive_Pre2016_ge15pct,Future_Period,train_to_2012__test_from_2013,Ridge,signal_increment,0.028000000000000042,0.0
M1_Macro_vs_M2_Macro_Oil__primary__Oil_Rent_Intensive_Pre2016_ge15pct,Oil_Rents_GDP_Pct_lag1,primary,Oil_Rent_Intensive_Pre2016_ge15pct,Future_Period,train_to_2012__test_from_2013,Ridge,signal_increment,0.028500000000000043,0.0
M1_Macro_vs_M2_Macro_Oil__primary__Oil_Rent_Intensive_Pre2016_ge15pct,Oil_Rents_GDP_Pct_lag1,primary,Oil_Rent_Intensive_Pre2016_ge15pct,Future_Period,train_to_2012__test_from_2013,Ridge,signal_increment,0.029000000000000043,0.0
M1_Macro_vs_M2_Macro_Oil__primary__Oil_Rent_Intensive_Pre2016_ge15pct,Oil_Rents_GDP_Pct_lag1,primary,Oil_Rent_Intensive_Pre2016_ge15pct,Future_Period,train_to_2012__test_from_2013,Ridge,signal_increment,0.029500000000000044,0.0
M1_Macro_vs_M2_Macro_Oil__primary__Oil_Rent_Intensive_Pre2016_ge15pct,Oil_Rents_GDP_Pct_lag1,primary,Oil_Rent_Intensive_Pre2016_ge15pct,Future_Period,train_to_2012__test_from_2013,Ridge,signal_increment,0.030000000000000044,0.0
M1_Macro_vs_M2_Macro_Oil__primary__Oil_Rent_Intensive_Pre2016_ge15pct,Oil_Rents_GDP_Pct_lag1,primary,Oil_Rent_Intensive_Pre2016_ge15pct,Future_Period,train_to_2012__test_from_2013,Ridge,added_model_vs_strongest_benchmark,-0.02,0.916
M1_Macro_vs_M2_Macro_Oil__primary__Oil_Rent_Intensive_Pre2016_ge15pct,Oil_Rents_GDP_Pct_lag1,primary,Oil_Rent_Intensive_Pre2016_ge15pct,Future_Period,train_to_2012__test_from_2013,Ridge,added_model_vs_strongest_benchmark,-0.0195,0.9155
M1_Macro_vs_M2_Macro_Oil__primary__Oil_Rent_Intensive_Pre2016_ge15pct,Oil_Rents_GDP_Pct_lag1,primary,Oil_Rent_Intensive_Pre2016_ge15pct,Future_Period,train_to_2012__test_from_2013,Ridge,added_model_vs_strongest_benchmark,-0.019,0.915
M1_Macro_vs_M2_Macro_Oil__primary__Oil_Rent_Intensive_Pre2016_ge15pct,Oil_Rents_GDP_Pct_lag1,primary,Oil_Rent_Intensive_Pre2016_ge15pct,Future_Period,train_to_2012__test_from_2013,Ridge,added_model_vs_strongest_benchmark,-0.0185,0.9145
M1_Macro_vs_M2_Macro_Oil__primary__Oil_Rent_Intensive_Pre2016_ge15pct,Oil_Rents_GDP_Pct_lag1,primary,Oil_Rent_Intensive_Pre2016_ge15pct,Future_Period,train_to_2012__test_from_2013,Ridge,added_model_vs_strongest_benchmark,-0.018,0.9135
M1_Macro_vs_M2_Macro_Oil__primary__Oil_Rent_Intensive_Pre2016_ge15pct,Oil_Rents_GDP_Pct_lag1,primary,Oil_Rent_Intensive_Pre2016_ge15pct,Future_Period,train_to_2012__test_from_2013,Ridge,added_model_vs_strongest_benchmark,-0.017499999999999998,0.913
M1_Macro_vs_M2_Macro_Oil__primary__Oil_Rent_Intensive_Pre2016_ge15pct,Oil_Rents_GDP_Pct_lag1,primary,Oil_Rent_Intensive_Pre2016_ge15pct,Future_Period,train_to_2012__test_from_2013,Ridge,added_model_vs_strongest_benchmark,-0.016999999999999998,0.9125
M1_Macro_vs_M2_Macro_Oil__primary__Oil_Rent_Intensive_Pre2016_ge15pct,Oil_Rents_GDP_Pct_lag1,primary,Oil_Rent_Intensive_Pre2016_ge15pct,Future_Period,train_to_2012__test_from_2013,Ridge,added_model_vs_strongest_benchmark,-0.016499999999999997,0.912
M1_Macro_vs_M2_Macro_Oil__primary__Oil_Rent_Intensive_Pre2016_ge15pct,Oil_Rents_GDP_Pct_lag1,primary,Oil_Rent_Intensive_Pre2016_ge15pct,Future_Period,train_to_2012__test_from_2013,Ridge,added_model_vs_strongest_benchmark,-0.015999999999999997,0.9095
M1_Macro_vs_M2_Macro_Oil__primary__Oil_Rent_Intensive_Pre2016_ge15pct,Oil_Rents_GDP_Pct_lag1,primary,Oil_Rent_Intensive_Pre2016_ge15pct,Future_Period,train_to_2012__test_from_2013,Ridge,added_model_vs_strongest_benchmark,-0.015499999999999996,0.908
M1_Macro_vs_M2_Macro_Oil__primary__Oil_Rent_Intensive_Pre2016_ge15pct,Oil_Rents_GDP_Pct_lag1,primary,Oil_Rent_Intensive_Pre2016_ge15pct,Future_Period,train_to_2012__test_from_2013,Ridge,added_model_vs_strongest_benchmark,-0.014999999999999996,0.9045
M1_Macro_vs_M2_Macro_Oil__primary__Oil_Rent_Intensive_Pre2016_ge15pct,Oil_Rents_GDP_Pct_lag1,primary,Oil_Rent_Intensive_Pre2016_ge15pct,Future_Period,train_to_2012__test_from_2013,Ridge,added_model_vs_strongest_benchmark,-0.014499999999999996,0.9035
M1_Macro_vs_M2_Macro_Oil__primary__Oil_Rent_Intensive_Pre2016_ge15pct,Oil_Rents_GDP_Pct_lag1,primary,Oil_Rent_Intensive_Pre2016_ge15pct,Future_Period,train_to_2012__test_from_2013,Ridge,added_model_vs_strongest_benchmark,-0.013999999999999995,0.903
M1_Macro_vs_M2_Macro_Oil__primary__Oil_Rent_Intensive_Pre2016_ge15pct,Oil_Rents_GDP_Pct_lag1,primary,Oil_Rent_Intensive_Pre2016_ge15pct,Future_Period,train_to_2012__test_from_2013,Ridge,added_model_vs_strongest_benchmark,-0.013499999999999995,0.9015
M1_Macro_vs_M2_Macro_Oil__primary__Oil_Rent_Intensive_Pre2016_ge15pct,Oil_Rents_GDP_Pct_lag1,primary,Oil_Rent_Intensive_Pre2016_ge15pct,Future_Period,train_to_2012__test_from_2013,Ridge,added_model_vs_strongest_benchmark,-0.012999999999999994,0.9
M1_Macro_vs_M2_Macro_Oil__primary__Oil_Rent_Intensive_Pre2016_ge15pct,Oil_Rents_GDP_Pct_lag1,primary,Oil_Rent_Intensive_Pre2016_ge15pct,Future_Period,train_to_2012__test_from_2013,Ridge,added_model_vs_strongest_benchmark,-0.012499999999999994,0.898
M1_Macro_vs_M2_Macro_Oil__primary__Oil_Rent_Intensive_Pre2016_ge15pct,Oil_Rents_GDP_Pct_lag1,primary,Oil_Rent_Intensive_Pre2016_ge15pct,Future_Period,train_to_2012__test_from_2013,Ridge,added_model_vs_strongest_benchmark,-0.011999999999999993,0.896
M1_Macro_vs_M2_Macro_Oil__primary__Oil_Rent_Intensive_Pre2016_ge15pct,Oil_Rents_GDP_Pct_lag1,primary,Oil_Rent_Intensive_Pre2016_ge15pct,Future_Period,train_to_2012__test_from_2013,Ridge,added_model_vs_strongest_benchmark,-0.011499999999999993,0.896
M1_Macro_vs_M2_Macro_Oil__primary__Oil_Rent_Intensive_Pre2016_ge15pct,Oil_Rents_GDP_Pct_lag1,primary,Oil_Rent_Intensive_Pre2016_ge15pct,Future_Period,train_to_2012__test_from_2013,Ridge,added_model_vs_strongest_benchmark,-0.010999999999999992,0.8955
M1_Macro_vs_M2_Macro_Oil__primary__Oil_Rent_Intensive_Pre2016_ge15pct,Oil_Rents_GDP_Pct_lag1,primary,Oil_Rent_Intensive_Pre2016_ge15pct,Future_Period,train_to_2012__test_from_2013,Ridge,added_model_vs_strongest_benchmark,-0.010499999999999992,0.895
M1_Macro_vs_M2_Macro_Oil__primary__Oil_Rent_Intensive_Pre2016_ge15pct,Oil_Rents_GDP_Pct_lag1,primary,Oil_Rent_Intensive_Pre2016_ge15pct,Future_Period,train_to_2012__test_from_2013,Ridge,added_model_vs_strongest_benchmark,-0.009999999999999992,0.8945
M1_Macro_vs_M2_Macro_Oil__primary__Oil_Rent_Intensive_Pre2016_ge15pct,Oil_Rents_GDP_Pct_lag1,primary,Oil_Rent_Intensive_Pre2016_ge15pct,Future_Period,train_to_2012__test_from_2013,Ridge,added_model_vs_strongest_benchmark,-0.009499999999999991,0.893
M1_Macro_vs_M2_Macro_Oil__primary__Oil_Rent_Intensive_Pre2016_ge15pct,Oil_Rents_GDP_Pct_lag1,primary,Oil_Rent_Intensive_Pre2016_ge15pct,Future_Period,train_to_2012__test_from_2013,Ridge,added_model_vs_strongest_benchmark,-0.00899999999999999,0.8925
M1_Macro_vs_M2_Macro_Oil__primary__Oil_Rent_Intensive_Pre2016_ge15pct,Oil_Rents_GDP_Pct_lag1,primary,Oil_Rent_Intensive_Pre2016_ge15pct,Future_Period,train_to_2012__test_from_2013,Ridge,added_model_vs_strongest_benchmark,-0.00849999999999999,0.8915
M1_Macro_vs_M2_Macro_Oil__primary__Oil_Rent_Intensive_Pre2016_ge15pct,Oil_Rents_GDP_Pct_lag1,primary,Oil_Rent_Intensive_Pre2016_ge15pct,Future_Period,train_to_2012__test_from_2013,Ridge,added_model_vs_strongest_benchmark,-0.00799999999999999,0.891
M1_Macro_vs_M2_Macro_Oil__primary__Oil_Rent_Intensive_Pre2016_ge15pct,Oil_Rents_GDP_Pct_lag1,primary,Oil_Rent_Intensive_Pre2016_ge15pct,Future_Period,train_to_2012__test_from_2013,Ridge,added_model_vs_strongest_benchmark,-0.007499999999999989,0.8885
M1_Macro_vs_M2_Macro_Oil__primary__Oil_Rent_Intensive_Pre2016_ge15pct,Oil_Rents_GDP_Pct_lag1,primary,Oil_Rent_Intensive_Pre2016_ge15pct,Future_Period,train_to_2012__test_from_2013,Ridge,added_model_vs_strongest_benchmark,-0.006999999999999989,0.8875
M1_Macro_vs_M2_Macro_Oil__primary__Oil_Rent_Intensive_Pre2016_ge15pct,Oil_Rents_GDP_Pct_lag1,primary,Oil_Rent_Intensive_Pre2016_ge15pct,Future_Period,train_to_2012__test_from_2013,Ridge,added_model_vs_strongest_benchmark,-0.006499999999999988,0.887
M1_Macro_vs_M2_Macro_Oil__primary__Oil_Rent_Intensive_Pre2016_ge15pct,Oil_Rents_GDP_Pct_lag1,primary,Oil_Rent_Intensive_Pre2016_ge15pct,Future_Period,train_to_2012__test_from_2013,Ridge,added_model_vs_strongest_benchmark,-0.005999999999999988,0.886
M1_Macro_vs_M2_Macro_Oil__primary__Oil_Rent_Intensive_Pre2016_ge15pct,Oil_Rents_GDP_Pct_lag1,primary,Oil_Rent_Intensive_Pre2016_ge15pct,Future_Period,train_to_2012__test_from_2013,Ridge,added_model_vs_strongest_benchmark,-0.0054999999999999875,0.884
M1_Macro_vs_M2_Macro_Oil__primary__Oil_Rent_Intensive_Pre2016_ge15pct,Oil_Rents_GDP_Pct_lag1,primary,Oil_Rent_Intensive_Pre2016_ge15pct,Future_Period,train_to_2012__test_from_2013,Ridge,added_model_vs_strongest_benchmark,-0.004999999999999987,0.884
M1_Macro_vs_M2_Macro_Oil__primary__Oil_Rent_Intensive_Pre2016_ge15pct,Oil_Rents_GDP_Pct_lag1,primary,Oil_Rent_Intensive_Pre2016_ge15pct,Future_Period,train_to_2012__test_from_2013,Ridge,added_model_vs_strongest_benchmark,-0.004499999999999987,0.8835
M1_Macro_vs_M2_Macro_Oil__primary__Oil_Rent_Intensive_Pre2016_ge15pct,Oil_Rents_GDP_Pct_lag1,primary,Oil_Rent_Intensive_Pre2016_ge15pct,Future_Period,train_to_2012__test_from_2013,Ridge,added_model_vs_strongest_benchmark,-0.003999999999999986,0.8815
M1_Macro_vs_M2_Macro_Oil__primary__Oil_Rent_Intensive_Pre2016_ge15pct,Oil_Rents_GDP_Pct_lag1,primary,Oil_Rent_Intensive_Pre2016_ge15pct,Future_Period,train_to_2012__test_from_2013,Ridge,added_model_vs_strongest_benchmark,-0.0034999999999999858,0.878
M1_Macro_vs_M2_Macro_Oil__primary__Oil_Rent_Intensive_Pre2016_ge15pct,Oil_Rents_GDP_Pct_lag1,primary,Oil_Rent_Intensive_Pre2016_ge15pct,Future_Period,train_to_2012__test_from_2013,Ridge,added_model_vs_strongest_benchmark,-0.0029999999999999853,0.8765
M1_Macro_vs_M2_Macro_Oil__primary__Oil_Rent_Intensive_Pre2016_ge15pct,Oil_Rents_GDP_Pct_lag1,primary,Oil_Rent_Intensive_Pre2016_ge15pct,Future_Period,train_to_2012__test_from_2013,Ridge,added_model_vs_strongest_benchmark,-0.002499999999999985,0.876
M1_Macro_vs_M2_Macro_Oil__primary__Oil_Rent_Intensive_Pre2016_ge15pct,Oil_Rents_GDP_Pct_lag1,primary,Oil_Rent_Intensive_Pre2016_ge15pct,Future_Period,train_to_2012__test_from_2013,Ridge,added_model_vs_strongest_benchmark,-0.0019999999999999844,0.8755
M1_Macro_vs_M2_Macro_Oil__primary__Oil_Rent_Intensive_Pre2016_ge15pct,Oil_Rents_GDP_Pct_lag1,primary,Oil_Rent_Intensive_Pre2016_ge15pct,Future_Period,train_to_2012__test_from_2013,Ridge,added_model_vs_strongest_benchmark,-0.001499999999999984,0.8735
M1_Macro_vs_M2_Macro_Oil__primary__Oil_Rent_Intensive_Pre2016_ge15pct,Oil_Rents_GDP_Pct_lag1,primary,Oil_Rent_Intensive_Pre2016_ge15pct,Future_Period,train_to_2012__test_from_2013,Ridge,added_model_vs_strongest_benchmark,-0.0009999999999999835,0.873
M1_Macro_vs_M2_Macro_Oil__primary__Oil_Rent_Intensive_Pre2016_ge15pct,Oil_Rents_GDP_Pct_lag1,primary,Oil_Rent_Intensive_Pre2016_ge15pct,Future_Period,train_to_2012__test_from_2013,Ridge,added_model_vs_strongest_benchmark,-0.0004999999999999831,0.8715
M1_Macro_vs_M2_Macro_Oil__primary__Oil_Rent_Intensive_Pre2016_ge15pct,Oil_Rents_GDP_Pct_lag1,primary,Oil_Rent_Intensive_Pre2016_ge15pct,Future_Period,train_to_2012__test_from_2013,Ridge,added_model_vs_strongest_benchmark,1.734723475976807e-17,0.87
M1_Macro_vs_M2_Macro_Oil__primary__Oil_Rent_Intensive_Pre2016_ge15pct,Oil_Rents_GDP_Pct_lag1,primary,Oil_Rent_Intensive_Pre2016_ge15pct,Future_Period,train_to_2012__test_from_2013,Ridge,added_model_vs_strongest_benchmark,0.0005000000000000178,0.8695
M1_Macro_vs_M2_Macro_Oil__primary__Oil_Rent_Intensive_Pre2016_ge15pct,Oil_Rents_GDP_Pct_lag1,primary,Oil_Rent_Intensive_Pre2016_ge15pct,Future_Period,train_to_2012__test_from_2013,Ridge,added_model_vs_strongest_benchmark,0.0010000000000000182,0.869
M1_Macro_vs_M2_Macro_Oil__primary__Oil_Rent_Intensive_Pre2016_ge15pct,Oil_Rents_GDP_Pct_lag1,primary,Oil_Rent_Intensive_Pre2016_ge15pct,Future_Period,train_to_2012__test_from_2013,Ridge,added_model_vs_strongest_benchmark,0.0015000000000000187,0.8665
M1_Macro_vs_M2_Macro_Oil__primary__Oil_Rent_Intensive_Pre2016_ge15pct,Oil_Rents_GDP_Pct_lag1,primary,Oil_Rent_Intensive_Pre2016_ge15pct,Future_Period,train_to_2012__test_from_2013,Ridge,added_model_vs_strongest_benchmark,0.002000000000000019,0.866
M1_Macro_vs_M2_Macro_Oil__primary__Oil_Rent_Intensive_Pre2016_ge15pct,Oil_Rents_GDP_Pct_lag1,primary,Oil_Rent_Intensive_Pre2016_ge15pct,Future_Period,train_to_2012__test_from_2013,Ridge,added_model_vs_strongest_benchmark,0.0025000000000000196,0.865
M1_Macro_vs_M2_Macro_Oil__primary__Oil_Rent_Intensive_Pre2016_ge15pct,Oil_Rents_GDP_Pct_lag1,primary,Oil_Rent_Intensive_Pre2016_ge15pct,Future_Period,train_to_2012__test_from_2013,Ridge,added_model_vs_strongest_benchmark,0.00300000000000002,0.8645
M1_Macro_vs_M2_Macro_Oil__primary__Oil_Rent_Intensive_Pre2016_ge15pct,Oil_Rents_GDP_Pct_lag1,primary,Oil_Rent_Intensive_Pre2016_ge15pct,Future_Period,train_to_2012__test_from_2013,Ridge,added_model_vs_strongest_benchmark,0.0035000000000000205,0.863
M1_Macro_vs_M2_Macro_Oil__primary__Oil_Rent_Intensive_Pre2016_ge15pct,Oil_Rents_GDP_Pct_lag1,primary,Oil_Rent_Intensive_Pre2016_ge15pct,Future_Period,train_to_2012__test_from_2013,Ridge,added_model_vs_strongest_benchmark,0.004000000000000021,0.8625
M1_Macro_vs_M2_Macro_Oil__primary__Oil_Rent_Intensive_Pre2016_ge15pct,Oil_Rents_GDP_Pct_lag1,primary,Oil_Rent_Intensive_Pre2016_ge15pct,Future_Period,train_to_2012__test_from_2013,Ridge,added_model_vs_strongest_benchmark,0.004500000000000021,0.8605
M1_Macro_vs_M2_Macro_Oil__primary__Oil_Rent_Intensive_Pre2016_ge15pct,Oil_Rents_GDP_Pct_lag1,primary,Oil_Rent_Intensive_Pre2016_ge15pct,Future_Period,train_to_2012__test_from_2013,Ridge,added_model_vs_strongest_benchmark,0.005000000000000022,0.8595
M1_Macro_vs_M2_Macro_Oil__primary__Oil_Rent_Intensive_Pre2016_ge15pct,Oil_Rents_GDP_Pct_lag1,primary,Oil_Rent_Intensive_Pre2016_ge15pct,Future_Period,train_to_2012__test_from_2013,Ridge,added_model_vs_strongest_benchmark,0.005500000000000022,0.8595
M1_Macro_vs_M2_Macro_Oil__primary__Oil_Rent_Intensive_Pre2016_ge15pct,Oil_Rents_GDP_Pct_lag1,primary,Oil_Rent_Intensive_Pre2016_ge15pct,Future_Period,train_to_2012__test_from_2013,Ridge,added_model_vs_strongest_benchmark,0.006000000000000023,0.859
M1_Macro_vs_M2_Macro_Oil__primary__Oil_Rent_Intensive_Pre2016_ge15pct,Oil_Rents_GDP_Pct_lag1,primary,Oil_Rent_Intensive_Pre2016_ge15pct,Future_Period,train_to_2012__test_from_2013,Ridge,added_model_vs_strongest_benchmark,0.006500000000000023,0.8565
M1_Macro_vs_M2_Macro_Oil__primary__Oil_Rent_Intensive_Pre2016_ge15pct,Oil_Rents_GDP_Pct_lag1,primary,Oil_Rent_Intensive_Pre2016_ge15pct,Future_Period,train_to_2012__test_from_2013,Ridge,added_model_vs_strongest_benchmark,0.0070000000000000236,0.855
M1_Macro_vs_M2_Macro_Oil__primary__Oil_Rent_Intensive_Pre2016_ge15pct,Oil_Rents_GDP_Pct_lag1,primary,Oil_Rent_Intensive_Pre2016_ge15pct,Future_Period,train_to_2012__test_from_2013,Ridge,added_model_vs_strongest_benchmark,0.007500000000000024,0.854
M1_Macro_vs_M2_Macro_Oil__primary__Oil_Rent_Intensive_Pre2016_ge15pct,Oil_Rents_GDP_Pct_lag1,primary,Oil_Rent_Intensive_Pre2016_ge15pct,Future_Period,train_to_2012__test_from_2013,Ridge,added_model_vs_strongest_benchmark,0.008000000000000024,0.853
M1_Macro_vs_M2_Macro_Oil__primary__Oil_Rent_Intensive_Pre2016_ge15pct,Oil_Rents_GDP_Pct_lag1,primary,Oil_Rent_Intensive_Pre2016_ge15pct,Future_Period,train_to_2012__test_from_2013,Ridge,added_model_vs_strongest_benchmark,0.008500000000000025,0.853
M1_Macro_vs_M2_Macro_Oil__primary__Oil_Rent_Intensive_Pre2016_ge15pct,Oil_Rents_GDP_Pct_lag1,primary,Oil_Rent_Intensive_Pre2016_ge15pct,Future_Period,train_to_2012__test_from_2013,Ridge,added_model_vs_strongest_benchmark,0.009000000000000025,0.852
M1_Macro_vs_M2_Macro_Oil__primary__Oil_Rent_Intensive_Pre2016_ge15pct,Oil_Rents_GDP_Pct_lag1,primary,Oil_Rent_Intensive_Pre2016_ge15pct,Future_Period,train_to_2012__test_from_2013,Ridge,added_model_vs_strongest_benchmark,0.009500000000000026,0.8495
M1_Macro_vs_M2_Macro_Oil__primary__Oil_Rent_Intensive_Pre2016_ge15pct,Oil_Rents_GDP_Pct_lag1,primary,Oil_Rent_Intensive_Pre2016_ge15pct,Future_Period,train_to_2012__test_from_2013,Ridge,added_model_vs_strongest_benchmark,0.010000000000000026,0.8485
M1_Macro_vs_M2_Macro_Oil__primary__Oil_Rent_Intensive_Pre2016_ge15pct,Oil_Rents_GDP_Pct_lag1,primary,Oil_Rent_Intensive_Pre2016_ge15pct,Future_Period,train_to_2012__test_from_2013,Ridge,added_model_vs_strongest_benchmark,0.010500000000000027,0.847
M1_Macro_vs_M2_Macro_Oil__primary__Oil_Rent_Intensive_Pre2016_ge15pct,Oil_Rents_GDP_Pct_lag1,primary,Oil_Rent_Intensive_Pre2016_ge15pct,Future_Period,train_to_2012__test_from_2013,Ridge,added_model_vs_strongest_benchmark,0.011000000000000027,0.8445
M1_Macro_vs_M2_Macro_Oil__primary__Oil_Rent_Intensive_Pre2016_ge15pct,Oil_Rents_GDP_Pct_lag1,primary,Oil_Rent_Intensive_Pre2016_ge15pct,Future_Period,train_to_2012__test_from_2013,Ridge,added_model_vs_strongest_benchmark,0.011500000000000028,0.8425
M1_Macro_vs_M2_Macro_Oil__primary__Oil_Rent_Intensive_Pre2016_ge15pct,Oil_Rents_GDP_Pct_lag1,primary,Oil_Rent_Intensive_Pre2016_ge15pct,Future_Period,train_to_2012__test_from_2013,Ridge,added_model_vs_strongest_benchmark,0.012000000000000028,0.8405
M1_Macro_vs_M2_Macro_Oil__primary__Oil_Rent_Intensive_Pre2016_ge15pct,Oil_Rents_GDP_Pct_lag1,primary,Oil_Rent_Intensive_Pre2016_ge15pct,Future_Period,train_to_2012__test_from_2013,Ridge,added_model_vs_strongest_benchmark,0.012500000000000028,0.8405
M1_Macro_vs_M2_Macro_Oil__primary__Oil_Rent_Intensive_Pre2016_ge15pct,Oil_Rents_GDP_Pct_lag1,primary,Oil_Rent_Intensive_Pre2016_ge15pct,Future_Period,train_to_2012__test_from_2013,Ridge,added_model_vs_strongest_benchmark,0.013000000000000029,0.8395
M1_Macro_vs_M2_Macro_Oil__primary__Oil_Rent_Intensive_Pre2016_ge15pct,Oil_Rents_GDP_Pct_lag1,primary,Oil_Rent_Intensive_Pre2016_ge15pct,Future_Period,train_to_2012__test_from_2013,Ridge,added_model_vs_strongest_benchmark,0.01350000000000003,0.838
M1_Macro_vs_M2_Macro_Oil__primary__Oil_Rent_Intensive_Pre2016_ge15pct,Oil_Rents_GDP_Pct_lag1,primary,Oil_Rent_Intensive_Pre2016_ge15pct,Future_Period,train_to_2012__test_from_2013,Ridge,added_model_vs_strongest_benchmark,0.01400000000000003,0.836
M1_Macro_vs_M2_Macro_Oil__primary__Oil_Rent_Intensive_Pre2016_ge15pct,Oil_Rents_GDP_Pct_lag1,primary,Oil_Rent_Intensive_Pre2016_ge15pct,Future_Period,train_to_2012__test_from_2013,Ridge,added_model_vs_strongest_benchmark,0.01450000000000003,0.8335
M1_Macro_vs_M2_Macro_Oil__primary__Oil_Rent_Intensive_Pre2016_ge15pct,Oil_Rents_GDP_Pct_lag1,primary,Oil_Rent_Intensive_Pre2016_ge15pct,Future_Period,train_to_2012__test_from_2013,Ridge,added_model_vs_strongest_benchmark,0.01500000000000003,0.8325
M1_Macro_vs_M2_Macro_Oil__primary__Oil_Rent_Intensive_Pre2016_ge15pct,Oil_Rents_GDP_Pct_lag1,primary,Oil_Rent_Intensive_Pre2016_ge15pct,Future_Period,train_to_2012__test_from_2013,Ridge,added_model_vs_strongest_benchmark,0.015500000000000031,0.8315
M1_Macro_vs_M2_Macro_Oil__primary__Oil_Rent_Intensive_Pre2016_ge15pct,Oil_Rents_GDP_Pct_lag1,primary,Oil_Rent_Intensive_Pre2016_ge15pct,Future_Period,train_to_2012__test_from_2013,Ridge,added_model_vs_strongest_benchmark,0.01600000000000003,0.83
M1_Macro_vs_M2_Macro_Oil__primary__Oil_Rent_Intensive_Pre2016_ge15pct,Oil_Rents_GDP_Pct_lag1,primary,Oil_Rent_Intensive_Pre2016_ge15pct,Future_Period,train_to_2012__test_from_2013,Ridge,added_model_vs_strongest_benchmark,0.016500000000000032,0.829
M1_Macro_vs_M2_Macro_Oil__primary__Oil_Rent_Intensive_Pre2016_ge15pct,Oil_Rents_GDP_Pct_lag1,primary,Oil_Rent_Intensive_Pre2016_ge15pct,Future_Period,train_to_2012__test_from_2013,Ridge,added_model_vs_strongest_benchmark,0.017000000000000032,0.826
M1_Macro_vs_M2_Macro_Oil__primary__Oil_Rent_Intensive_Pre2016_ge15pct,Oil_Rents_GDP_Pct_lag1,primary,Oil_Rent_Intensive_Pre2016_ge15pct,Future_Period,train_to_2012__test_from_2013,Ridge,added_model_vs_strongest_benchmark,0.017500000000000033,0.8235
M1_Macro_vs_M2_Macro_Oil__primary__Oil_Rent_Intensive_Pre2016_ge15pct,Oil_Rents_GDP_Pct_lag1,primary,Oil_Rent_Intensive_Pre2016_ge15pct,Future_Period,train_to_2012__test_from_2013,Ridge,added_model_vs_strongest_benchmark,0.018000000000000033,0.8225
M1_Macro_vs_M2_Macro_Oil__primary__Oil_Rent_Intensive_Pre2016_ge15pct,Oil_Rents_GDP_Pct_lag1,primary,Oil_Rent_Intensive_Pre2016_ge15pct,Future_Period,train_to_2012__test_from_2013,Ridge,added_model_vs_strongest_benchmark,0.018500000000000034,0.8215
M1_Macro_vs_M2_Macro_Oil__primary__Oil_Rent_Intensive_Pre2016_ge15pct,Oil_Rents_GDP_Pct_lag1,primary,Oil_Rent_Intensive_Pre2016_ge15pct,Future_Period,train_to_2012__test_from_2013,Ridge,added_model_vs_strongest_benchmark,0.019000000000000034,0.819
M1_Macro_vs_M2_Macro_Oil__primary__Oil_Rent_Intensive_Pre2016_ge15pct,Oil_Rents_GDP_Pct_lag1,primary,Oil_Rent_Intensive_Pre2016_ge15pct,Future_Period,train_to_2012__test_from_2013,Ridge,added_model_vs_strongest_benchmark,0.019500000000000035,0.818
M1_Macro_vs_M2_Macro_Oil__primary__Oil_Rent_Intensive_Pre2016_ge15pct,Oil_Rents_GDP_Pct_lag1,primary,Oil_Rent_Intensive_Pre2016_ge15pct,Future_Period,train_to_2012__test_from_2013,Ridge,added_model_vs_strongest_benchmark,0.020000000000000035,0.817
M1_Macro_vs_M2_Macro_Oil__primary__Oil_Rent_Intensive_Pre2016_ge15pct,Oil_Rents_GDP_Pct_lag1,primary,Oil_Rent_Intensive_Pre2016_ge15pct,Future_Period,train_to_2012__test_from_2013,Ridge,added_model_vs_strongest_benchmark,0.020500000000000036,0.814
M1_Macro_vs_M2_Macro_Oil__primary__Oil_Rent_Intensive_Pre2016_ge15pct,Oil_Rents_GDP_Pct_lag1,primary,Oil_Rent_Intensive_Pre2016_ge15pct,Future_Period,train_to_2012__test_from_2013,Ridge,added_model_vs_strongest_benchmark,0.021000000000000036,0.812
M1_Macro_vs_M2_Macro_Oil__primary__Oil_Rent_Intensive_Pre2016_ge15pct,Oil_Rents_GDP_Pct_lag1,primary,Oil_Rent_Intensive_Pre2016_ge15pct,Future_Period,train_to_2012__test_from_2013,Ridge,added_model_vs_strongest_benchmark,0.021500000000000036,0.808
M1_Macro_vs_M2_Macro_Oil__primary__Oil_Rent_Intensive_Pre2016_ge15pct,Oil_Rents_GDP_Pct_lag1,primary,Oil_Rent_Intensive_Pre2016_ge15pct,Future_Period,train_to_2012__test_from_2013,Ridge,added_model_vs_strongest_benchmark,0.022000000000000037,0.8045
M1_Macro_vs_M2_Macro_Oil__primary__Oil_Rent_Intensive_Pre2016_ge15pct,Oil_Rents_GDP_Pct_lag1,primary,Oil_Rent_Intensive_Pre2016_ge15pct,Future_Period,train_to_2012__test_from_2013,Ridge,added_model_vs_strongest_benchmark,0.022500000000000037,0.8025
M1_Macro_vs_M2_Macro_Oil__primary__Oil_Rent_Intensive_Pre2016_ge15pct,Oil_Rents_GDP_Pct_lag1,primary,Oil_Rent_Intensive_Pre2016_ge15pct,Future_Period,train_to_2012__test_from_2013,Ridge,added_model_vs_strongest_benchmark,0.023000000000000038,0.801
M1_Macro_vs_M2_Macro_Oil__primary__Oil_Rent_Intensive_Pre2016_ge15pct,Oil_Rents_GDP_Pct_lag1,primary,Oil_Rent_Intensive_Pre2016_ge15pct,Future_Period,train_to_2012__test_from_2013,Ridge,added_model_vs_strongest_benchmark,0.023500000000000038,0.7995
M1_Macro_vs_M2_Macro_Oil__primary__Oil_Rent_Intensive_Pre2016_ge15pct,Oil_Rents_GDP_Pct_lag1,primary,Oil_Rent_Intensive_Pre2016_ge15pct,Future_Period,train_to_2012__test_from_2013,Ridge,added_model_vs_strongest_benchmark,0.02400000000000004,0.798
M1_Macro_vs_M2_Macro_Oil__primary__Oil_Rent_Intensive_Pre2016_ge15pct,Oil_Rents_GDP_Pct_lag1,primary,Oil_Rent_Intensive_Pre2016_ge15pct,Future_Period,train_to_2012__test_from_2013,Ridge,added_model_vs_strongest_benchmark,0.02450000000000004,0.7965
M1_Macro_vs_M2_Macro_Oil__primary__Oil_Rent_Intensive_Pre2016_ge15pct,Oil_Rents_GDP_Pct_lag1,primary,Oil_Rent_Intensive_Pre2016_ge15pct,Future_Period,train_to_2012__test_from_2013,Ridge,added_model_vs_strongest_benchmark,0.02500000000000004,0.7945
M1_Macro_vs_M2_Macro_Oil__primary__Oil_Rent_Intensive_Pre2016_ge15pct,Oil_Rents_GDP_Pct_lag1,primary,Oil_Rent_Intensive_Pre2016_ge15pct,Future_Period,train_to_2012__test_from_2013,Ridge,added_model_vs_strongest_benchmark,0.02550000000000004,0.794
M1_Macro_vs_M2_Macro_Oil__primary__Oil_Rent_Intensive_Pre2016_ge15pct,Oil_Rents_GDP_Pct_lag1,primary,Oil_Rent_Intensive_Pre2016_ge15pct,Future_Period,train_to_2012__test_from_2013,Ridge,added_model_vs_strongest_benchmark,0.02600000000000004,0.791
M1_Macro_vs_M2_Macro_Oil__primary__Oil_Rent_Intensive_Pre2016_ge15pct,Oil_Rents_GDP_Pct_lag1,primary,Oil_Rent_Intensive_Pre2016_ge15pct,Future_Period,train_to_2012__test_from_2013,Ridge,added_model_vs_strongest_benchmark,0.02650000000000004,0.7905
M1_Macro_vs_M2_Macro_Oil__primary__Oil_Rent_Intensive_Pre2016_ge15pct,Oil_Rents_GDP_Pct_lag1,primary,Oil_Rent_Intensive_Pre2016_ge15pct,Future_Period,train_to_2012__test_from_2013,Ridge,added_model_vs_strongest_benchmark,0.02700000000000004,0.789
M1_Macro_vs_M2_Macro_Oil__primary__Oil_Rent_Intensive_Pre2016_ge15pct,Oil_Rents_GDP_Pct_lag1,primary,Oil_Rent_Intensive_Pre2016_ge15pct,Future_Period,train_to_2012__test_from_2013,Ridge,added_model_vs_strongest_benchmark,0.027500000000000042,0.7875
M1_Macro_vs_M2_Macro_Oil__primary__Oil_Rent_Intensive_Pre2016_ge15pct,Oil_Rents_GDP_Pct_lag1,primary,Oil_Rent_Intensive_Pre2016_ge15pct,Future_Period,train_to_2012__test_from_2013,Ridge,added_model_vs_strongest_benchmark,0.028000000000000042,0.7855
M1_Macro_vs_M2_Macro_Oil__primary__Oil_Rent_Intensive_Pre2016_ge15pct,Oil_Rents_GDP_Pct_lag1,primary,Oil_Rent_Intensive_Pre2016_ge15pct,Future_Period,train_to_2012__test_from_2013,Ridge,added_model_vs_strongest_benchmark,0.028500000000000043,0.784
M1_Macro_vs_M2_Macro_Oil__primary__Oil_Rent_Intensive_Pre2016_ge15pct,Oil_Rents_GDP_Pct_lag1,primary,Oil_Rent_Intensive_Pre2016_ge15pct,Future_Period,train_to_2012__test_from_2013,Ridge,added_model_vs_strongest_benchmark,0.029000000000000043,0.7805
M1_Macro_vs_M2_Macro_Oil__primary__Oil_Rent_Intensive_Pre2016_ge15pct,Oil_Rents_GDP_Pct_lag1,primary,Oil_Rent_Intensive_Pre2016_ge15pct,Future_Period,train_to_2012__test_from_2013,Ridge,added_model_vs_strongest_benchmark,0.029500000000000044,0.779
M1_Macro_vs_M2_Macro_Oil__primary__Oil_Rent_Intensive_Pre2016_ge15pct,Oil_Rents_GDP_Pct_lag1,primary,Oil_Rent_Intensive_Pre2016_ge15pct,Future_Period,train_to_2012__test_from_2013,Ridge,added_model_vs_strongest_benchmark,0.030000000000000044,0.776
M1_Macro_vs_M2_Macro_Oil__primary__Oil_Rent_Intensive_Pre2016_ge15pct,Oil_Rents_GDP_Pct_lag1,primary,Oil_Rent_Intensive_Pre2016_ge15pct,Future_Period,train_to_2012__test_from_2013,ElasticNet,signal_increment,-0.02,0.994
M1_Macro_vs_M2_Macro_Oil__primary__Oil_Rent_Intensive_Pre2016_ge15pct,Oil_Rents_GDP_Pct_lag1,primary,Oil_Rent_Intensive_Pre2016_ge15pct,Future_Period,train_to_2012__test_from_2013,ElasticNet,signal_increment,-0.0195,0.9935
M1_Macro_vs_M2_Macro_Oil__primary__Oil_Rent_Intensive_Pre2016_ge15pct,Oil_Rents_GDP_Pct_lag1,primary,Oil_Rent_Intensive_Pre2016_ge15pct,Future_Period,train_to_2012__test_from_2013,ElasticNet,signal_increment,-0.019,0.992
M1_Macro_vs_M2_Macro_Oil__primary__Oil_Rent_Intensive_Pre2016_ge15pct,Oil_Rents_GDP_Pct_lag1,primary,Oil_Rent_Intensive_Pre2016_ge15pct,Future_Period,train_to_2012__test_from_2013,ElasticNet,signal_increment,-0.0185,0.991
M1_Macro_vs_M2_Macro_Oil__primary__Oil_Rent_Intensive_Pre2016_ge15pct,Oil_Rents_GDP_Pct_lag1,primary,Oil_Rent_Intensive_Pre2016_ge15pct,Future_Period,train_to_2012__test_from_2013,ElasticNet,signal_increment,-0.018,0.99
M1_Macro_vs_M2_Macro_Oil__primary__Oil_Rent_Intensive_Pre2016_ge15pct,Oil_Rents_GDP_Pct_lag1,primary,Oil_Rent_Intensive_Pre2016_ge15pct,Future_Period,train_to_2012__test_from_2013,ElasticNet,signal_increment,-0.017499999999999998,0.987
M1_Macro_vs_M2_Macro_Oil__primary__Oil_Rent_Intensive_Pre2016_ge15pct,Oil_Rents_GDP_Pct_lag1,primary,Oil_Rent_Intensive_Pre2016_ge15pct,Future_Period,train_to_2012__test_from_2013,ElasticNet,signal_increment,-0.016999999999999998,0.982
M1_Macro_vs_M2_Macro_Oil__primary__Oil_Rent_Intensive_Pre2016_ge15pct,Oil_Rents_GDP_Pct_lag1,primary,Oil_Rent_Intensive_Pre2016_ge15pct,Future_Period,train_to_2012__test_from_2013,ElasticNet,signal_increment,-0.016499999999999997,0.977
M1_Macro_vs_M2_Macro_Oil__primary__Oil_Rent_Intensive_Pre2016_ge15pct,Oil_Rents_GDP_Pct_lag1,primary,Oil_Rent_Intensive_Pre2016_ge15pct,Future_Period,train_to_2012__test_from_2013,ElasticNet,signal_increment,-0.015999999999999997,0.971
M1_Macro_vs_M2_Macro_Oil__primary__Oil_Rent_Intensive_Pre2016_ge15pct,Oil_Rents_GDP_Pct_lag1,primary,Oil_Rent_Intensive_Pre2016_ge15pct,Future_Period,train_to_2012__test_from_2013,ElasticNet,signal_increment,-0.015499999999999996,0.9665
M1_Macro_vs_M2_Macro_Oil__primary__Oil_Rent_Intensive_Pre2016_ge15pct,Oil_Rents_GDP_Pct_lag1,primary,Oil_Rent_Intensive_Pre2016_ge15pct,Future_Period,train_to_2012__test_from_2013,ElasticNet,signal_increment,-0.014999999999999996,0.9615
M1_Macro_vs_M2_Macro_Oil__primary__Oil_Rent_Intensive_Pre2016_ge15pct,Oil_Rents_GDP_Pct_lag1,primary,Oil_Rent_Intensive_Pre2016_ge15pct,Future_Period,train_to_2012__test_from_2013,ElasticNet,signal_increment,-0.014499999999999996,0.957
M1_Macro_vs_M2_Macro_Oil__primary__Oil_Rent_Intensive_Pre2016_ge15pct,Oil_Rents_GDP_Pct_lag1,primary,Oil_Rent_Intensive_Pre2016_ge15pct,Future_Period,train_to_2012__test_from_2013,ElasticNet,signal_increment,-0.013999999999999995,0.95
M1_Macro_vs_M2_Macro_Oil__primary__Oil_Rent_Intensive_Pre2016_ge15pct,Oil_Rents_GDP_Pct_lag1,primary,Oil_Rent_Intensive_Pre2016_ge15pct,Future_Period,train_to_2012__test_from_2013,ElasticNet,signal_increment,-0.013499999999999995,0.9395
M1_Macro_vs_M2_Macro_Oil__primary__Oil_Rent_Intensive_Pre2016_ge15pct,Oil_Rents_GDP_Pct_lag1,primary,Oil_Rent_Intensive_Pre2016_ge15pct,Future_Period,train_to_2012__test_from_2013,ElasticNet,signal_increment,-0.012999999999999994,0.9285
M1_Macro_vs_M2_Macro_Oil__primary__Oil_Rent_Intensive_Pre2016_ge15pct,Oil_Rents_GDP_Pct_lag1,primary,Oil_Rent_Intensive_Pre2016_ge15pct,Future_Period,train_to_2012__test_from_2013,ElasticNet,signal_increment,-0.012499999999999994,0.915
M1_Macro_vs_M2_Macro_Oil__primary__Oil_Rent_Intensive_Pre2016_ge15pct,Oil_Rents_GDP_Pct_lag1,primary,Oil_Rent_Intensive_Pre2016_ge15pct,Future_Period,train_to_2012__test_from_2013,ElasticNet,signal_increment,-0.011999999999999993,0.895
M1_Macro_vs_M2_Macro_Oil__primary__Oil_Rent_Intensive_Pre2016_ge15pct,Oil_Rents_GDP_Pct_lag1,primary,Oil_Rent_Intensive_Pre2016_ge15pct,Future_Period,train_to_2012__test_from_2013,ElasticNet,signal_increment,-0.011499999999999993,0.881
M1_Macro_vs_M2_Macro_Oil__primary__Oil_Rent_Intensive_Pre2016_ge15pct,Oil_Rents_GDP_Pct_lag1,primary,Oil_Rent_Intensive_Pre2016_ge15pct,Future_Period,train_to_2012__test_from_2013,ElasticNet,signal_increment,-0.010999999999999992,0.862
M1_Macro_vs_M2_Macro_Oil__primary__Oil_Rent_Intensive_Pre2016_ge15pct,Oil_Rents_GDP_Pct_lag1,primary,Oil_Rent_Intensive_Pre2016_ge15pct,Future_Period,train_to_2012__test_from_2013,ElasticNet,signal_increment,-0.010499999999999992,0.835
M1_Macro_vs_M2_Macro_Oil__primary__Oil_Rent_Intensive_Pre2016_ge15pct,Oil_Rents_GDP_Pct_lag1,primary,Oil_Rent_Intensive_Pre2016_ge15pct,Future_Period,train_to_2012__test_from_2013,ElasticNet,signal_increment,-0.009999999999999992,0.81
M1_Macro_vs_M2_Macro_Oil__primary__Oil_Rent_Intensive_Pre2016_ge15pct,Oil_Rents_GDP_Pct_lag1,primary,Oil_Rent_Intensive_Pre2016_ge15pct,Future_Period,train_to_2012__test_from_2013,ElasticNet,signal_increment,-0.009499999999999991,0.7885
M1_Macro_vs_M2_Macro_Oil__primary__Oil_Rent_Intensive_Pre2016_ge15pct,Oil_Rents_GDP_Pct_lag1,primary,Oil_Rent_Intensive_Pre2016_ge15pct,Future_Period,train_to_2012__test_from_2013,ElasticNet,signal_increment,-0.00899999999999999,0.7605
M1_Macro_vs_M2_Macro_Oil__primary__Oil_Rent_Intensive_Pre2016_ge15pct,Oil_Rents_GDP_Pct_lag1,primary,Oil_Rent_Intensive_Pre2016_ge15pct,Future_Period,train_to_2012__test_from_2013,ElasticNet,signal_increment,-0.00849999999999999,0.7315
M1_Macro_vs_M2_Macro_Oil__primary__Oil_Rent_Intensive_Pre2016_ge15pct,Oil_Rents_GDP_Pct_lag1,primary,Oil_Rent_Intensive_Pre2016_ge15pct,Future_Period,train_to_2012__test_from_2013,ElasticNet,signal_increment,-0.00799999999999999,0.702
M1_Macro_vs_M2_Macro_Oil__primary__Oil_Rent_Intensive_Pre2016_ge15pct,Oil_Rents_GDP_Pct_lag1,primary,Oil_Rent_Intensive_Pre2016_ge15pct,Future_Period,train_to_2012__test_from_2013,ElasticNet,signal_increment,-0.007499999999999989,0.6725
M1_Macro_vs_M2_Macro_Oil__primary__Oil_Rent_Intensive_Pre2016_ge15pct,Oil_Rents_GDP_Pct_lag1,primary,Oil_Rent_Intensive_Pre2016_ge15pct,Future_Period,train_to_2012__test_from_2013,ElasticNet,signal_increment,-0.006999999999999989,0.6395
M1_Macro_vs_M2_Macro_Oil__primary__Oil_Rent_Intensive_Pre2016_ge15pct,Oil_Rents_GDP_Pct_lag1,primary,Oil_Rent_Intensive_Pre2016_ge15pct,Future_Period,train_to_2012__test_from_2013,ElasticNet,signal_increment,-0.006499999999999988,0.6145
M1_Macro_vs_M2_Macro_Oil__primary__Oil_Rent_Intensive_Pre2016_ge15pct,Oil_Rents_GDP_Pct_lag1,primary,Oil_Rent_Intensive_Pre2016_ge15pct,Future_Period,train_to_2012__test_from_2013,ElasticNet,signal_increment,-0.005999999999999988,0.5855
M1_Macro_vs_M2_Macro_Oil__primary__Oil_Rent_Intensive_Pre2016_ge15pct,Oil_Rents_GDP_Pct_lag1,primary,Oil_Rent_Intensive_Pre2016_ge15pct,Future_Period,train_to_2012__test_from_2013,ElasticNet,signal_increment,-0.0054999999999999875,0.5505
M1_Macro_vs_M2_Macro_Oil__primary__Oil_Rent_Intensive_Pre2016_ge15pct,Oil_Rents_GDP_Pct_lag1,primary,Oil_Rent_Intensive_Pre2016_ge15pct,Future_Period,train_to_2012__test_from_2013,ElasticNet,signal_increment,-0.004999999999999987,0.5235
M1_Macro_vs_M2_Macro_Oil__primary__Oil_Rent_Intensive_Pre2016_ge15pct,Oil_Rents_GDP_Pct_lag1,primary,Oil_Rent_Intensive_Pre2016_ge15pct,Future_Period,train_to_2012__test_from_2013,ElasticNet,signal_increment,-0.004499999999999987,0.4945
M1_Macro_vs_M2_Macro_Oil__primary__Oil_Rent_Intensive_Pre2016_ge15pct,Oil_Rents_GDP_Pct_lag1,primary,Oil_Rent_Intensive_Pre2016_ge15pct,Future_Period,train_to_2012__test_from_2013,ElasticNet,signal_increment,-0.003999999999999986,0.4625
M1_Macro_vs_M2_Macro_Oil__primary__Oil_Rent_Intensive_Pre2016_ge15pct,Oil_Rents_GDP_Pct_lag1,primary,Oil_Rent_Intensive_Pre2016_ge15pct,Future_Period,train_to_2012__test_from_2013,ElasticNet,signal_increment,-0.0034999999999999858,0.4295
M1_Macro_vs_M2_Macro_Oil__primary__Oil_Rent_Intensive_Pre2016_ge15pct,Oil_Rents_GDP_Pct_lag1,primary,Oil_Rent_Intensive_Pre2016_ge15pct,Future_Period,train_to_2012__test_from_2013,ElasticNet,signal_increment,-0.0029999999999999853,0.3995
M1_Macro_vs_M2_Macro_Oil__primary__Oil_Rent_Intensive_Pre2016_ge15pct,Oil_Rents_GDP_Pct_lag1,primary,Oil_Rent_Intensive_Pre2016_ge15pct,Future_Period,train_to_2012__test_from_2013,ElasticNet,signal_increment,-0.002499999999999985,0.3705
M1_Macro_vs_M2_Macro_Oil__primary__Oil_Rent_Intensive_Pre2016_ge15pct,Oil_Rents_GDP_Pct_lag1,primary,Oil_Rent_Intensive_Pre2016_ge15pct,Future_Period,train_to_2012__test_from_2013,ElasticNet,signal_increment,-0.0019999999999999844,0.3385
M1_Macro_vs_M2_Macro_Oil__primary__Oil_Rent_Intensive_Pre2016_ge15pct,Oil_Rents_GDP_Pct_lag1,primary,Oil_Rent_Intensive_Pre2016_ge15pct,Future_Period,train_to_2012__test_from_2013,ElasticNet,signal_increment,-0.001499999999999984,0.3075
M1_Macro_vs_M2_Macro_Oil__primary__Oil_Rent_Intensive_Pre2016_ge15pct,Oil_Rents_GDP_Pct_lag1,primary,Oil_Rent_Intensive_Pre2016_ge15pct,Future_Period,train_to_2012__test_from_2013,ElasticNet,signal_increment,-0.0009999999999999835,0.2825
M1_Macro_vs_M2_Macro_Oil__primary__Oil_Rent_Intensive_Pre2016_ge15pct,Oil_Rents_GDP_Pct_lag1,primary,Oil_Rent_Intensive_Pre2016_ge15pct,Future_Period,train_to_2012__test_from_2013,ElasticNet,signal_increment,-0.0004999999999999831,0.247
M1_Macro_vs_M2_Macro_Oil__primary__Oil_Rent_Intensive_Pre2016_ge15pct,Oil_Rents_GDP_Pct_lag1,primary,Oil_Rent_Intensive_Pre2016_ge15pct,Future_Period,train_to_2012__test_from_2013,ElasticNet,signal_increment,1.734723475976807e-17,0.221
M1_Macro_vs_M2_Macro_Oil__primary__Oil_Rent_Intensive_Pre2016_ge15pct,Oil_Rents_GDP_Pct_lag1,primary,Oil_Rent_Intensive_Pre2016_ge15pct,Future_Period,train_to_2012__test_from_2013,ElasticNet,signal_increment,0.0005000000000000178,0.2005
M1_Macro_vs_M2_Macro_Oil__primary__Oil_Rent_Intensive_Pre2016_ge15pct,Oil_Rents_GDP_Pct_lag1,primary,Oil_Rent_Intensive_Pre2016_ge15pct,Future_Period,train_to_2012__test_from_2013,ElasticNet,signal_increment,0.0010000000000000182,0.174
M1_Macro_vs_M2_Macro_Oil__primary__Oil_Rent_Intensive_Pre2016_ge15pct,Oil_Rents_GDP_Pct_lag1,primary,Oil_Rent_Intensive_Pre2016_ge15pct,Future_Period,train_to_2012__test_from_2013,ElasticNet,signal_increment,0.0015000000000000187,0.147
M1_Macro_vs_M2_Macro_Oil__primary__Oil_Rent_Intensive_Pre2016_ge15pct,Oil_Rents_GDP_Pct_lag1,primary,Oil_Rent_Intensive_Pre2016_ge15pct,Future_Period,train_to_2012__test_from_2013,ElasticNet,signal_increment,0.002000000000000019,0.1295
M1_Macro_vs_M2_Macro_Oil__primary__Oil_Rent_Intensive_Pre2016_ge15pct,Oil_Rents_GDP_Pct_lag1,primary,Oil_Rent_Intensive_Pre2016_ge15pct,Future_Period,train_to_2012__test_from_2013,ElasticNet,signal_increment,0.0025000000000000196,0.113
M1_Macro_vs_M2_Macro_Oil__primary__Oil_Rent_Intensive_Pre2016_ge15pct,Oil_Rents_GDP_Pct_lag1,primary,Oil_Rent_Intensive_Pre2016_ge15pct,Future_Period,train_to_2012__test_from_2013,ElasticNet,signal_increment,0.00300000000000002,0.096
M1_Macro_vs_M2_Macro_Oil__primary__Oil_Rent_Intensive_Pre2016_ge15pct,Oil_Rents_GDP_Pct_lag1,primary,Oil_Rent_Intensive_Pre2016_ge15pct,Future_Period,train_to_2012__test_from_2013,ElasticNet,signal_increment,0.0035000000000000205,0.086
M1_Macro_vs_M2_Macro_Oil__primary__Oil_Rent_Intensive_Pre2016_ge15pct,Oil_Rents_GDP_Pct_lag1,primary,Oil_Rent_Intensive_Pre2016_ge15pct,Future_Period,train_to_2012__test_from_2013,ElasticNet,signal_increment,0.004000000000000021,0.072
M1_Macro_vs_M2_Macro_Oil__primary__Oil_Rent_Intensive_Pre2016_ge15pct,Oil_Rents_GDP_Pct_lag1,primary,Oil_Rent_Intensive_Pre2016_ge15pct,Future_Period,train_to_2012__test_from_2013,ElasticNet,signal_increment,0.004500000000000021,0.0605
M1_Macro_vs_M2_Macro_Oil__primary__Oil_Rent_Intensive_Pre2016_ge15pct,Oil_Rents_GDP_Pct_lag1,primary,Oil_Rent_Intensive_Pre2016_ge15pct,Future_Period,train_to_2012__test_from_2013,ElasticNet,signal_increment,0.005000000000000022,0.0485
M1_Macro_vs_M2_Macro_Oil__primary__Oil_Rent_Intensive_Pre2016_ge15pct,Oil_Rents_GDP_Pct_lag1,primary,Oil_Rent_Intensive_Pre2016_ge15pct,Future_Period,train_to_2012__test_from_2013,ElasticNet,signal_increment,0.005500000000000022,0.042
M1_Macro_vs_M2_Macro_Oil__primary__Oil_Rent_Intensive_Pre2016_ge15pct,Oil_Rents_GDP_Pct_lag1,primary,Oil_Rent_Intensive_Pre2016_ge15pct,Future_Period,train_to_2012__test_from_2013,ElasticNet,signal_increment,0.006000000000000023,0.036
M1_Macro_vs_M2_Macro_Oil__primary__Oil_Rent_Intensive_Pre2016_ge15pct,Oil_Rents_GDP_Pct_lag1,primary,Oil_Rent_Intensive_Pre2016_ge15pct,Future_Period,train_to_2012__test_from_2013,ElasticNet,signal_increment,0.006500000000000023,0.03
M1_Macro_vs_M2_Macro_Oil__primary__Oil_Rent_Intensive_Pre2016_ge15pct,Oil_Rents_GDP_Pct_lag1,primary,Oil_Rent_Intensive_Pre2016_ge15pct,Future_Period,train_to_2012__test_from_2013,ElasticNet,signal_increment,0.0070000000000000236,0.024
M1_Macro_vs_M2_Macro_Oil__primary__Oil_Rent_Intensive_Pre2016_ge15pct,Oil_Rents_GDP_Pct_lag1,primary,Oil_Rent_Intensive_Pre2016_ge15pct,Future_Period,train_to_2012__test_from_2013,ElasticNet,signal_increment,0.007500000000000024,0.0195
M1_Macro_vs_M2_Macro_Oil__primary__Oil_Rent_Intensive_Pre2016_ge15pct,Oil_Rents_GDP_Pct_lag1,primary,Oil_Rent_Intensive_Pre2016_ge15pct,Future_Period,train_to_2012__test_from_2013,ElasticNet,signal_increment,0.008000000000000024,0.0175
M1_Macro_vs_M2_Macro_Oil__primary__Oil_Rent_Intensive_Pre2016_ge15pct,Oil_Rents_GDP_Pct_lag1,primary,Oil_Rent_Intensive_Pre2016_ge15pct,Future_Period,train_to_2012__test_from_2013,ElasticNet,signal_increment,0.008500000000000025,0.013
M1_Macro_vs_M2_Macro_Oil__primary__Oil_Rent_Intensive_Pre2016_ge15pct,Oil_Rents_GDP_Pct_lag1,primary,Oil_Rent_Intensive_Pre2016_ge15pct,Future_Period,train_to_2012__test_from_2013,ElasticNet,signal_increment,0.009000000000000025,0.0105
M1_Macro_vs_M2_Macro_Oil__primary__Oil_Rent_Intensive_Pre2016_ge15pct,Oil_Rents_GDP_Pct_lag1,primary,Oil_Rent_Intensive_Pre2016_ge15pct,Future_Period,train_to_2012__test_from_2013,ElasticNet,signal_increment,0.009500000000000026,0.0075
M1_Macro_vs_M2_Macro_Oil__primary__Oil_Rent_Intensive_Pre2016_ge15pct,Oil_Rents_GDP_Pct_lag1,primary,Oil_Rent_Intensive_Pre2016_ge15pct,Future_Period,train_to_2012__test_from_2013,ElasticNet,signal_increment,0.010000000000000026,0.006
M1_Macro_vs_M2_Macro_Oil__primary__Oil_Rent_Intensive_Pre2016_ge15pct,Oil_Rents_GDP_Pct_lag1,primary,Oil_Rent_Intensive_Pre2016_ge15pct,Future_Period,train_to_2012__test_from_2013,ElasticNet,signal_increment,0.010500000000000027,0.005
M1_Macro_vs_M2_Macro_Oil__primary__Oil_Rent_Intensive_Pre2016_ge15pct,Oil_Rents_GDP_Pct_lag1,primary,Oil_Rent_Intensive_Pre2016_ge15pct,Future_Period,train_to_2012__test_from_2013,ElasticNet,signal_increment,0.011000000000000027,0.0035
M1_Macro_vs_M2_Macro_Oil__primary__Oil_Rent_Intensive_Pre2016_ge15pct,Oil_Rents_GDP_Pct_lag1,primary,Oil_Rent_Intensive_Pre2016_ge15pct,Future_Period,train_to_2012__test_from_2013,ElasticNet,signal_increment,0.011500000000000028,0.0025
M1_Macro_vs_M2_Macro_Oil__primary__Oil_Rent_Intensive_Pre2016_ge15pct,Oil_Rents_GDP_Pct_lag1,primary,Oil_Rent_Intensive_Pre2016_ge15pct,Future_Period,train_to_2012__test_from_2013,ElasticNet,signal_increment,0.012000000000000028,0.0015
M1_Macro_vs_M2_Macro_Oil__primary__Oil_Rent_Intensive_Pre2016_ge15pct,Oil_Rents_GDP_Pct_lag1,primary,Oil_Rent_Intensive_Pre2016_ge15pct,Future_Period,train_to_2012__test_from_2013,ElasticNet,signal_increment,0.012500000000000028,0.001
M1_Macro_vs_M2_Macro_Oil__primary__Oil_Rent_Intensive_Pre2016_ge15pct,Oil_Rents_GDP_Pct_lag1,primary,Oil_Rent_Intensive_Pre2016_ge15pct,Future_Period,train_to_2012__test_from_2013,ElasticNet,signal_increment,0.013000000000000029,0.001
M1_Macro_vs_M2_Macro_Oil__primary__Oil_Rent_Intensive_Pre2016_ge15pct,Oil_Rents_GDP_Pct_lag1,primary,Oil_Rent_Intensive_Pre2016_ge15pct,Future_Period,train_to_2012__test_from_2013,ElasticNet,signal_increment,0.01350000000000003,0.0005
M1_Macro_vs_M2_Macro_Oil__primary__Oil_Rent_Intensive_Pre2016_ge15pct,Oil_Rents_GDP_Pct_lag1,primary,Oil_Rent_Intensive_Pre2016_ge15pct,Future_Period,train_to_2012__test_from_2013,ElasticNet,signal_increment,0.01400000000000003,0.0005
M1_Macro_vs_M2_Macro_Oil__primary__Oil_Rent_Intensive_Pre2016_ge15pct,Oil_Rents_GDP_Pct_lag1,primary,Oil_Rent_Intensive_Pre2016_ge15pct,Future_Period,train_to_2012__test_from_2013,ElasticNet,signal_increment,0.01450000000000003,0.0
M1_Macro_vs_M2_Macro_Oil__primary__Oil_Rent_Intensive_Pre2016_ge15pct,Oil_Rents_GDP_Pct_lag1,primary,Oil_Rent_Intensive_Pre2016_ge15pct,Future_Period,train_to_2012__test_from_2013,ElasticNet,signal_increment,0.01500000000000003,0.0
M1_Macro_vs_M2_Macro_Oil__primary__Oil_Rent_Intensive_Pre2016_ge15pct,Oil_Rents_GDP_Pct_lag1,primary,Oil_Rent_Intensive_Pre2016_ge15pct,Future_Period,train_to_2012__test_from_2013,ElasticNet,signal_increment,0.015500000000000031,0.0
M1_Macro_vs_M2_Macro_Oil__primary__Oil_Rent_Intensive_Pre2016_ge15pct,Oil_Rents_GDP_Pct_lag1,primary,Oil_Rent_Intensive_Pre2016_ge15pct,Future_Period,train_to_2012__test_from_2013,ElasticNet,signal_increment,0.01600000000000003,0.0
M1_Macro_vs_M2_Macro_Oil__primary__Oil_Rent_Intensive_Pre2016_ge15pct,Oil_Rents_GDP_Pct_lag1,primary,Oil_Rent_Intensive_Pre2016_ge15pct,Future_Period,train_to_2012__test_from_2013,ElasticNet,signal_increment,0.016500000000000032,0.0
M1_Macro_vs_M2_Macro_Oil__primary__Oil_Rent_Intensive_Pre2016_ge15pct,Oil_Rents_GDP_Pct_lag1,primary,Oil_Rent_Intensive_Pre2016_ge15pct,Future_Period,train_to_2012__test_from_2013,ElasticNet,signal_increment,0.017000000000000032,0.0
M1_Macro_vs_M2_Macro_Oil__primary__Oil_Rent_Intensive_Pre2016_ge15pct,Oil_Rents_GDP_Pct_lag1,primary,Oil_Rent_Intensive_Pre2016_ge15pct,Future_Period,train_to_2012__test_from_2013,ElasticNet,signal_increment,0.017500000000000033,0.0
M1_Macro_vs_M2_Macro_Oil__primary__Oil_Rent_Intensive_Pre2016_ge15pct,Oil_Rents_GDP_Pct_lag1,primary,Oil_Rent_Intensive_Pre2016_ge15pct,Future_Period,train_to_2012__test_from_2013,ElasticNet,signal_increment,0.018000000000000033,0.0
M1_Macro_vs_M2_Macro_Oil__primary__Oil_Rent_Intensive_Pre2016_ge15pct,Oil_Rents_GDP_Pct_lag1,primary,Oil_Rent_Intensive_Pre2016_ge15pct,Future_Period,train_to_2012__test_from_2013,ElasticNet,signal_increment,0.018500000000000034,0.0
M1_Macro_vs_M2_Macro_Oil__primary__Oil_Rent_Intensive_Pre2016_ge15pct,Oil_Rents_GDP_Pct_lag1,primary,Oil_Rent_Intensive_Pre2016_ge15pct,Future_Period,train_to_2012__test_from_2013,ElasticNet,signal_increment,0.019000000000000034,0.0
M1_Macro_vs_M2_Macro_Oil__primary__Oil_Rent_Intensive_Pre2016_ge15pct,Oil_Rents_GDP_Pct_lag1,primary,Oil_Rent_Intensive_Pre2016_ge15pct,Future_Period,train_to_2012__test_from_2013,ElasticNet,signal_increment,0.019500000000000035,0.0
M1_Macro_vs_M2_Macro_Oil__primary__Oil_Rent_Intensive_Pre2016_ge15pct,Oil_Rents_GDP_Pct_lag1,primary,Oil_Rent_Intensive_Pre2016_ge15pct,Future_Period,train_to_2012__test_from_2013,ElasticNet,signal_increment,0.020000000000000035,0.0
M1_Macro_vs_M2_Macro_Oil__primary__Oil_Rent_Intensive_Pre2016_ge15pct,Oil_Rents_GDP_Pct_lag1,primary,Oil_Rent_Intensive_Pre2016_ge15pct,Future_Period,train_to_2012__test_from_2013,ElasticNet,signal_increment,0.020500000000000036,0.0
M1_Macro_vs_M2_Macro_Oil__primary__Oil_Rent_Intensive_Pre2016_ge15pct,Oil_Rents_GDP_Pct_lag1,primary,Oil_Rent_Intensive_Pre2016_ge15pct,Future_Period,train_to_2012__test_from_2013,ElasticNet,signal_increment,0.021000000000000036,0.0
M1_Macro_vs_M2_Macro_Oil__primary__Oil_Rent_Intensive_Pre2016_ge15pct,Oil_Rents_GDP_Pct_lag1,primary,Oil_Rent_Intensive_Pre2016_ge15pct,Future_Period,train_to_2012__test_from_2013,ElasticNet,signal_increment,0.021500000000000036,0.0
M1_Macro_vs_M2_Macro_Oil__primary__Oil_Rent_Intensive_Pre2016_ge15pct,Oil_Rents_GDP_Pct_lag1,primary,Oil_Rent_Intensive_Pre2016_ge15pct,Future_Period,train_to_2012__test_from_2013,ElasticNet,signal_increment,0.022000000000000037,0.0
M1_Macro_vs_M2_Macro_Oil__primary__Oil_Rent_Intensive_Pre2016_ge15pct,Oil_Rents_GDP_Pct_lag1,primary,Oil_Rent_Intensive_Pre2016_ge15pct,Future_Period,train_to_2012__test_from_2013,ElasticNet,signal_increment,0.022500000000000037,0.0
M1_Macro_vs_M2_Macro_Oil__primary__Oil_Rent_Intensive_Pre2016_ge15pct,Oil_Rents_GDP_Pct_lag1,primary,Oil_Rent_Intensive_Pre2016_ge15pct,Future_Period,train_to_2012__test_from_2013,ElasticNet,signal_increment,0.023000000000000038,0.0
M1_Macro_vs_M2_Macro_Oil__primary__Oil_Rent_Intensive_Pre2016_ge15pct,Oil_Rents_GDP_Pct_lag1,primary,Oil_Rent_Intensive_Pre2016_ge15pct,Future_Period,train_to_2012__test_from_2013,ElasticNet,signal_increment,0.023500000000000038,0.0
M1_Macro_vs_M2_Macro_Oil__primary__Oil_Rent_Intensive_Pre2016_ge15pct,Oil_Rents_GDP_Pct_lag1,primary,Oil_Rent_Intensive_Pre2016_ge15pct,Future_Period,train_to_2012__test_from_2013,ElasticNet,signal_increment,0.02400000000000004,0.0
M1_Macro_vs_M2_Macro_Oil__primary__Oil_Rent_Intensive_Pre2016_ge15pct,Oil_Rents_GDP_Pct_lag1,primary,Oil_Rent_Intensive_Pre2016_ge15pct,Future_Period,train_to_2012__test_from_2013,ElasticNet,signal_increment,0.02450000000000004,0.0
M1_Macro_vs_M2_Macro_Oil__primary__Oil_Rent_Intensive_Pre2016_ge15pct,Oil_Rents_GDP_Pct_lag1,primary,Oil_Rent_Intensive_Pre2016_ge15pct,Future_Period,train_to_2012__test_from_2013,ElasticNet,signal_increment,0.02500000000000004,0.0
M1_Macro_vs_M2_Macro_Oil__primary__Oil_Rent_Intensive_Pre2016_ge15pct,Oil_Rents_GDP_Pct_lag1,primary,Oil_Rent_Intensive_Pre2016_ge15pct,Future_Period,train_to_2012__test_from_2013,ElasticNet,signal_increment,0.02550000000000004,0.0
M1_Macro_vs_M2_Macro_Oil__primary__Oil_Rent_Intensive_Pre2016_ge15pct,Oil_Rents_GDP_Pct_lag1,primary,Oil_Rent_Intensive_Pre2016_ge15pct,Future_Period,train_to_2012__test_from_2013,ElasticNet,signal_increment,0.02600000000000004,0.0
M1_Macro_vs_M2_Macro_Oil__primary__Oil_Rent_Intensive_Pre2016_ge15pct,Oil_Rents_GDP_Pct_lag1,primary,Oil_Rent_Intensive_Pre2016_ge15pct,Future_Period,train_to_2012__test_from_2013,ElasticNet,signal_increment,0.02650000000000004,0.0
M1_Macro_vs_M2_Macro_Oil__primary__Oil_Rent_Intensive_Pre2016_ge15pct,Oil_Rents_GDP_Pct_lag1,primary,Oil_Rent_Intensive_Pre2016_ge15pct,Future_Period,train_to_2012__test_from_2013,ElasticNet,signal_increment,0.02700000000000004,0.0
M1_Macro_vs_M2_Macro_Oil__primary__Oil_Rent_Intensive_Pre2016_ge15pct,Oil_Rents_GDP_Pct_lag1,primary,Oil_Rent_Intensive_Pre2016_ge15pct,Future_Period,train_to_2012__test_from_2013,ElasticNet,signal_increment,0.027500000000000042,0.0
M1_Macro_vs_M2_Macro_Oil__primary__Oil_Rent_Intensive_Pre2016_ge15pct,Oil_Rents_GDP_Pct_lag1,primary,Oil_Rent_Intensive_Pre2016_ge15pct,Future_Period,train_to_2012__test_from_2013,ElasticNet,signal_increment,0.028000000000000042,0.0
M1_Macro_vs_M2_Macro_Oil__primary__Oil_Rent_Intensive_Pre2016_ge15pct,Oil_Rents_GDP_Pct_lag1,primary,Oil_Rent_Intensive_Pre2016_ge15pct,Future_Period,train_to_2012__test_from_2013,ElasticNet,signal_increment,0.028500000000000043,0.0
M1_Macro_vs_M2_Macro_Oil__primary__Oil_Rent_Intensive_Pre2016_ge15pct,Oil_Rents_GDP_Pct_lag1,primary,Oil_Rent_Intensive_Pre2016_ge15pct,Future_Period,train_to_2012__test_from_2013,ElasticNet,signal_increment,0.029000000000000043,0.0
M1_Macro_vs_M2_Macro_Oil__primary__Oil_Rent_Intensive_Pre2016_ge15pct,Oil_Rents_GDP_Pct_lag1,primary,Oil_Rent_Intensive_Pre2016_ge15pct,Future_Period,train_to_2012__test_from_2013,ElasticNet,signal_increment,0.029500000000000044,0.0
M1_Macro_vs_M2_Macro_Oil__primary__Oil_Rent_Intensive_Pre2016_ge15pct,Oil_Rents_GDP_Pct_lag1,primary,Oil_Rent_Intensive_Pre2016_ge15pct,Future_Period,train_to_2012__test_from_2013,ElasticNet,signal_increment,0.030000000000000044,0.0
M1_Macro_vs_M2_Macro_Oil__primary__Oil_Rent_Intensive_Pre2016_ge15pct,Oil_Rents_GDP_Pct_lag1,primary,Oil_Rent_Intensive_Pre2016_ge15pct,Future_Period,train_to_2012__test_from_2013,ElasticNet,added_model_vs_strongest_benchmark,-0.02,0.9155
M1_Macro_vs_M2_Macro_Oil__primary__Oil_Rent_Intensive_Pre2016_ge15pct,Oil_Rents_GDP_Pct_lag1,primary,Oil_Rent_Intensive_Pre2016_ge15pct,Future_Period,train_to_2012__test_from_2013,ElasticNet,added_model_vs_strongest_benchmark,-0.0195,0.915
M1_Macro_vs_M2_Macro_Oil__primary__Oil_Rent_Intensive_Pre2016_ge15pct,Oil_Rents_GDP_Pct_lag1,primary,Oil_Rent_Intensive_Pre2016_ge15pct,Future_Period,train_to_2012__test_from_2013,ElasticNet,added_model_vs_strongest_benchmark,-0.019,0.914
M1_Macro_vs_M2_Macro_Oil__primary__Oil_Rent_Intensive_Pre2016_ge15pct,Oil_Rents_GDP_Pct_lag1,primary,Oil_Rent_Intensive_Pre2016_ge15pct,Future_Period,train_to_2012__test_from_2013,ElasticNet,added_model_vs_strongest_benchmark,-0.0185,0.9125
M1_Macro_vs_M2_Macro_Oil__primary__Oil_Rent_Intensive_Pre2016_ge15pct,Oil_Rents_GDP_Pct_lag1,primary,Oil_Rent_Intensive_Pre2016_ge15pct,Future_Period,train_to_2012__test_from_2013,ElasticNet,added_model_vs_strongest_benchmark,-0.018,0.9125
M1_Macro_vs_M2_Macro_Oil__primary__Oil_Rent_Intensive_Pre2016_ge15pct,Oil_Rents_GDP_Pct_lag1,primary,Oil_Rent_Intensive_Pre2016_ge15pct,Future_Period,train_to_2012__test_from_2013,ElasticNet,added_model_vs_strongest_benchmark,-0.017499999999999998,0.912
M1_Macro_vs_M2_Macro_Oil__primary__Oil_Rent_Intensive_Pre2016_ge15pct,Oil_Rents_GDP_Pct_lag1,primary,Oil_Rent_Intensive_Pre2016_ge15pct,Future_Period,train_to_2012__test_from_2013,ElasticNet,added_model_vs_strongest_benchmark,-0.016999999999999998,0.9105
M1_Macro_vs_M2_Macro_Oil__primary__Oil_Rent_Intensive_Pre2016_ge15pct,Oil_Rents_GDP_Pct_lag1,primary,Oil_Rent_Intensive_Pre2016_ge15pct,Future_Period,train_to_2012__test_from_2013,ElasticNet,added_model_vs_strongest_benchmark,-0.016499999999999997,0.9075
M1_Macro_vs_M2_Macro_Oil__primary__Oil_Rent_Intensive_Pre2016_ge15pct,Oil_Rents_GDP_Pct_lag1,primary,Oil_Rent_Intensive_Pre2016_ge15pct,Future_Period,train_to_2012__test_from_2013,ElasticNet,added_model_vs_strongest_benchmark,-0.015999999999999997,0.906
M1_Macro_vs_M2_Macro_Oil__primary__Oil_Rent_Intensive_Pre2016_ge15pct,Oil_Rents_GDP_Pct_lag1,primary,Oil_Rent_Intensive_Pre2016_ge15pct,Future_Period,train_to_2012__test_from_2013,ElasticNet,added_model_vs_strongest_benchmark,-0.015499999999999996,0.9035
M1_Macro_vs_M2_Macro_Oil__primary__Oil_Rent_Intensive_Pre2016_ge15pct,Oil_Rents_GDP_Pct_lag1,primary,Oil_Rent_Intensive_Pre2016_ge15pct,Future_Period,train_to_2012__test_from_2013,ElasticNet,added_model_vs_strongest_benchmark,-0.014999999999999996,0.9035
M1_Macro_vs_M2_Macro_Oil__primary__Oil_Rent_Intensive_Pre2016_ge15pct,Oil_Rents_GDP_Pct_lag1,primary,Oil_Rent_Intensive_Pre2016_ge15pct,Future_Period,train_to_2012__test_from_2013,ElasticNet,added_model_vs_strongest_benchmark,-0.014499999999999996,0.902
M1_Macro_vs_M2_Macro_Oil__primary__Oil_Rent_Intensive_Pre2016_ge15pct,Oil_Rents_GDP_Pct_lag1,primary,Oil_Rent_Intensive_Pre2016_ge15pct,Future_Period,train_to_2012__test_from_2013,ElasticNet,added_model_vs_strongest_benchmark,-0.013999999999999995,0.9005
M1_Macro_vs_M2_Macro_Oil__primary__Oil_Rent_Intensive_Pre2016_ge15pct,Oil_Rents_GDP_Pct_lag1,primary,Oil_Rent_Intensive_Pre2016_ge15pct,Future_Period,train_to_2012__test_from_2013,ElasticNet,added_model_vs_strongest_benchmark,-0.013499999999999995,0.899
M1_Macro_vs_M2_Macro_Oil__primary__Oil_Rent_Intensive_Pre2016_ge15pct,Oil_Rents_GDP_Pct_lag1,primary,Oil_Rent_Intensive_Pre2016_ge15pct,Future_Period,train_to_2012__test_from_2013,ElasticNet,added_model_vs_strongest_benchmark,-0.012999999999999994,0.896
M1_Macro_vs_M2_Macro_Oil__primary__Oil_Rent_Intensive_Pre2016_ge15pct,Oil_Rents_GDP_Pct_lag1,primary,Oil_Rent_Intensive_Pre2016_ge15pct,Future_Period,train_to_2012__test_from_2013,ElasticNet,added_model_vs_strongest_benchmark,-0.012499999999999994,0.896
M1_Macro_vs_M2_Macro_Oil__primary__Oil_Rent_Intensive_Pre2016_ge15pct,Oil_Rents_GDP_Pct_lag1,primary,Oil_Rent_Intensive_Pre2016_ge15pct,Future_Period,train_to_2012__test_from_2013,ElasticNet,added_model_vs_strongest_benchmark,-0.011999999999999993,0.896
M1_Macro_vs_M2_Macro_Oil__primary__Oil_Rent_Intensive_Pre2016_ge15pct,Oil_Rents_GDP_Pct_lag1,primary,Oil_Rent_Intensive_Pre2016_ge15pct,Future_Period,train_to_2012__test_from_2013,ElasticNet,added_model_vs_strongest_benchmark,-0.011499999999999993,0.895
M1_Macro_vs_M2_Macro_Oil__primary__Oil_Rent_Intensive_Pre2016_ge15pct,Oil_Rents_GDP_Pct_lag1,primary,Oil_Rent_Intensive_Pre2016_ge15pct,Future_Period,train_to_2012__test_from_2013,ElasticNet,added_model_vs_strongest_benchmark,-0.010999999999999992,0.895
M1_Macro_vs_M2_Macro_Oil__primary__Oil_Rent_Intensive_Pre2016_ge15pct,Oil_Rents_GDP_Pct_lag1,primary,Oil_Rent_Intensive_Pre2016_ge15pct,Future_Period,train_to_2012__test_from_2013,ElasticNet,added_model_vs_strongest_benchmark,-0.010499999999999992,0.894
M1_Macro_vs_M2_Macro_Oil__primary__Oil_Rent_Intensive_Pre2016_ge15pct,Oil_Rents_GDP_Pct_lag1,primary,Oil_Rent_Intensive_Pre2016_ge15pct,Future_Period,train_to_2012__test_from_2013,ElasticNet,added_model_vs_strongest_benchmark,-0.009999999999999992,0.8925
M1_Macro_vs_M2_Macro_Oil__primary__Oil_Rent_Intensive_Pre2016_ge15pct,Oil_Rents_GDP_Pct_lag1,primary,Oil_Rent_Intensive_Pre2016_ge15pct,Future_Period,train_to_2012__test_from_2013,ElasticNet,added_model_vs_strongest_benchmark,-0.009499999999999991,0.8925
M1_Macro_vs_M2_Macro_Oil__primary__Oil_Rent_Intensive_Pre2016_ge15pct,Oil_Rents_GDP_Pct_lag1,primary,Oil_Rent_Intensive_Pre2016_ge15pct,Future_Period,train_to_2012__test_from_2013,ElasticNet,added_model_vs_strongest_benchmark,-0.00899999999999999,0.8915
M1_Macro_vs_M2_Macro_Oil__primary__Oil_Rent_Intensive_Pre2016_ge15pct,Oil_Rents_GDP_Pct_lag1,primary,Oil_Rent_Intensive_Pre2016_ge15pct,Future_Period,train_to_2012__test_from_2013,ElasticNet,added_model_vs_strongest_benchmark,-0.00849999999999999,0.8895
M1_Macro_vs_M2_Macro_Oil__primary__Oil_Rent_Intensive_Pre2016_ge15pct,Oil_Rents_GDP_Pct_lag1,primary,Oil_Rent_Intensive_Pre2016_ge15pct,Future_Period,train_to_2012__test_from_2013,ElasticNet,added_model_vs_strongest_benchmark,-0.00799999999999999,0.888
M1_Macro_vs_M2_Macro_Oil__primary__Oil_Rent_Intensive_Pre2016_ge15pct,Oil_Rents_GDP_Pct_lag1,primary,Oil_Rent_Intensive_Pre2016_ge15pct,Future_Period,train_to_2012__test_from_2013,ElasticNet,added_model_vs_strongest_benchmark,-0.007499999999999989,0.887
M1_Macro_vs_M2_Macro_Oil__primary__Oil_Rent_Intensive_Pre2016_ge15pct,Oil_Rents_GDP_Pct_lag1,primary,Oil_Rent_Intensive_Pre2016_ge15pct,Future_Period,train_to_2012__test_from_2013,ElasticNet,added_model_vs_strongest_benchmark,-0.006999999999999989,0.887
M1_Macro_vs_M2_Macro_Oil__primary__Oil_Rent_Intensive_Pre2016_ge15pct,Oil_Rents_GDP_Pct_lag1,primary,Oil_Rent_Intensive_Pre2016_ge15pct,Future_Period,train_to_2012__test_from_2013,ElasticNet,added_model_vs_strongest_benchmark,-0.006499999999999988,0.884
M1_Macro_vs_M2_Macro_Oil__primary__Oil_Rent_Intensive_Pre2016_ge15pct,Oil_Rents_GDP_Pct_lag1,primary,Oil_Rent_Intensive_Pre2016_ge15pct,Future_Period,train_to_2012__test_from_2013,ElasticNet,added_model_vs_strongest_benchmark,-0.005999999999999988,0.884
M1_Macro_vs_M2_Macro_Oil__primary__Oil_Rent_Intensive_Pre2016_ge15pct,Oil_Rents_GDP_Pct_lag1,primary,Oil_Rent_Intensive_Pre2016_ge15pct,Future_Period,train_to_2012__test_from_2013,ElasticNet,added_model_vs_strongest_benchmark,-0.0054999999999999875,0.8835
M1_Macro_vs_M2_Macro_Oil__primary__Oil_Rent_Intensive_Pre2016_ge15pct,Oil_Rents_GDP_Pct_lag1,primary,Oil_Rent_Intensive_Pre2016_ge15pct,Future_Period,train_to_2012__test_from_2013,ElasticNet,added_model_vs_strongest_benchmark,-0.004999999999999987,0.8815
M1_Macro_vs_M2_Macro_Oil__primary__Oil_Rent_Intensive_Pre2016_ge15pct,Oil_Rents_GDP_Pct_lag1,primary,Oil_Rent_Intensive_Pre2016_ge15pct,Future_Period,train_to_2012__test_from_2013,ElasticNet,added_model_vs_strongest_benchmark,-0.004499999999999987,0.8795
M1_Macro_vs_M2_Macro_Oil__primary__Oil_Rent_Intensive_Pre2016_ge15pct,Oil_Rents_GDP_Pct_lag1,primary,Oil_Rent_Intensive_Pre2016_ge15pct,Future_Period,train_to_2012__test_from_2013,ElasticNet,added_model_vs_strongest_benchmark,-0.003999999999999986,0.878
M1_Macro_vs_M2_Macro_Oil__primary__Oil_Rent_Intensive_Pre2016_ge15pct,Oil_Rents_GDP_Pct_lag1,primary,Oil_Rent_Intensive_Pre2016_ge15pct,Future_Period,train_to_2012__test_from_2013,ElasticNet,added_model_vs_strongest_benchmark,-0.0034999999999999858,0.8765
M1_Macro_vs_M2_Macro_Oil__primary__Oil_Rent_Intensive_Pre2016_ge15pct,Oil_Rents_GDP_Pct_lag1,primary,Oil_Rent_Intensive_Pre2016_ge15pct,Future_Period,train_to_2012__test_from_2013,ElasticNet,added_model_vs_strongest_benchmark,-0.0029999999999999853,0.876
M1_Macro_vs_M2_Macro_Oil__primary__Oil_Rent_Intensive_Pre2016_ge15pct,Oil_Rents_GDP_Pct_lag1,primary,Oil_Rent_Intensive_Pre2016_ge15pct,Future_Period,train_to_2012__test_from_2013,ElasticNet,added_model_vs_strongest_benchmark,-0.002499999999999985,0.874
M1_Macro_vs_M2_Macro_Oil__primary__Oil_Rent_Intensive_Pre2016_ge15pct,Oil_Rents_GDP_Pct_lag1,primary,Oil_Rent_Intensive_Pre2016_ge15pct,Future_Period,train_to_2012__test_from_2013,ElasticNet,added_model_vs_strongest_benchmark,-0.0019999999999999844,0.873
M1_Macro_vs_M2_Macro_Oil__primary__Oil_Rent_Intensive_Pre2016_ge15pct,Oil_Rents_GDP_Pct_lag1,primary,Oil_Rent_Intensive_Pre2016_ge15pct,Future_Period,train_to_2012__test_from_2013,ElasticNet,added_model_vs_strongest_benchmark,-0.001499999999999984,0.8725
M1_Macro_vs_M2_Macro_Oil__primary__Oil_Rent_Intensive_Pre2016_ge15pct,Oil_Rents_GDP_Pct_lag1,primary,Oil_Rent_Intensive_Pre2016_ge15pct,Future_Period,train_to_2012__test_from_2013,ElasticNet,added_model_vs_strongest_benchmark,-0.0009999999999999835,0.8705
M1_Macro_vs_M2_Macro_Oil__primary__Oil_Rent_Intensive_Pre2016_ge15pct,Oil_Rents_GDP_Pct_lag1,primary,Oil_Rent_Intensive_Pre2016_ge15pct,Future_Period,train_to_2012__test_from_2013,ElasticNet,added_model_vs_strongest_benchmark,-0.0004999999999999831,0.8695
M1_Macro_vs_M2_Macro_Oil__primary__Oil_Rent_Intensive_Pre2016_ge15pct,Oil_Rents_GDP_Pct_lag1,primary,Oil_Rent_Intensive_Pre2016_ge15pct,Future_Period,train_to_2012__test_from_2013,ElasticNet,added_model_vs_strongest_benchmark,1.734723475976807e-17,0.8695
M1_Macro_vs_M2_Macro_Oil__primary__Oil_Rent_Intensive_Pre2016_ge15pct,Oil_Rents_GDP_Pct_lag1,primary,Oil_Rent_Intensive_Pre2016_ge15pct,Future_Period,train_to_2012__test_from_2013,ElasticNet,added_model_vs_strongest_benchmark,0.0005000000000000178,0.867
M1_Macro_vs_M2_Macro_Oil__primary__Oil_Rent_Intensive_Pre2016_ge15pct,Oil_Rents_GDP_Pct_lag1,primary,Oil_Rent_Intensive_Pre2016_ge15pct,Future_Period,train_to_2012__test_from_2013,ElasticNet,added_model_vs_strongest_benchmark,0.0010000000000000182,0.8665
M1_Macro_vs_M2_Macro_Oil__primary__Oil_Rent_Intensive_Pre2016_ge15pct,Oil_Rents_GDP_Pct_lag1,primary,Oil_Rent_Intensive_Pre2016_ge15pct,Future_Period,train_to_2012__test_from_2013,ElasticNet,added_model_vs_strongest_benchmark,0.0015000000000000187,0.865
M1_Macro_vs_M2_Macro_Oil__primary__Oil_Rent_Intensive_Pre2016_ge15pct,Oil_Rents_GDP_Pct_lag1,primary,Oil_Rent_Intensive_Pre2016_ge15pct,Future_Period,train_to_2012__test_from_2013,ElasticNet,added_model_vs_strongest_benchmark,0.002000000000000019,0.8645
M1_Macro_vs_M2_Macro_Oil__primary__Oil_Rent_Intensive_Pre2016_ge15pct,Oil_Rents_GDP_Pct_lag1,primary,Oil_Rent_Intensive_Pre2016_ge15pct,Future_Period,train_to_2012__test_from_2013,ElasticNet,added_model_vs_strongest_benchmark,0.0025000000000000196,0.8635
M1_Macro_vs_M2_Macro_Oil__primary__Oil_Rent_Intensive_Pre2016_ge15pct,Oil_Rents_GDP_Pct_lag1,primary,Oil_Rent_Intensive_Pre2016_ge15pct,Future_Period,train_to_2012__test_from_2013,ElasticNet,added_model_vs_strongest_benchmark,0.00300000000000002,0.863
M1_Macro_vs_M2_Macro_Oil__primary__Oil_Rent_Intensive_Pre2016_ge15pct,Oil_Rents_GDP_Pct_lag1,primary,Oil_Rent_Intensive_Pre2016_ge15pct,Future_Period,train_to_2012__test_from_2013,ElasticNet,added_model_vs_strongest_benchmark,0.0035000000000000205,0.861
M1_Macro_vs_M2_Macro_Oil__primary__Oil_Rent_Intensive_Pre2016_ge15pct,Oil_Rents_GDP_Pct_lag1,primary,Oil_Rent_Intensive_Pre2016_ge15pct,Future_Period,train_to_2012__test_from_2013,ElasticNet,added_model_vs_strongest_benchmark,0.004000000000000021,0.86
M1_Macro_vs_M2_Macro_Oil__primary__Oil_Rent_Intensive_Pre2016_ge15pct,Oil_Rents_GDP_Pct_lag1,primary,Oil_Rent_Intensive_Pre2016_ge15pct,Future_Period,train_to_2012__test_from_2013,ElasticNet,added_model_vs_strongest_benchmark,0.004500000000000021,0.8595
M1_Macro_vs_M2_Macro_Oil__primary__Oil_Rent_Intensive_Pre2016_ge15pct,Oil_Rents_GDP_Pct_lag1,primary,Oil_Rent_Intensive_Pre2016_ge15pct,Future_Period,train_to_2012__test_from_2013,ElasticNet,added_model_vs_strongest_benchmark,0.005000000000000022,0.859
M1_Macro_vs_M2_Macro_Oil__primary__Oil_Rent_Intensive_Pre2016_ge15pct,Oil_Rents_GDP_Pct_lag1,primary,Oil_Rent_Intensive_Pre2016_ge15pct,Future_Period,train_to_2012__test_from_2013,ElasticNet,added_model_vs_strongest_benchmark,0.005500000000000022,0.8585
M1_Macro_vs_M2_Macro_Oil__primary__Oil_Rent_Intensive_Pre2016_ge15pct,Oil_Rents_GDP_Pct_lag1,primary,Oil_Rent_Intensive_Pre2016_ge15pct,Future_Period,train_to_2012__test_from_2013,ElasticNet,added_model_vs_strongest_benchmark,0.006000000000000023,0.8565
M1_Macro_vs_M2_Macro_Oil__primary__Oil_Rent_Intensive_Pre2016_ge15pct,Oil_Rents_GDP_Pct_lag1,primary,Oil_Rent_Intensive_Pre2016_ge15pct,Future_Period,train_to_2012__test_from_2013,ElasticNet,added_model_vs_strongest_benchmark,0.006500000000000023,0.8555
M1_Macro_vs_M2_Macro_Oil__primary__Oil_Rent_Intensive_Pre2016_ge15pct,Oil_Rents_GDP_Pct_lag1,primary,Oil_Rent_Intensive_Pre2016_ge15pct,Future_Period,train_to_2012__test_from_2013,ElasticNet,added_model_vs_strongest_benchmark,0.0070000000000000236,0.853
M1_Macro_vs_M2_Macro_Oil__primary__Oil_Rent_Intensive_Pre2016_ge15pct,Oil_Rents_GDP_Pct_lag1,primary,Oil_Rent_Intensive_Pre2016_ge15pct,Future_Period,train_to_2012__test_from_2013,ElasticNet,added_model_vs_strongest_benchmark,0.007500000000000024,0.853
M1_Macro_vs_M2_Macro_Oil__primary__Oil_Rent_Intensive_Pre2016_ge15pct,Oil_Rents_GDP_Pct_lag1,primary,Oil_Rent_Intensive_Pre2016_ge15pct,Future_Period,train_to_2012__test_from_2013,ElasticNet,added_model_vs_strongest_benchmark,0.008000000000000024,0.852
M1_Macro_vs_M2_Macro_Oil__primary__Oil_Rent_Intensive_Pre2016_ge15pct,Oil_Rents_GDP_Pct_lag1,primary,Oil_Rent_Intensive_Pre2016_ge15pct,Future_Period,train_to_2012__test_from_2013,ElasticNet,added_model_vs_strongest_benchmark,0.008500000000000025,0.8505
M1_Macro_vs_M2_Macro_Oil__primary__Oil_Rent_Intensive_Pre2016_ge15pct,Oil_Rents_GDP_Pct_lag1,primary,Oil_Rent_Intensive_Pre2016_ge15pct,Future_Period,train_to_2012__test_from_2013,ElasticNet,added_model_vs_strongest_benchmark,0.009000000000000025,0.8485
M1_Macro_vs_M2_Macro_Oil__primary__Oil_Rent_Intensive_Pre2016_ge15pct,Oil_Rents_GDP_Pct_lag1,primary,Oil_Rent_Intensive_Pre2016_ge15pct,Future_Period,train_to_2012__test_from_2013,ElasticNet,added_model_vs_strongest_benchmark,0.009500000000000026,0.848
M1_Macro_vs_M2_Macro_Oil__primary__Oil_Rent_Intensive_Pre2016_ge15pct,Oil_Rents_GDP_Pct_lag1,primary,Oil_Rent_Intensive_Pre2016_ge15pct,Future_Period,train_to_2012__test_from_2013,ElasticNet,added_model_vs_strongest_benchmark,0.010000000000000026,0.8455
M1_Macro_vs_M2_Macro_Oil__primary__Oil_Rent_Intensive_Pre2016_ge15pct,Oil_Rents_GDP_Pct_lag1,primary,Oil_Rent_Intensive_Pre2016_ge15pct,Future_Period,train_to_2012__test_from_2013,ElasticNet,added_model_vs_strongest_benchmark,0.010500000000000027,0.8435
M1_Macro_vs_M2_Macro_Oil__primary__Oil_Rent_Intensive_Pre2016_ge15pct,Oil_Rents_GDP_Pct_lag1,primary,Oil_Rent_Intensive_Pre2016_ge15pct,Future_Period,train_to_2012__test_from_2013,ElasticNet,added_model_vs_strongest_benchmark,0.011000000000000027,0.842
M1_Macro_vs_M2_Macro_Oil__primary__Oil_Rent_Intensive_Pre2016_ge15pct,Oil_Rents_GDP_Pct_lag1,primary,Oil_Rent_Intensive_Pre2016_ge15pct,Future_Period,train_to_2012__test_from_2013,ElasticNet,added_model_vs_strongest_benchmark,0.011500000000000028,0.8405
M1_Macro_vs_M2_Macro_Oil__primary__Oil_Rent_Intensive_Pre2016_ge15pct,Oil_Rents_GDP_Pct_lag1,primary,Oil_Rent_Intensive_Pre2016_ge15pct,Future_Period,train_to_2012__test_from_2013,ElasticNet,added_model_vs_strongest_benchmark,0.012000000000000028,0.84
M1_Macro_vs_M2_Macro_Oil__primary__Oil_Rent_Intensive_Pre2016_ge15pct,Oil_Rents_GDP_Pct_lag1,primary,Oil_Rent_Intensive_Pre2016_ge15pct,Future_Period,train_to_2012__test_from_2013,ElasticNet,added_model_vs_strongest_benchmark,0.012500000000000028,0.8385
M1_Macro_vs_M2_Macro_Oil__primary__Oil_Rent_Intensive_Pre2016_ge15pct,Oil_Rents_GDP_Pct_lag1,primary,Oil_Rent_Intensive_Pre2016_ge15pct,Future_Period,train_to_2012__test_from_2013,ElasticNet,added_model_vs_strongest_benchmark,0.013000000000000029,0.8375
M1_Macro_vs_M2_Macro_Oil__primary__Oil_Rent_Intensive_Pre2016_ge15pct,Oil_Rents_GDP_Pct_lag1,primary,Oil_Rent_Intensive_Pre2016_ge15pct,Future_Period,train_to_2012__test_from_2013,ElasticNet,added_model_vs_strongest_benchmark,0.01350000000000003,0.8355
M1_Macro_vs_M2_Macro_Oil__primary__Oil_Rent_Intensive_Pre2016_ge15pct,Oil_Rents_GDP_Pct_lag1,primary,Oil_Rent_Intensive_Pre2016_ge15pct,Future_Period,train_to_2012__test_from_2013,ElasticNet,added_model_vs_strongest_benchmark,0.01400000000000003,0.8335
M1_Macro_vs_M2_Macro_Oil__primary__Oil_Rent_Intensive_Pre2016_ge15pct,Oil_Rents_GDP_Pct_lag1,primary,Oil_Rent_Intensive_Pre2016_ge15pct,Future_Period,train_to_2012__test_from_2013,ElasticNet,added_model_vs_strongest_benchmark,0.01450000000000003,0.8315
M1_Macro_vs_M2_Macro_Oil__primary__Oil_Rent_Intensive_Pre2016_ge15pct,Oil_Rents_GDP_Pct_lag1,primary,Oil_Rent_Intensive_Pre2016_ge15pct,Future_Period,train_to_2012__test_from_2013,ElasticNet,added_model_vs_strongest_benchmark,0.01500000000000003,0.831
M1_Macro_vs_M2_Macro_Oil__primary__Oil_Rent_Intensive_Pre2016_ge15pct,Oil_Rents_GDP_Pct_lag1,primary,Oil_Rent_Intensive_Pre2016_ge15pct,Future_Period,train_to_2012__test_from_2013,ElasticNet,added_model_vs_strongest_benchmark,0.015500000000000031,0.8295
M1_Macro_vs_M2_Macro_Oil__primary__Oil_Rent_Intensive_Pre2016_ge15pct,Oil_Rents_GDP_Pct_lag1,primary,Oil_Rent_Intensive_Pre2016_ge15pct,Future_Period,train_to_2012__test_from_2013,ElasticNet,added_model_vs_strongest_benchmark,0.01600000000000003,0.8275
M1_Macro_vs_M2_Macro_Oil__primary__Oil_Rent_Intensive_Pre2016_ge15pct,Oil_Rents_GDP_Pct_lag1,primary,Oil_Rent_Intensive_Pre2016_ge15pct,Future_Period,train_to_2012__test_from_2013,ElasticNet,added_model_vs_strongest_benchmark,0.016500000000000032,0.825
M1_Macro_vs_M2_Macro_Oil__primary__Oil_Rent_Intensive_Pre2016_ge15pct,Oil_Rents_GDP_Pct_lag1,primary,Oil_Rent_Intensive_Pre2016_ge15pct,Future_Period,train_to_2012__test_from_2013,ElasticNet,added_model_vs_strongest_benchmark,0.017000000000000032,0.823
M1_Macro_vs_M2_Macro_Oil__primary__Oil_Rent_Intensive_Pre2016_ge15pct,Oil_Rents_GDP_Pct_lag1,primary,Oil_Rent_Intensive_Pre2016_ge15pct,Future_Period,train_to_2012__test_from_2013,ElasticNet,added_model_vs_strongest_benchmark,0.017500000000000033,0.8225
M1_Macro_vs_M2_Macro_Oil__primary__Oil_Rent_Intensive_Pre2016_ge15pct,Oil_Rents_GDP_Pct_lag1,primary,Oil_Rent_Intensive_Pre2016_ge15pct,Future_Period,train_to_2012__test_from_2013,ElasticNet,added_model_vs_strongest_benchmark,0.018000000000000033,0.8205
M1_Macro_vs_M2_Macro_Oil__primary__Oil_Rent_Intensive_Pre2016_ge15pct,Oil_Rents_GDP_Pct_lag1,primary,Oil_Rent_Intensive_Pre2016_ge15pct,Future_Period,train_to_2012__test_from_2013,ElasticNet,added_model_vs_strongest_benchmark,0.018500000000000034,0.8185
M1_Macro_vs_M2_Macro_Oil__primary__Oil_Rent_Intensive_Pre2016_ge15pct,Oil_Rents_GDP_Pct_lag1,primary,Oil_Rent_Intensive_Pre2016_ge15pct,Future_Period,train_to_2012__test_from_2013,ElasticNet,added_model_vs_strongest_benchmark,0.019000000000000034,0.8175
M1_Macro_vs_M2_Macro_Oil__primary__Oil_Rent_Intensive_Pre2016_ge15pct,Oil_Rents_GDP_Pct_lag1,primary,Oil_Rent_Intensive_Pre2016_ge15pct,Future_Period,train_to_2012__test_from_2013,ElasticNet,added_model_vs_strongest_benchmark,0.019500000000000035,0.817
M1_Macro_vs_M2_Macro_Oil__primary__Oil_Rent_Intensive_Pre2016_ge15pct,Oil_Rents_GDP_Pct_lag1,primary,Oil_Rent_Intensive_Pre2016_ge15pct,Future_Period,train_to_2012__test_from_2013,ElasticNet,added_model_vs_strongest_benchmark,0.020000000000000035,0.8145
M1_Macro_vs_M2_Macro_Oil__primary__Oil_Rent_Intensive_Pre2016_ge15pct,Oil_Rents_GDP_Pct_lag1,primary,Oil_Rent_Intensive_Pre2016_ge15pct,Future_Period,train_to_2012__test_from_2013,ElasticNet,added_model_vs_strongest_benchmark,0.020500000000000036,0.811
M1_Macro_vs_M2_Macro_Oil__primary__Oil_Rent_Intensive_Pre2016_ge15pct,Oil_Rents_GDP_Pct_lag1,primary,Oil_Rent_Intensive_Pre2016_ge15pct,Future_Period,train_to_2012__test_from_2013,ElasticNet,added_model_vs_strongest_benchmark,0.021000000000000036,0.807
M1_Macro_vs_M2_Macro_Oil__primary__Oil_Rent_Intensive_Pre2016_ge15pct,Oil_Rents_GDP_Pct_lag1,primary,Oil_Rent_Intensive_Pre2016_ge15pct,Future_Period,train_to_2012__test_from_2013,ElasticNet,added_model_vs_strongest_benchmark,0.021500000000000036,0.8035
M1_Macro_vs_M2_Macro_Oil__primary__Oil_Rent_Intensive_Pre2016_ge15pct,Oil_Rents_GDP_Pct_lag1,primary,Oil_Rent_Intensive_Pre2016_ge15pct,Future_Period,train_to_2012__test_from_2013,ElasticNet,added_model_vs_strongest_benchmark,0.022000000000000037,0.802
M1_Macro_vs_M2_Macro_Oil__primary__Oil_Rent_Intensive_Pre2016_ge15pct,Oil_Rents_GDP_Pct_lag1,primary,Oil_Rent_Intensive_Pre2016_ge15pct,Future_Period,train_to_2012__test_from_2013,ElasticNet,added_model_vs_strongest_benchmark,0.022500000000000037,0.801
M1_Macro_vs_M2_Macro_Oil__primary__Oil_Rent_Intensive_Pre2016_ge15pct,Oil_Rents_GDP_Pct_lag1,primary,Oil_Rent_Intensive_Pre2016_ge15pct,Future_Period,train_to_2012__test_from_2013,ElasticNet,added_model_vs_strongest_benchmark,0.023000000000000038,0.7995
M1_Macro_vs_M2_Macro_Oil__primary__Oil_Rent_Intensive_Pre2016_ge15pct,Oil_Rents_GDP_Pct_lag1,primary,Oil_Rent_Intensive_Pre2016_ge15pct,Future_Period,train_to_2012__test_from_2013,ElasticNet,added_model_vs_strongest_benchmark,0.023500000000000038,0.7975
M1_Macro_vs_M2_Macro_Oil__primary__Oil_Rent_Intensive_Pre2016_ge15pct,Oil_Rents_GDP_Pct_lag1,primary,Oil_Rent_Intensive_Pre2016_ge15pct,Future_Period,train_to_2012__test_from_2013,ElasticNet,added_model_vs_strongest_benchmark,0.02400000000000004,0.7955
M1_Macro_vs_M2_Macro_Oil__primary__Oil_Rent_Intensive_Pre2016_ge15pct,Oil_Rents_GDP_Pct_lag1,primary,Oil_Rent_Intensive_Pre2016_ge15pct,Future_Period,train_to_2012__test_from_2013,ElasticNet,added_model_vs_strongest_benchmark,0.02450000000000004,0.7945
M1_Macro_vs_M2_Macro_Oil__primary__Oil_Rent_Intensive_Pre2016_ge15pct,Oil_Rents_GDP_Pct_lag1,primary,Oil_Rent_Intensive_Pre2016_ge15pct,Future_Period,train_to_2012__test_from_2013,ElasticNet,added_model_vs_strongest_benchmark,0.02500000000000004,0.7935
M1_Macro_vs_M2_Macro_Oil__primary__Oil_Rent_Intensive_Pre2016_ge15pct,Oil_Rents_GDP_Pct_lag1,primary,Oil_Rent_Intensive_Pre2016_ge15pct,Future_Period,train_to_2012__test_from_2013,ElasticNet,added_model_vs_strongest_benchmark,0.02550000000000004,0.791
M1_Macro_vs_M2_Macro_Oil__primary__Oil_Rent_Intensive_Pre2016_ge15pct,Oil_Rents_GDP_Pct_lag1,primary,Oil_Rent_Intensive_Pre2016_ge15pct,Future_Period,train_to_2012__test_from_2013,ElasticNet,added_model_vs_strongest_benchmark,0.02600000000000004,0.79
M1_Macro_vs_M2_Macro_Oil__primary__Oil_Rent_Intensive_Pre2016_ge15pct,Oil_Rents_GDP_Pct_lag1,primary,Oil_Rent_Intensive_Pre2016_ge15pct,Future_Period,train_to_2012__test_from_2013,ElasticNet,added_model_vs_strongest_benchmark,0.02650000000000004,0.7885
M1_Macro_vs_M2_Macro_Oil__primary__Oil_Rent_Intensive_Pre2016_ge15pct,Oil_Rents_GDP_Pct_lag1,primary,Oil_Rent_Intensive_Pre2016_ge15pct,Future_Period,train_to_2012__test_from_2013,ElasticNet,added_model_vs_strongest_benchmark,0.02700000000000004,0.787
M1_Macro_vs_M2_Macro_Oil__primary__Oil_Rent_Intensive_Pre2016_ge15pct,Oil_Rents_GDP_Pct_lag1,primary,Oil_Rent_Intensive_Pre2016_ge15pct,Future_Period,train_to_2012__test_from_2013,ElasticNet,added_model_vs_strongest_benchmark,0.027500000000000042,0.7855
M1_Macro_vs_M2_Macro_Oil__primary__Oil_Rent_Intensive_Pre2016_ge15pct,Oil_Rents_GDP_Pct_lag1,primary,Oil_Rent_Intensive_Pre2016_ge15pct,Future_Period,train_to_2012__test_from_2013,ElasticNet,added_model_vs_strongest_benchmark,0.028000000000000042,0.7825
M1_Macro_vs_M2_Macro_Oil__primary__Oil_Rent_Intensive_Pre2016_ge15pct,Oil_Rents_GDP_Pct_lag1,primary,Oil_Rent_Intensive_Pre2016_ge15pct,Future_Period,train_to_2012__test_from_2013,ElasticNet,added_model_vs_strongest_benchmark,0.028500000000000043,0.78
M1_Macro_vs_M2_Macro_Oil__primary__Oil_Rent_Intensive_Pre2016_ge15pct,Oil_Rents_GDP_Pct_lag1,primary,Oil_Rent_Intensive_Pre2016_ge15pct,Future_Period,train_to_2012__test_from_2013,ElasticNet,added_model_vs_strongest_benchmark,0.029000000000000043,0.7785
M1_Macro_vs_M2_Macro_Oil__primary__Oil_Rent_Intensive_Pre2016_ge15pct,Oil_Rents_GDP_Pct_lag1,primary,Oil_Rent_Intensive_Pre2016_ge15pct,Future_Period,train_to_2012__test_from_2013,ElasticNet,added_model_vs_strongest_benchmark,0.029500000000000044,0.7755
M1_Macro_vs_M2_Macro_Oil__primary__Oil_Rent_Intensive_Pre2016_ge15pct,Oil_Rents_GDP_Pct_lag1,primary,Oil_Rent_Intensive_Pre2016_ge15pct,Future_Period,train_to_2012__test_from_2013,ElasticNet,added_model_vs_strongest_benchmark,0.030000000000000044,0.7735
M1_Macro_vs_M2_Macro_Oil__primary__Oil_Rent_Intensive_Pre2016_ge15pct,Oil_Rents_GDP_Pct_lag1,primary,Oil_Rent_Intensive_Pre2016_ge15pct,Future_Period,train_to_2012__test_from_2013,RandomForest,signal_increment,-0.02,0.255
M1_Macro_vs_M2_Macro_Oil__primary__Oil_Rent_Intensive_Pre2016_ge15pct,Oil_Rents_GDP_Pct_lag1,primary,Oil_Rent_Intensive_Pre2016_ge15pct,Future_Period,train_to_2012__test_from_2013,RandomForest,signal_increment,-0.0195,0.249
M1_Macro_vs_M2_Macro_Oil__primary__Oil_Rent_Intensive_Pre2016_ge15pct,Oil_Rents_GDP_Pct_lag1,primary,Oil_Rent_Intensive_Pre2016_ge15pct,Future_Period,train_to_2012__test_from_2013,RandomForest,signal_increment,-0.019,0.2445
M1_Macro_vs_M2_Macro_Oil__primary__Oil_Rent_Intensive_Pre2016_ge15pct,Oil_Rents_GDP_Pct_lag1,primary,Oil_Rent_Intensive_Pre2016_ge15pct,Future_Period,train_to_2012__test_from_2013,RandomForest,signal_increment,-0.0185,0.237
M1_Macro_vs_M2_Macro_Oil__primary__Oil_Rent_Intensive_Pre2016_ge15pct,Oil_Rents_GDP_Pct_lag1,primary,Oil_Rent_Intensive_Pre2016_ge15pct,Future_Period,train_to_2012__test_from_2013,RandomForest,signal_increment,-0.018,0.2335
M1_Macro_vs_M2_Macro_Oil__primary__Oil_Rent_Intensive_Pre2016_ge15pct,Oil_Rents_GDP_Pct_lag1,primary,Oil_Rent_Intensive_Pre2016_ge15pct,Future_Period,train_to_2012__test_from_2013,RandomForest,signal_increment,-0.017499999999999998,0.229
M1_Macro_vs_M2_Macro_Oil__primary__Oil_Rent_Intensive_Pre2016_ge15pct,Oil_Rents_GDP_Pct_lag1,primary,Oil_Rent_Intensive_Pre2016_ge15pct,Future_Period,train_to_2012__test_from_2013,RandomForest,signal_increment,-0.016999999999999998,0.2255
M1_Macro_vs_M2_Macro_Oil__primary__Oil_Rent_Intensive_Pre2016_ge15pct,Oil_Rents_GDP_Pct_lag1,primary,Oil_Rent_Intensive_Pre2016_ge15pct,Future_Period,train_to_2012__test_from_2013,RandomForest,signal_increment,-0.016499999999999997,0.219
M1_Macro_vs_M2_Macro_Oil__primary__Oil_Rent_Intensive_Pre2016_ge15pct,Oil_Rents_GDP_Pct_lag1,primary,Oil_Rent_Intensive_Pre2016_ge15pct,Future_Period,train_to_2012__test_from_2013,RandomForest,signal_increment,-0.015999999999999997,0.2115
M1_Macro_vs_M2_Macro_Oil__primary__Oil_Rent_Intensive_Pre2016_ge15pct,Oil_Rents_GDP_Pct_lag1,primary,Oil_Rent_Intensive_Pre2016_ge15pct,Future_Period,train_to_2012__test_from_2013,RandomForest,signal_increment,-0.015499999999999996,0.207
M1_Macro_vs_M2_Macro_Oil__primary__Oil_Rent_Intensive_Pre2016_ge15pct,Oil_Rents_GDP_Pct_lag1,primary,Oil_Rent_Intensive_Pre2016_ge15pct,Future_Period,train_to_2012__test_from_2013,RandomForest,signal_increment,-0.014999999999999996,0.202
M1_Macro_vs_M2_Macro_Oil__primary__Oil_Rent_Intensive_Pre2016_ge15pct,Oil_Rents_GDP_Pct_lag1,primary,Oil_Rent_Intensive_Pre2016_ge15pct,Future_Period,train_to_2012__test_from_2013,RandomForest,signal_increment,-0.014499999999999996,0.1945
M1_Macro_vs_M2_Macro_Oil__primary__Oil_Rent_Intensive_Pre2016_ge15pct,Oil_Rents_GDP_Pct_lag1,primary,Oil_Rent_Intensive_Pre2016_ge15pct,Future_Period,train_to_2012__test_from_2013,RandomForest,signal_increment,-0.013999999999999995,0.19
M1_Macro_vs_M2_Macro_Oil__primary__Oil_Rent_Intensive_Pre2016_ge15pct,Oil_Rents_GDP_Pct_lag1,primary,Oil_Rent_Intensive_Pre2016_ge15pct,Future_Period,train_to_2012__test_from_2013,RandomForest,signal_increment,-0.013499999999999995,0.1825
M1_Macro_vs_M2_Macro_Oil__primary__Oil_Rent_Intensive_Pre2016_ge15pct,Oil_Rents_GDP_Pct_lag1,primary,Oil_Rent_Intensive_Pre2016_ge15pct,Future_Period,train_to_2012__test_from_2013,RandomForest,signal_increment,-0.012999999999999994,0.1795
M1_Macro_vs_M2_Macro_Oil__primary__Oil_Rent_Intensive_Pre2016_ge15pct,Oil_Rents_GDP_Pct_lag1,primary,Oil_Rent_Intensive_Pre2016_ge15pct,Future_Period,train_to_2012__test_from_2013,RandomForest,signal_increment,-0.012499999999999994,0.173
M1_Macro_vs_M2_Macro_Oil__primary__Oil_Rent_Intensive_Pre2016_ge15pct,Oil_Rents_GDP_Pct_lag1,primary,Oil_Rent_Intensive_Pre2016_ge15pct,Future_Period,train_to_2012__test_from_2013,RandomForest,signal_increment,-0.011999999999999993,0.17
M1_Macro_vs_M2_Macro_Oil__primary__Oil_Rent_Intensive_Pre2016_ge15pct,Oil_Rents_GDP_Pct_lag1,primary,Oil_Rent_Intensive_Pre2016_ge15pct,Future_Period,train_to_2012__test_from_2013,RandomForest,signal_increment,-0.011499999999999993,0.1615
M1_Macro_vs_M2_Macro_Oil__primary__Oil_Rent_Intensive_Pre2016_ge15pct,Oil_Rents_GDP_Pct_lag1,primary,Oil_Rent_Intensive_Pre2016_ge15pct,Future_Period,train_to_2012__test_from_2013,RandomForest,signal_increment,-0.010999999999999992,0.158
M1_Macro_vs_M2_Macro_Oil__primary__Oil_Rent_Intensive_Pre2016_ge15pct,Oil_Rents_GDP_Pct_lag1,primary,Oil_Rent_Intensive_Pre2016_ge15pct,Future_Period,train_to_2012__test_from_2013,RandomForest,signal_increment,-0.010499999999999992,0.1545
M1_Macro_vs_M2_Macro_Oil__primary__Oil_Rent_Intensive_Pre2016_ge15pct,Oil_Rents_GDP_Pct_lag1,primary,Oil_Rent_Intensive_Pre2016_ge15pct,Future_Period,train_to_2012__test_from_2013,RandomForest,signal_increment,-0.009999999999999992,0.15
M1_Macro_vs_M2_Macro_Oil__primary__Oil_Rent_Intensive_Pre2016_ge15pct,Oil_Rents_GDP_Pct_lag1,primary,Oil_Rent_Intensive_Pre2016_ge15pct,Future_Period,train_to_2012__test_from_2013,RandomForest,signal_increment,-0.009499999999999991,0.144
M1_Macro_vs_M2_Macro_Oil__primary__Oil_Rent_Intensive_Pre2016_ge15pct,Oil_Rents_GDP_Pct_lag1,primary,Oil_Rent_Intensive_Pre2016_ge15pct,Future_Period,train_to_2012__test_from_2013,RandomForest,signal_increment,-0.00899999999999999,0.14
M1_Macro_vs_M2_Macro_Oil__primary__Oil_Rent_Intensive_Pre2016_ge15pct,Oil_Rents_GDP_Pct_lag1,primary,Oil_Rent_Intensive_Pre2016_ge15pct,Future_Period,train_to_2012__test_from_2013,RandomForest,signal_increment,-0.00849999999999999,0.1355
M1_Macro_vs_M2_Macro_Oil__primary__Oil_Rent_Intensive_Pre2016_ge15pct,Oil_Rents_GDP_Pct_lag1,primary,Oil_Rent_Intensive_Pre2016_ge15pct,Future_Period,train_to_2012__test_from_2013,RandomForest,signal_increment,-0.00799999999999999,0.1305
M1_Macro_vs_M2_Macro_Oil__primary__Oil_Rent_Intensive_Pre2016_ge15pct,Oil_Rents_GDP_Pct_lag1,primary,Oil_Rent_Intensive_Pre2016_ge15pct,Future_Period,train_to_2012__test_from_2013,RandomForest,signal_increment,-0.007499999999999989,0.1255
M1_Macro_vs_M2_Macro_Oil__primary__Oil_Rent_Intensive_Pre2016_ge15pct,Oil_Rents_GDP_Pct_lag1,primary,Oil_Rent_Intensive_Pre2016_ge15pct,Future_Period,train_to_2012__test_from_2013,RandomForest,signal_increment,-0.006999999999999989,0.1215
M1_Macro_vs_M2_Macro_Oil__primary__Oil_Rent_Intensive_Pre2016_ge15pct,Oil_Rents_GDP_Pct_lag1,primary,Oil_Rent_Intensive_Pre2016_ge15pct,Future_Period,train_to_2012__test_from_2013,RandomForest,signal_increment,-0.006499999999999988,0.1165
M1_Macro_vs_M2_Macro_Oil__primary__Oil_Rent_Intensive_Pre2016_ge15pct,Oil_Rents_GDP_Pct_lag1,primary,Oil_Rent_Intensive_Pre2016_ge15pct,Future_Period,train_to_2012__test_from_2013,RandomForest,signal_increment,-0.005999999999999988,0.112
M1_Macro_vs_M2_Macro_Oil__primary__Oil_Rent_Intensive_Pre2016_ge15pct,Oil_Rents_GDP_Pct_lag1,primary,Oil_Rent_Intensive_Pre2016_ge15pct,Future_Period,train_to_2012__test_from_2013,RandomForest,signal_increment,-0.0054999999999999875,0.107
M1_Macro_vs_M2_Macro_Oil__primary__Oil_Rent_Intensive_Pre2016_ge15pct,Oil_Rents_GDP_Pct_lag1,primary,Oil_Rent_Intensive_Pre2016_ge15pct,Future_Period,train_to_2012__test_from_2013,RandomForest,signal_increment,-0.004999999999999987,0.102
M1_Macro_vs_M2_Macro_Oil__primary__Oil_Rent_Intensive_Pre2016_ge15pct,Oil_Rents_GDP_Pct_lag1,primary,Oil_Rent_Intensive_Pre2016_ge15pct,Future_Period,train_to_2012__test_from_2013,RandomForest,signal_increment,-0.004499999999999987,0.096
M1_Macro_vs_M2_Macro_Oil__primary__Oil_Rent_Intensive_Pre2016_ge15pct,Oil_Rents_GDP_Pct_lag1,primary,Oil_Rent_Intensive_Pre2016_ge15pct,Future_Period,train_to_2012__test_from_2013,RandomForest,signal_increment,-0.003999999999999986,0.0915
M1_Macro_vs_M2_Macro_Oil__primary__Oil_Rent_Intensive_Pre2016_ge15pct,Oil_Rents_GDP_Pct_lag1,primary,Oil_Rent_Intensive_Pre2016_ge15pct,Future_Period,train_to_2012__test_from_2013,RandomForest,signal_increment,-0.0034999999999999858,0.0895
M1_Macro_vs_M2_Macro_Oil__primary__Oil_Rent_Intensive_Pre2016_ge15pct,Oil_Rents_GDP_Pct_lag1,primary,Oil_Rent_Intensive_Pre2016_ge15pct,Future_Period,train_to_2012__test_from_2013,RandomForest,signal_increment,-0.0029999999999999853,0.088
M1_Macro_vs_M2_Macro_Oil__primary__Oil_Rent_Intensive_Pre2016_ge15pct,Oil_Rents_GDP_Pct_lag1,primary,Oil_Rent_Intensive_Pre2016_ge15pct,Future_Period,train_to_2012__test_from_2013,RandomForest,signal_increment,-0.002499999999999985,0.0855
M1_Macro_vs_M2_Macro_Oil__primary__Oil_Rent_Intensive_Pre2016_ge15pct,Oil_Rents_GDP_Pct_lag1,primary,Oil_Rent_Intensive_Pre2016_ge15pct,Future_Period,train_to_2012__test_from_2013,RandomForest,signal_increment,-0.0019999999999999844,0.081
M1_Macro_vs_M2_Macro_Oil__primary__Oil_Rent_Intensive_Pre2016_ge15pct,Oil_Rents_GDP_Pct_lag1,primary,Oil_Rent_Intensive_Pre2016_ge15pct,Future_Period,train_to_2012__test_from_2013,RandomForest,signal_increment,-0.001499999999999984,0.0775
M1_Macro_vs_M2_Macro_Oil__primary__Oil_Rent_Intensive_Pre2016_ge15pct,Oil_Rents_GDP_Pct_lag1,primary,Oil_Rent_Intensive_Pre2016_ge15pct,Future_Period,train_to_2012__test_from_2013,RandomForest,signal_increment,-0.0009999999999999835,0.0735
M1_Macro_vs_M2_Macro_Oil__primary__Oil_Rent_Intensive_Pre2016_ge15pct,Oil_Rents_GDP_Pct_lag1,primary,Oil_Rent_Intensive_Pre2016_ge15pct,Future_Period,train_to_2012__test_from_2013,RandomForest,signal_increment,-0.0004999999999999831,0.0695
M1_Macro_vs_M2_Macro_Oil__primary__Oil_Rent_Intensive_Pre2016_ge15pct,Oil_Rents_GDP_Pct_lag1,primary,Oil_Rent_Intensive_Pre2016_ge15pct,Future_Period,train_to_2012__test_from_2013,RandomForest,signal_increment,1.734723475976807e-17,0.068
M1_Macro_vs_M2_Macro_Oil__primary__Oil_Rent_Intensive_Pre2016_ge15pct,Oil_Rents_GDP_Pct_lag1,primary,Oil_Rent_Intensive_Pre2016_ge15pct,Future_Period,train_to_2012__test_from_2013,RandomForest,signal_increment,0.0005000000000000178,0.063
M1_Macro_vs_M2_Macro_Oil__primary__Oil_Rent_Intensive_Pre2016_ge15pct,Oil_Rents_GDP_Pct_lag1,primary,Oil_Rent_Intensive_Pre2016_ge15pct,Future_Period,train_to_2012__test_from_2013,RandomForest,signal_increment,0.0010000000000000182,0.0585
M1_Macro_vs_M2_Macro_Oil__primary__Oil_Rent_Intensive_Pre2016_ge15pct,Oil_Rents_GDP_Pct_lag1,primary,Oil_Rent_Intensive_Pre2016_ge15pct,Future_Period,train_to_2012__test_from_2013,RandomForest,signal_increment,0.0015000000000000187,0.0545
M1_Macro_vs_M2_Macro_Oil__primary__Oil_Rent_Intensive_Pre2016_ge15pct,Oil_Rents_GDP_Pct_lag1,primary,Oil_Rent_Intensive_Pre2016_ge15pct,Future_Period,train_to_2012__test_from_2013,RandomForest,signal_increment,0.002000000000000019,0.05
M1_Macro_vs_M2_Macro_Oil__primary__Oil_Rent_Intensive_Pre2016_ge15pct,Oil_Rents_GDP_Pct_lag1,primary,Oil_Rent_Intensive_Pre2016_ge15pct,Future_Period,train_to_2012__test_from_2013,RandomForest,signal_increment,0.0025000000000000196,0.046
M1_Macro_vs_M2_Macro_Oil__primary__Oil_Rent_Intensive_Pre2016_ge15pct,Oil_Rents_GDP_Pct_lag1,primary,Oil_Rent_Intensive_Pre2016_ge15pct,Future_Period,train_to_2012__test_from_2013,RandomForest,signal_increment,0.00300000000000002,0.043
M1_Macro_vs_M2_Macro_Oil__primary__Oil_Rent_Intensive_Pre2016_ge15pct,Oil_Rents_GDP_Pct_lag1,primary,Oil_Rent_Intensive_Pre2016_ge15pct,Future_Period,train_to_2012__test_from_2013,RandomForest,signal_increment,0.0035000000000000205,0.0385
M1_Macro_vs_M2_Macro_Oil__primary__Oil_Rent_Intensive_Pre2016_ge15pct,Oil_Rents_GDP_Pct_lag1,primary,Oil_Rent_Intensive_Pre2016_ge15pct,Future_Period,train_to_2012__test_from_2013,RandomForest,signal_increment,0.004000000000000021,0.0365
M1_Macro_vs_M2_Macro_Oil__primary__Oil_Rent_Intensive_Pre2016_ge15pct,Oil_Rents_GDP_Pct_lag1,primary,Oil_Rent_Intensive_Pre2016_ge15pct,Future_Period,train_to_2012__test_from_2013,RandomForest,signal_increment,0.004500000000000021,0.0325
M1_Macro_vs_M2_Macro_Oil__primary__Oil_Rent_Intensive_Pre2016_ge15pct,Oil_Rents_GDP_Pct_lag1,primary,Oil_Rent_Intensive_Pre2016_ge15pct,Future_Period,train_to_2012__test_from_2013,RandomForest,signal_increment,0.005000000000000022,0.031
M1_Macro_vs_M2_Macro_Oil__primary__Oil_Rent_Intensive_Pre2016_ge15pct,Oil_Rents_GDP_Pct_lag1,primary,Oil_Rent_Intensive_Pre2016_ge15pct,Future_Period,train_to_2012__test_from_2013,RandomForest,signal_increment,0.005500000000000022,0.026
M1_Macro_vs_M2_Macro_Oil__primary__Oil_Rent_Intensive_Pre2016_ge15pct,Oil_Rents_GDP_Pct_lag1,primary,Oil_Rent_Intensive_Pre2016_ge15pct,Future_Period,train_to_2012__test_from_2013,RandomForest,signal_increment,0.006000000000000023,0.0245
M1_Macro_vs_M2_Macro_Oil__primary__Oil_Rent_Intensive_Pre2016_ge15pct,Oil_Rents_GDP_Pct_lag1,primary,Oil_Rent_Intensive_Pre2016_ge15pct,Future_Period,train_to_2012__test_from_2013,RandomForest,signal_increment,0.006500000000000023,0.0235
M1_Macro_vs_M2_Macro_Oil__primary__Oil_Rent_Intensive_Pre2016_ge15pct,Oil_Rents_GDP_Pct_lag1,primary,Oil_Rent_Intensive_Pre2016_ge15pct,Future_Period,train_to_2012__test_from_2013,RandomForest,signal_increment,0.0070000000000000236,0.019
M1_Macro_vs_M2_Macro_Oil__primary__Oil_Rent_Intensive_Pre2016_ge15pct,Oil_Rents_GDP_Pct_lag1,primary,Oil_Rent_Intensive_Pre2016_ge15pct,Future_Period,train_to_2012__test_from_2013,RandomForest,signal_increment,0.007500000000000024,0.0175
M1_Macro_vs_M2_Macro_Oil__primary__Oil_Rent_Intensive_Pre2016_ge15pct,Oil_Rents_GDP_Pct_lag1,primary,Oil_Rent_Intensive_Pre2016_ge15pct,Future_Period,train_to_2012__test_from_2013,RandomForest,signal_increment,0.008000000000000024,0.015
M1_Macro_vs_M2_Macro_Oil__primary__Oil_Rent_Intensive_Pre2016_ge15pct,Oil_Rents_GDP_Pct_lag1,primary,Oil_Rent_Intensive_Pre2016_ge15pct,Future_Period,train_to_2012__test_from_2013,RandomForest,signal_increment,0.008500000000000025,0.013
M1_Macro_vs_M2_Macro_Oil__primary__Oil_Rent_Intensive_Pre2016_ge15pct,Oil_Rents_GDP_Pct_lag1,primary,Oil_Rent_Intensive_Pre2016_ge15pct,Future_Period,train_to_2012__test_from_2013,RandomForest,signal_increment,0.009000000000000025,0.011
M1_Macro_vs_M2_Macro_Oil__primary__Oil_Rent_Intensive_Pre2016_ge15pct,Oil_Rents_GDP_Pct_lag1,primary,Oil_Rent_Intensive_Pre2016_ge15pct,Future_Period,train_to_2012__test_from_2013,RandomForest,signal_increment,0.009500000000000026,0.01
M1_Macro_vs_M2_Macro_Oil__primary__Oil_Rent_Intensive_Pre2016_ge15pct,Oil_Rents_GDP_Pct_lag1,primary,Oil_Rent_Intensive_Pre2016_ge15pct,Future_Period,train_to_2012__test_from_2013,RandomForest,signal_increment,0.010000000000000026,0.0095
M1_Macro_vs_M2_Macro_Oil__primary__Oil_Rent_Intensive_Pre2016_ge15pct,Oil_Rents_GDP_Pct_lag1,primary,Oil_Rent_Intensive_Pre2016_ge15pct,Future_Period,train_to_2012__test_from_2013,RandomForest,signal_increment,0.010500000000000027,0.0095
M1_Macro_vs_M2_Macro_Oil__primary__Oil_Rent_Intensive_Pre2016_ge15pct,Oil_Rents_GDP_Pct_lag1,primary,Oil_Rent_Intensive_Pre2016_ge15pct,Future_Period,train_to_2012__test_from_2013,RandomForest,signal_increment,0.011000000000000027,0.009
M1_Macro_vs_M2_Macro_Oil__primary__Oil_Rent_Intensive_Pre2016_ge15pct,Oil_Rents_GDP_Pct_lag1,primary,Oil_Rent_Intensive_Pre2016_ge15pct,Future_Period,train_to_2012__test_from_2013,RandomForest,signal_increment,0.011500000000000028,0.0085
M1_Macro_vs_M2_Macro_Oil__primary__Oil_Rent_Intensive_Pre2016_ge15pct,Oil_Rents_GDP_Pct_lag1,primary,Oil_Rent_Intensive_Pre2016_ge15pct,Future_Period,train_to_2012__test_from_2013,RandomForest,signal_increment,0.012000000000000028,0.008
M1_Macro_vs_M2_Macro_Oil__primary__Oil_Rent_Intensive_Pre2016_ge15pct,Oil_Rents_GDP_Pct_lag1,primary,Oil_Rent_Intensive_Pre2016_ge15pct,Future_Period,train_to_2012__test_from_2013,RandomForest,signal_increment,0.012500000000000028,0.0075
M1_Macro_vs_M2_Macro_Oil__primary__Oil_Rent_Intensive_Pre2016_ge15pct,Oil_Rents_GDP_Pct_lag1,primary,Oil_Rent_Intensive_Pre2016_ge15pct,Future_Period,train_to_2012__test_from_2013,RandomForest,signal_increment,0.013000000000000029,0.0075
M1_Macro_vs_M2_Macro_Oil__primary__Oil_Rent_Intensive_Pre2016_ge15pct,Oil_Rents_GDP_Pct_lag1,primary,Oil_Rent_Intensive_Pre2016_ge15pct,Future_Period,train_to_2012__test_from_2013,RandomForest,signal_increment,0.01350000000000003,0.007
M1_Macro_vs_M2_Macro_Oil__primary__Oil_Rent_Intensive_Pre2016_ge15pct,Oil_Rents_GDP_Pct_lag1,primary,Oil_Rent_Intensive_Pre2016_ge15pct,Future_Period,train_to_2012__test_from_2013,RandomForest,signal_increment,0.01400000000000003,0.006
M1_Macro_vs_M2_Macro_Oil__primary__Oil_Rent_Intensive_Pre2016_ge15pct,Oil_Rents_GDP_Pct_lag1,primary,Oil_Rent_Intensive_Pre2016_ge15pct,Future_Period,train_to_2012__test_from_2013,RandomForest,signal_increment,0.01450000000000003,0.006
M1_Macro_vs_M2_Macro_Oil__primary__Oil_Rent_Intensive_Pre2016_ge15pct,Oil_Rents_GDP_Pct_lag1,primary,Oil_Rent_Intensive_Pre2016_ge15pct,Future_Period,train_to_2012__test_from_2013,RandomForest,signal_increment,0.01500000000000003,0.0055
M1_Macro_vs_M2_Macro_Oil__primary__Oil_Rent_Intensive_Pre2016_ge15pct,Oil_Rents_GDP_Pct_lag1,primary,Oil_Rent_Intensive_Pre2016_ge15pct,Future_Period,train_to_2012__test_from_2013,RandomForest,signal_increment,0.015500000000000031,0.0045
M1_Macro_vs_M2_Macro_Oil__primary__Oil_Rent_Intensive_Pre2016_ge15pct,Oil_Rents_GDP_Pct_lag1,primary,Oil_Rent_Intensive_Pre2016_ge15pct,Future_Period,train_to_2012__test_from_2013,RandomForest,signal_increment,0.01600000000000003,0.0025
M1_Macro_vs_M2_Macro_Oil__primary__Oil_Rent_Intensive_Pre2016_ge15pct,Oil_Rents_GDP_Pct_lag1,primary,Oil_Rent_Intensive_Pre2016_ge15pct,Future_Period,train_to_2012__test_from_2013,RandomForest,signal_increment,0.016500000000000032,0.0025
M1_Macro_vs_M2_Macro_Oil__primary__Oil_Rent_Intensive_Pre2016_ge15pct,Oil_Rents_GDP_Pct_lag1,primary,Oil_Rent_Intensive_Pre2016_ge15pct,Future_Period,train_to_2012__test_from_2013,RandomForest,signal_increment,0.017000000000000032,0.0025
M1_Macro_vs_M2_Macro_Oil__primary__Oil_Rent_Intensive_Pre2016_ge15pct,Oil_Rents_GDP_Pct_lag1,primary,Oil_Rent_Intensive_Pre2016_ge15pct,Future_Period,train_to_2012__test_from_2013,RandomForest,signal_increment,0.017500000000000033,0.0025
M1_Macro_vs_M2_Macro_Oil__primary__Oil_Rent_Intensive_Pre2016_ge15pct,Oil_Rents_GDP_Pct_lag1,primary,Oil_Rent_Intensive_Pre2016_ge15pct,Future_Period,train_to_2012__test_from_2013,RandomForest,signal_increment,0.018000000000000033,0.002
M1_Macro_vs_M2_Macro_Oil__primary__Oil_Rent_Intensive_Pre2016_ge15pct,Oil_Rents_GDP_Pct_lag1,primary,Oil_Rent_Intensive_Pre2016_ge15pct,Future_Period,train_to_2012__test_from_2013,RandomForest,signal_increment,0.018500000000000034,0.002
M1_Macro_vs_M2_Macro_Oil__primary__Oil_Rent_Intensive_Pre2016_ge15pct,Oil_Rents_GDP_Pct_lag1,primary,Oil_Rent_Intensive_Pre2016_ge15pct,Future_Period,train_to_2012__test_from_2013,RandomForest,signal_increment,0.019000000000000034,0.0015
M1_Macro_vs_M2_Macro_Oil__primary__Oil_Rent_Intensive_Pre2016_ge15pct,Oil_Rents_GDP_Pct_lag1,primary,Oil_Rent_Intensive_Pre2016_ge15pct,Future_Period,train_to_2012__test_from_2013,RandomForest,signal_increment,0.019500000000000035,0.0015
M1_Macro_vs_M2_Macro_Oil__primary__Oil_Rent_Intensive_Pre2016_ge15pct,Oil_Rents_GDP_Pct_lag1,primary,Oil_Rent_Intensive_Pre2016_ge15pct,Future_Period,train_to_2012__test_from_2013,RandomForest,signal_increment,0.020000000000000035,0.0015
M1_Macro_vs_M2_Macro_Oil__primary__Oil_Rent_Intensive_Pre2016_ge15pct,Oil_Rents_GDP_Pct_lag1,primary,Oil_Rent_Intensive_Pre2016_ge15pct,Future_Period,train_to_2012__test_from_2013,RandomForest,signal_increment,0.020500000000000036,0.0015
M1_Macro_vs_M2_Macro_Oil__primary__Oil_Rent_Intensive_Pre2016_ge15pct,Oil_Rents_GDP_Pct_lag1,primary,Oil_Rent_Intensive_Pre2016_ge15pct,Future_Period,train_to_2012__test_from_2013,RandomForest,signal_increment,0.021000000000000036,0.001
M1_Macro_vs_M2_Macro_Oil__primary__Oil_Rent_Intensive_Pre2016_ge15pct,Oil_Rents_GDP_Pct_lag1,primary,Oil_Rent_Intensive_Pre2016_ge15pct,Future_Period,train_to_2012__test_from_2013,RandomForest,signal_increment,0.021500000000000036,0.001
M1_Macro_vs_M2_Macro_Oil__primary__Oil_Rent_Intensive_Pre2016_ge15pct,Oil_Rents_GDP_Pct_lag1,primary,Oil_Rent_Intensive_Pre2016_ge15pct,Future_Period,train_to_2012__test_from_2013,RandomForest,signal_increment,0.022000000000000037,0.001
M1_Macro_vs_M2_Macro_Oil__primary__Oil_Rent_Intensive_Pre2016_ge15pct,Oil_Rents_GDP_Pct_lag1,primary,Oil_Rent_Intensive_Pre2016_ge15pct,Future_Period,train_to_2012__test_from_2013,RandomForest,signal_increment,0.022500000000000037,0.001
M1_Macro_vs_M2_Macro_Oil__primary__Oil_Rent_Intensive_Pre2016_ge15pct,Oil_Rents_GDP_Pct_lag1,primary,Oil_Rent_Intensive_Pre2016_ge15pct,Future_Period,train_to_2012__test_from_2013,RandomForest,signal_increment,0.023000000000000038,0.001
M1_Macro_vs_M2_Macro_Oil__primary__Oil_Rent_Intensive_Pre2016_ge15pct,Oil_Rents_GDP_Pct_lag1,primary,Oil_Rent_Intensive_Pre2016_ge15pct,Future_Period,train_to_2012__test_from_2013,RandomForest,signal_increment,0.023500000000000038,0.001
M1_Macro_vs_M2_Macro_Oil__primary__Oil_Rent_Intensive_Pre2016_ge15pct,Oil_Rents_GDP_Pct_lag1,primary,Oil_Rent_Intensive_Pre2016_ge15pct,Future_Period,train_to_2012__test_from_2013,RandomForest,signal_increment,0.02400000000000004,0.0005
M1_Macro_vs_M2_Macro_Oil__primary__Oil_Rent_Intensive_Pre2016_ge15pct,Oil_Rents_GDP_Pct_lag1,primary,Oil_Rent_Intensive_Pre2016_ge15pct,Future_Period,train_to_2012__test_from_2013,RandomForest,signal_increment,0.02450000000000004,0.0005
M1_Macro_vs_M2_Macro_Oil__primary__Oil_Rent_Intensive_Pre2016_ge15pct,Oil_Rents_GDP_Pct_lag1,primary,Oil_Rent_Intensive_Pre2016_ge15pct,Future_Period,train_to_2012__test_from_2013,RandomForest,signal_increment,0.02500000000000004,0.0005
M1_Macro_vs_M2_Macro_Oil__primary__Oil_Rent_Intensive_Pre2016_ge15pct,Oil_Rents_GDP_Pct_lag1,primary,Oil_Rent_Intensive_Pre2016_ge15pct,Future_Period,train_to_2012__test_from_2013,RandomForest,signal_increment,0.02550000000000004,0.0005
M1_Macro_vs_M2_Macro_Oil__primary__Oil_Rent_Intensive_Pre2016_ge15pct,Oil_Rents_GDP_Pct_lag1,primary,Oil_Rent_Intensive_Pre2016_ge15pct,Future_Period,train_to_2012__test_from_2013,RandomForest,signal_increment,0.02600000000000004,0.0005
M1_Macro_vs_M2_Macro_Oil__primary__Oil_Rent_Intensive_Pre2016_ge15pct,Oil_Rents_GDP_Pct_lag1,primary,Oil_Rent_Intensive_Pre2016_ge15pct,Future_Period,train_to_2012__test_from_2013,RandomForest,signal_increment,0.02650000000000004,0.0005
M1_Macro_vs_M2_Macro_Oil__primary__Oil_Rent_Intensive_Pre2016_ge15pct,Oil_Rents_GDP_Pct_lag1,primary,Oil_Rent_Intensive_Pre2016_ge15pct,Future_Period,train_to_2012__test_from_2013,RandomForest,signal_increment,0.02700000000000004,0.0005
M1_Macro_vs_M2_Macro_Oil__primary__Oil_Rent_Intensive_Pre2016_ge15pct,Oil_Rents_GDP_Pct_lag1,primary,Oil_Rent_Intensive_Pre2016_ge15pct,Future_Period,train_to_2012__test_from_2013,RandomForest,signal_increment,0.027500000000000042,0.0005
M1_Macro_vs_M2_Macro_Oil__primary__Oil_Rent_Intensive_Pre2016_ge15pct,Oil_Rents_GDP_Pct_lag1,primary,Oil_Rent_Intensive_Pre2016_ge15pct,Future_Period,train_to_2012__test_from_2013,RandomForest,signal_increment,0.028000000000000042,0.0005
M1_Macro_vs_M2_Macro_Oil__primary__Oil_Rent_Intensive_Pre2016_ge15pct,Oil_Rents_GDP_Pct_lag1,primary,Oil_Rent_Intensive_Pre2016_ge15pct,Future_Period,train_to_2012__test_from_2013,RandomForest,signal_increment,0.028500000000000043,0.0005
M1_Macro_vs_M2_Macro_Oil__primary__Oil_Rent_Intensive_Pre2016_ge15pct,Oil_Rents_GDP_Pct_lag1,primary,Oil_Rent_Intensive_Pre2016_ge15pct,Future_Period,train_to_2012__test_from_2013,RandomForest,signal_increment,0.029000000000000043,0.0
M1_Macro_vs_M2_Macro_Oil__primary__Oil_Rent_Intensive_Pre2016_ge15pct,Oil_Rents_GDP_Pct_lag1,primary,Oil_Rent_Intensive_Pre2016_ge15pct,Future_Period,train_to_2012__test_from_2013,RandomForest,signal_increment,0.029500000000000044,0.0
M1_Macro_vs_M2_Macro_Oil__primary__Oil_Rent_Intensive_Pre2016_ge15pct,Oil_Rents_GDP_Pct_lag1,primary,Oil_Rent_Intensive_Pre2016_ge15pct,Future_Period,train_to_2012__test_from_2013,RandomForest,signal_increment,0.030000000000000044,0.0
M1_Macro_vs_M2_Macro_Oil__primary__Oil_Rent_Intensive_Pre2016_ge15pct,Oil_Rents_GDP_Pct_lag1,primary,Oil_Rent_Intensive_Pre2016_ge15pct,Future_Period,train_to_2012__test_from_2013,RandomForest,added_model_vs_strongest_benchmark,-0.02,0.556
M1_Macro_vs_M2_Macro_Oil__primary__Oil_Rent_Intensive_Pre2016_ge15pct,Oil_Rents_GDP_Pct_lag1,primary,Oil_Rent_Intensive_Pre2016_ge15pct,Future_Period,train_to_2012__test_from_2013,RandomForest,added_model_vs_strongest_benchmark,-0.0195,0.554
M1_Macro_vs_M2_Macro_Oil__primary__Oil_Rent_Intensive_Pre2016_ge15pct,Oil_Rents_GDP_Pct_lag1,primary,Oil_Rent_Intensive_Pre2016_ge15pct,Future_Period,train_to_2012__test_from_2013,RandomForest,added_model_vs_strongest_benchmark,-0.019,0.5525
M1_Macro_vs_M2_Macro_Oil__primary__Oil_Rent_Intensive_Pre2016_ge15pct,Oil_Rents_GDP_Pct_lag1,primary,Oil_Rent_Intensive_Pre2016_ge15pct,Future_Period,train_to_2012__test_from_2013,RandomForest,added_model_vs_strongest_benchmark,-0.0185,0.551
M1_Macro_vs_M2_Macro_Oil__primary__Oil_Rent_Intensive_Pre2016_ge15pct,Oil_Rents_GDP_Pct_lag1,primary,Oil_Rent_Intensive_Pre2016_ge15pct,Future_Period,train_to_2012__test_from_2013,RandomForest,added_model_vs_strongest_benchmark,-0.018,0.5485
M1_Macro_vs_M2_Macro_Oil__primary__Oil_Rent_Intensive_Pre2016_ge15pct,Oil_Rents_GDP_Pct_lag1,primary,Oil_Rent_Intensive_Pre2016_ge15pct,Future_Period,train_to_2012__test_from_2013,RandomForest,added_model_vs_strongest_benchmark,-0.017499999999999998,0.5475
M1_Macro_vs_M2_Macro_Oil__primary__Oil_Rent_Intensive_Pre2016_ge15pct,Oil_Rents_GDP_Pct_lag1,primary,Oil_Rent_Intensive_Pre2016_ge15pct,Future_Period,train_to_2012__test_from_2013,RandomForest,added_model_vs_strongest_benchmark,-0.016999999999999998,0.5465
M1_Macro_vs_M2_Macro_Oil__primary__Oil_Rent_Intensive_Pre2016_ge15pct,Oil_Rents_GDP_Pct_lag1,primary,Oil_Rent_Intensive_Pre2016_ge15pct,Future_Period,train_to_2012__test_from_2013,RandomForest,added_model_vs_strongest_benchmark,-0.016499999999999997,0.545
M1_Macro_vs_M2_Macro_Oil__primary__Oil_Rent_Intensive_Pre2016_ge15pct,Oil_Rents_GDP_Pct_lag1,primary,Oil_Rent_Intensive_Pre2016_ge15pct,Future_Period,train_to_2012__test_from_2013,RandomForest,added_model_vs_strongest_benchmark,-0.015999999999999997,0.5435
M1_Macro_vs_M2_Macro_Oil__primary__Oil_Rent_Intensive_Pre2016_ge15pct,Oil_Rents_GDP_Pct_lag1,primary,Oil_Rent_Intensive_Pre2016_ge15pct,Future_Period,train_to_2012__test_from_2013,RandomForest,added_model_vs_strongest_benchmark,-0.015499999999999996,0.5425
M1_Macro_vs_M2_Macro_Oil__primary__Oil_Rent_Intensive_Pre2016_ge15pct,Oil_Rents_GDP_Pct_lag1,primary,Oil_Rent_Intensive_Pre2016_ge15pct,Future_Period,train_to_2012__test_from_2013,RandomForest,added_model_vs_strongest_benchmark,-0.014999999999999996,0.5415
M1_Macro_vs_M2_Macro_Oil__primary__Oil_Rent_Intensive_Pre2016_ge15pct,Oil_Rents_GDP_Pct_lag1,primary,Oil_Rent_Intensive_Pre2016_ge15pct,Future_Period,train_to_2012__test_from_2013,RandomForest,added_model_vs_strongest_benchmark,-0.014499999999999996,0.539
M1_Macro_vs_M2_Macro_Oil__primary__Oil_Rent_Intensive_Pre2016_ge15pct,Oil_Rents_GDP_Pct_lag1,primary,Oil_Rent_Intensive_Pre2016_ge15pct,Future_Period,train_to_2012__test_from_2013,RandomForest,added_model_vs_strongest_benchmark,-0.013999999999999995,0.5385
M1_Macro_vs_M2_Macro_Oil__primary__Oil_Rent_Intensive_Pre2016_ge15pct,Oil_Rents_GDP_Pct_lag1,primary,Oil_Rent_Intensive_Pre2016_ge15pct,Future_Period,train_to_2012__test_from_2013,RandomForest,added_model_vs_strongest_benchmark,-0.013499999999999995,0.5365
M1_Macro_vs_M2_Macro_Oil__primary__Oil_Rent_Intensive_Pre2016_ge15pct,Oil_Rents_GDP_Pct_lag1,primary,Oil_Rent_Intensive_Pre2016_ge15pct,Future_Period,train_to_2012__test_from_2013,RandomForest,added_model_vs_strongest_benchmark,-0.012999999999999994,0.5345
M1_Macro_vs_M2_Macro_Oil__primary__Oil_Rent_Intensive_Pre2016_ge15pct,Oil_Rents_GDP_Pct_lag1,primary,Oil_Rent_Intensive_Pre2016_ge15pct,Future_Period,train_to_2012__test_from_2013,RandomForest,added_model_vs_strongest_benchmark,-0.012499999999999994,0.533
M1_Macro_vs_M2_Macro_Oil__primary__Oil_Rent_Intensive_Pre2016_ge15pct,Oil_Rents_GDP_Pct_lag1,primary,Oil_Rent_Intensive_Pre2016_ge15pct,Future_Period,train_to_2012__test_from_2013,RandomForest,added_model_vs_strongest_benchmark,-0.011999999999999993,0.53
M1_Macro_vs_M2_Macro_Oil__primary__Oil_Rent_Intensive_Pre2016_ge15pct,Oil_Rents_GDP_Pct_lag1,primary,Oil_Rent_Intensive_Pre2016_ge15pct,Future_Period,train_to_2012__test_from_2013,RandomForest,added_model_vs_strongest_benchmark,-0.011499999999999993,0.529
M1_Macro_vs_M2_Macro_Oil__primary__Oil_Rent_Intensive_Pre2016_ge15pct,Oil_Rents_GDP_Pct_lag1,primary,Oil_Rent_Intensive_Pre2016_ge15pct,Future_Period,train_to_2012__test_from_2013,RandomForest,added_model_vs_strongest_benchmark,-0.010999999999999992,0.527
M1_Macro_vs_M2_Macro_Oil__primary__Oil_Rent_Intensive_Pre2016_ge15pct,Oil_Rents_GDP_Pct_lag1,primary,Oil_Rent_Intensive_Pre2016_ge15pct,Future_Period,train_to_2012__test_from_2013,RandomForest,added_model_vs_strongest_benchmark,-0.010499999999999992,0.5255
M1_Macro_vs_M2_Macro_Oil__primary__Oil_Rent_Intensive_Pre2016_ge15pct,Oil_Rents_GDP_Pct_lag1,primary,Oil_Rent_Intensive_Pre2016_ge15pct,Future_Period,train_to_2012__test_from_2013,RandomForest,added_model_vs_strongest_benchmark,-0.009999999999999992,0.5245
M1_Macro_vs_M2_Macro_Oil__primary__Oil_Rent_Intensive_Pre2016_ge15pct,Oil_Rents_GDP_Pct_lag1,primary,Oil_Rent_Intensive_Pre2016_ge15pct,Future_Period,train_to_2012__test_from_2013,RandomForest,added_model_vs_strongest_benchmark,-0.009499999999999991,0.524
M1_Macro_vs_M2_Macro_Oil__primary__Oil_Rent_Intensive_Pre2016_ge15pct,Oil_Rents_GDP_Pct_lag1,primary,Oil_Rent_Intensive_Pre2016_ge15pct,Future_Period,train_to_2012__test_from_2013,RandomForest,added_model_vs_strongest_benchmark,-0.00899999999999999,0.5225
M1_Macro_vs_M2_Macro_Oil__primary__Oil_Rent_Intensive_Pre2016_ge15pct,Oil_Rents_GDP_Pct_lag1,primary,Oil_Rent_Intensive_Pre2016_ge15pct,Future_Period,train_to_2012__test_from_2013,RandomForest,added_model_vs_strongest_benchmark,-0.00849999999999999,0.5205
M1_Macro_vs_M2_Macro_Oil__primary__Oil_Rent_Intensive_Pre2016_ge15pct,Oil_Rents_GDP_Pct_lag1,primary,Oil_Rent_Intensive_Pre2016_ge15pct,Future_Period,train_to_2012__test_from_2013,RandomForest,added_model_vs_strongest_benchmark,-0.00799999999999999,0.519
M1_Macro_vs_M2_Macro_Oil__primary__Oil_Rent_Intensive_Pre2016_ge15pct,Oil_Rents_GDP_Pct_lag1,primary,Oil_Rent_Intensive_Pre2016_ge15pct,Future_Period,train_to_2012__test_from_2013,RandomForest,added_model_vs_strongest_benchmark,-0.007499999999999989,0.5165
M1_Macro_vs_M2_Macro_Oil__primary__Oil_Rent_Intensive_Pre2016_ge15pct,Oil_Rents_GDP_Pct_lag1,primary,Oil_Rent_Intensive_Pre2016_ge15pct,Future_Period,train_to_2012__test_from_2013,RandomForest,added_model_vs_strongest_benchmark,-0.006999999999999989,0.5155
M1_Macro_vs_M2_Macro_Oil__primary__Oil_Rent_Intensive_Pre2016_ge15pct,Oil_Rents_GDP_Pct_lag1,primary,Oil_Rent_Intensive_Pre2016_ge15pct,Future_Period,train_to_2012__test_from_2013,RandomForest,added_model_vs_strongest_benchmark,-0.006499999999999988,0.514
M1_Macro_vs_M2_Macro_Oil__primary__Oil_Rent_Intensive_Pre2016_ge15pct,Oil_Rents_GDP_Pct_lag1,primary,Oil_Rent_Intensive_Pre2016_ge15pct,Future_Period,train_to_2012__test_from_2013,RandomForest,added_model_vs_strongest_benchmark,-0.005999999999999988,0.5115
M1_Macro_vs_M2_Macro_Oil__primary__Oil_Rent_Intensive_Pre2016_ge15pct,Oil_Rents_GDP_Pct_lag1,primary,Oil_Rent_Intensive_Pre2016_ge15pct,Future_Period,train_to_2012__test_from_2013,RandomForest,added_model_vs_strongest_benchmark,-0.0054999999999999875,0.509
M1_Macro_vs_M2_Macro_Oil__primary__Oil_Rent_Intensive_Pre2016_ge15pct,Oil_Rents_GDP_Pct_lag1,primary,Oil_Rent_Intensive_Pre2016_ge15pct,Future_Period,train_to_2012__test_from_2013,RandomForest,added_model_vs_strongest_benchmark,-0.004999999999999987,0.5065
M1_Macro_vs_M2_Macro_Oil__primary__Oil_Rent_Intensive_Pre2016_ge15pct,Oil_Rents_GDP_Pct_lag1,primary,Oil_Rent_Intensive_Pre2016_ge15pct,Future_Period,train_to_2012__test_from_2013,RandomForest,added_model_vs_strongest_benchmark,-0.004499999999999987,0.506
M1_Macro_vs_M2_Macro_Oil__primary__Oil_Rent_Intensive_Pre2016_ge15pct,Oil_Rents_GDP_Pct_lag1,primary,Oil_Rent_Intensive_Pre2016_ge15pct,Future_Period,train_to_2012__test_from_2013,RandomForest,added_model_vs_strongest_benchmark,-0.003999999999999986,0.5055
M1_Macro_vs_M2_Macro_Oil__primary__Oil_Rent_Intensive_Pre2016_ge15pct,Oil_Rents_GDP_Pct_lag1,primary,Oil_Rent_Intensive_Pre2016_ge15pct,Future_Period,train_to_2012__test_from_2013,RandomForest,added_model_vs_strongest_benchmark,-0.0034999999999999858,0.504
M1_Macro_vs_M2_Macro_Oil__primary__Oil_Rent_Intensive_Pre2016_ge15pct,Oil_Rents_GDP_Pct_lag1,primary,Oil_Rent_Intensive_Pre2016_ge15pct,Future_Period,train_to_2012__test_from_2013,RandomForest,added_model_vs_strongest_benchmark,-0.0029999999999999853,0.502
M1_Macro_vs_M2_Macro_Oil__primary__Oil_Rent_Intensive_Pre2016_ge15pct,Oil_Rents_GDP_Pct_lag1,primary,Oil_Rent_Intensive_Pre2016_ge15pct,Future_Period,train_to_2012__test_from_2013,RandomForest,added_model_vs_strongest_benchmark,-0.002499999999999985,0.501
M1_Macro_vs_M2_Macro_Oil__primary__Oil_Rent_Intensive_Pre2016_ge15pct,Oil_Rents_GDP_Pct_lag1,primary,Oil_Rent_Intensive_Pre2016_ge15pct,Future_Period,train_to_2012__test_from_2013,RandomForest,added_model_vs_strongest_benchmark,-0.0019999999999999844,0.5
M1_Macro_vs_M2_Macro_Oil__primary__Oil_Rent_Intensive_Pre2016_ge15pct,Oil_Rents_GDP_Pct_lag1,primary,Oil_Rent_Intensive_Pre2016_ge15pct,Future_Period,train_to_2012__test_from_2013,RandomForest,added_model_vs_strongest_benchmark,-0.001499999999999984,0.4985
M1_Macro_vs_M2_Macro_Oil__primary__Oil_Rent_Intensive_Pre2016_ge15pct,Oil_Rents_GDP_Pct_lag1,primary,Oil_Rent_Intensive_Pre2016_ge15pct,Future_Period,train_to_2012__test_from_2013,RandomForest,added_model_vs_strongest_benchmark,-0.0009999999999999835,0.4935
M1_Macro_vs_M2_Macro_Oil__primary__Oil_Rent_Intensive_Pre2016_ge15pct,Oil_Rents_GDP_Pct_lag1,primary,Oil_Rent_Intensive_Pre2016_ge15pct,Future_Period,train_to_2012__test_from_2013,RandomForest,added_model_vs_strongest_benchmark,-0.0004999999999999831,0.4925
M1_Macro_vs_M2_Macro_Oil__primary__Oil_Rent_Intensive_Pre2016_ge15pct,Oil_Rents_GDP_Pct_lag1,primary,Oil_Rent_Intensive_Pre2016_ge15pct,Future_Period,train_to_2012__test_from_2013,RandomForest,added_model_vs_strongest_benchmark,1.734723475976807e-17,0.49
M1_Macro_vs_M2_Macro_Oil__primary__Oil_Rent_Intensive_Pre2016_ge15pct,Oil_Rents_GDP_Pct_lag1,primary,Oil_Rent_Intensive_Pre2016_ge15pct,Future_Period,train_to_2012__test_from_2013,RandomForest,added_model_vs_strongest_benchmark,0.0005000000000000178,0.489
M1_Macro_vs_M2_Macro_Oil__primary__Oil_Rent_Intensive_Pre2016_ge15pct,Oil_Rents_GDP_Pct_lag1,primary,Oil_Rent_Intensive_Pre2016_ge15pct,Future_Period,train_to_2012__test_from_2013,RandomForest,added_model_vs_strongest_benchmark,0.0010000000000000182,0.4875
M1_Macro_vs_M2_Macro_Oil__primary__Oil_Rent_Intensive_Pre2016_ge15pct,Oil_Rents_GDP_Pct_lag1,primary,Oil_Rent_Intensive_Pre2016_ge15pct,Future_Period,train_to_2012__test_from_2013,RandomForest,added_model_vs_strongest_benchmark,0.0015000000000000187,0.4875
M1_Macro_vs_M2_Macro_Oil__primary__Oil_Rent_Intensive_Pre2016_ge15pct,Oil_Rents_GDP_Pct_lag1,primary,Oil_Rent_Intensive_Pre2016_ge15pct,Future_Period,train_to_2012__test_from_2013,RandomForest,added_model_vs_strongest_benchmark,0.002000000000000019,0.4855
M1_Macro_vs_M2_Macro_Oil__primary__Oil_Rent_Intensive_Pre2016_ge15pct,Oil_Rents_GDP_Pct_lag1,primary,Oil_Rent_Intensive_Pre2016_ge15pct,Future_Period,train_to_2012__test_from_2013,RandomForest,added_model_vs_strongest_benchmark,0.0025000000000000196,0.483
M1_Macro_vs_M2_Macro_Oil__primary__Oil_Rent_Intensive_Pre2016_ge15pct,Oil_Rents_GDP_Pct_lag1,primary,Oil_Rent_Intensive_Pre2016_ge15pct,Future_Period,train_to_2012__test_from_2013,RandomForest,added_model_vs_strongest_benchmark,0.00300000000000002,0.4825
M1_Macro_vs_M2_Macro_Oil__primary__Oil_Rent_Intensive_Pre2016_ge15pct,Oil_Rents_GDP_Pct_lag1,primary,Oil_Rent_Intensive_Pre2016_ge15pct,Future_Period,train_to_2012__test_from_2013,RandomForest,added_model_vs_strongest_benchmark,0.0035000000000000205,0.482
M1_Macro_vs_M2_Macro_Oil__primary__Oil_Rent_Intensive_Pre2016_ge15pct,Oil_Rents_GDP_Pct_lag1,primary,Oil_Rent_Intensive_Pre2016_ge15pct,Future_Period,train_to_2012__test_from_2013,RandomForest,added_model_vs_strongest_benchmark,0.004000000000000021,0.4815
M1_Macro_vs_M2_Macro_Oil__primary__Oil_Rent_Intensive_Pre2016_ge15pct,Oil_Rents_GDP_Pct_lag1,primary,Oil_Rent_Intensive_Pre2016_ge15pct,Future_Period,train_to_2012__test_from_2013,RandomForest,added_model_vs_strongest_benchmark,0.004500000000000021,0.481
M1_Macro_vs_M2_Macro_Oil__primary__Oil_Rent_Intensive_Pre2016_ge15pct,Oil_Rents_GDP_Pct_lag1,primary,Oil_Rent_Intensive_Pre2016_ge15pct,Future_Period,train_to_2012__test_from_2013,RandomForest,added_model_vs_strongest_benchmark,0.005000000000000022,0.479
M1_Macro_vs_M2_Macro_Oil__primary__Oil_Rent_Intensive_Pre2016_ge15pct,Oil_Rents_GDP_Pct_lag1,primary,Oil_Rent_Intensive_Pre2016_ge15pct,Future_Period,train_to_2012__test_from_2013,RandomForest,added_model_vs_strongest_benchmark,0.005500000000000022,0.4765
M1_Macro_vs_M2_Macro_Oil__primary__Oil_Rent_Intensive_Pre2016_ge15pct,Oil_Rents_GDP_Pct_lag1,primary,Oil_Rent_Intensive_Pre2016_ge15pct,Future_Period,train_to_2012__test_from_2013,RandomForest,added_model_vs_strongest_benchmark,0.006000000000000023,0.476
M1_Macro_vs_M2_Macro_Oil__primary__Oil_Rent_Intensive_Pre2016_ge15pct,Oil_Rents_GDP_Pct_lag1,primary,Oil_Rent_Intensive_Pre2016_ge15pct,Future_Period,train_to_2012__test_from_2013,RandomForest,added_model_vs_strongest_benchmark,0.006500000000000023,0.475
M1_Macro_vs_M2_Macro_Oil__primary__Oil_Rent_Intensive_Pre2016_ge15pct,Oil_Rents_GDP_Pct_lag1,primary,Oil_Rent_Intensive_Pre2016_ge15pct,Future_Period,train_to_2012__test_from_2013,RandomForest,added_model_vs_strongest_benchmark,0.0070000000000000236,0.474
M1_Macro_vs_M2_Macro_Oil__primary__Oil_Rent_Intensive_Pre2016_ge15pct,Oil_Rents_GDP_Pct_lag1,primary,Oil_Rent_Intensive_Pre2016_ge15pct,Future_Period,train_to_2012__test_from_2013,RandomForest,added_model_vs_strongest_benchmark,0.007500000000000024,0.472
M1_Macro_vs_M2_Macro_Oil__primary__Oil_Rent_Intensive_Pre2016_ge15pct,Oil_Rents_GDP_Pct_lag1,primary,Oil_Rent_Intensive_Pre2016_ge15pct,Future_Period,train_to_2012__test_from_2013,RandomForest,added_model_vs_strongest_benchmark,0.008000000000000024,0.4715
M1_Macro_vs_M2_Macro_Oil__primary__Oil_Rent_Intensive_Pre2016_ge15pct,Oil_Rents_GDP_Pct_lag1,primary,Oil_Rent_Intensive_Pre2016_ge15pct,Future_Period,train_to_2012__test_from_2013,RandomForest,added_model_vs_strongest_benchmark,0.008500000000000025,0.4705
M1_Macro_vs_M2_Macro_Oil__primary__Oil_Rent_Intensive_Pre2016_ge15pct,Oil_Rents_GDP_Pct_lag1,primary,Oil_Rent_Intensive_Pre2016_ge15pct,Future_Period,train_to_2012__test_from_2013,RandomForest,added_model_vs_strongest_benchmark,0.009000000000000025,0.468
M1_Macro_vs_M2_Macro_Oil__primary__Oil_Rent_Intensive_Pre2016_ge15pct,Oil_Rents_GDP_Pct_lag1,primary,Oil_Rent_Intensive_Pre2016_ge15pct,Future_Period,train_to_2012__test_from_2013,RandomForest,added_model_vs_strongest_benchmark,0.009500000000000026,0.465
M1_Macro_vs_M2_Macro_Oil__primary__Oil_Rent_Intensive_Pre2016_ge15pct,Oil_Rents_GDP_Pct_lag1,primary,Oil_Rent_Intensive_Pre2016_ge15pct,Future_Period,train_to_2012__test_from_2013,RandomForest,added_model_vs_strongest_benchmark,0.010000000000000026,0.4645
M1_Macro_vs_M2_Macro_Oil__primary__Oil_Rent_Intensive_Pre2016_ge15pct,Oil_Rents_GDP_Pct_lag1,primary,Oil_Rent_Intensive_Pre2016_ge15pct,Future_Period,train_to_2012__test_from_2013,RandomForest,added_model_vs_strongest_benchmark,0.010500000000000027,0.461
M1_Macro_vs_M2_Macro_Oil__primary__Oil_Rent_Intensive_Pre2016_ge15pct,Oil_Rents_GDP_Pct_lag1,primary,Oil_Rent_Intensive_Pre2016_ge15pct,Future_Period,train_to_2012__test_from_2013,RandomForest,added_model_vs_strongest_benchmark,0.011000000000000027,0.459
M1_Macro_vs_M2_Macro_Oil__primary__Oil_Rent_Intensive_Pre2016_ge15pct,Oil_Rents_GDP_Pct_lag1,primary,Oil_Rent_Intensive_Pre2016_ge15pct,Future_Period,train_to_2012__test_from_2013,RandomForest,added_model_vs_strongest_benchmark,0.011500000000000028,0.4585
M1_Macro_vs_M2_Macro_Oil__primary__Oil_Rent_Intensive_Pre2016_ge15pct,Oil_Rents_GDP_Pct_lag1,primary,Oil_Rent_Intensive_Pre2016_ge15pct,Future_Period,train_to_2012__test_from_2013,RandomForest,added_model_vs_strongest_benchmark,0.012000000000000028,0.4575
M1_Macro_vs_M2_Macro_Oil__primary__Oil_Rent_Intensive_Pre2016_ge15pct,Oil_Rents_GDP_Pct_lag1,primary,Oil_Rent_Intensive_Pre2016_ge15pct,Future_Period,train_to_2012__test_from_2013,RandomForest,added_model_vs_strongest_benchmark,0.012500000000000028,0.4565
M1_Macro_vs_M2_Macro_Oil__primary__Oil_Rent_Intensive_Pre2016_ge15pct,Oil_Rents_GDP_Pct_lag1,primary,Oil_Rent_Intensive_Pre2016_ge15pct,Future_Period,train_to_2012__test_from_2013,RandomForest,added_model_vs_strongest_benchmark,0.013000000000000029,0.455
M1_Macro_vs_M2_Macro_Oil__primary__Oil_Rent_Intensive_Pre2016_ge15pct,Oil_Rents_GDP_Pct_lag1,primary,Oil_Rent_Intensive_Pre2016_ge15pct,Future_Period,train_to_2012__test_from_2013,RandomForest,added_model_vs_strongest_benchmark,0.01350000000000003,0.4545
M1_Macro_vs_M2_Macro_Oil__primary__Oil_Rent_Intensive_Pre2016_ge15pct,Oil_Rents_GDP_Pct_lag1,primary,Oil_Rent_Intensive_Pre2016_ge15pct,Future_Period,train_to_2012__test_from_2013,RandomForest,added_model_vs_strongest_benchmark,0.01400000000000003,0.4525
M1_Macro_vs_M2_Macro_Oil__primary__Oil_Rent_Intensive_Pre2016_ge15pct,Oil_Rents_GDP_Pct_lag1,primary,Oil_Rent_Intensive_Pre2016_ge15pct,Future_Period,train_to_2012__test_from_2013,RandomForest,added_model_vs_strongest_benchmark,0.01450000000000003,0.4515
M1_Macro_vs_M2_Macro_Oil__primary__Oil_Rent_Intensive_Pre2016_ge15pct,Oil_Rents_GDP_Pct_lag1,primary,Oil_Rent_Intensive_Pre2016_ge15pct,Future_Period,train_to_2012__test_from_2013,RandomForest,added_model_vs_strongest_benchmark,0.01500000000000003,0.448
M1_Macro_vs_M2_Macro_Oil__primary__Oil_Rent_Intensive_Pre2016_ge15pct,Oil_Rents_GDP_Pct_lag1,primary,Oil_Rent_Intensive_Pre2016_ge15pct,Future_Period,train_to_2012__test_from_2013,RandomForest,added_model_vs_strongest_benchmark,0.015500000000000031,0.4465
M1_Macro_vs_M2_Macro_Oil__primary__Oil_Rent_Intensive_Pre2016_ge15pct,Oil_Rents_GDP_Pct_lag1,primary,Oil_Rent_Intensive_Pre2016_ge15pct,Future_Period,train_to_2012__test_from_2013,RandomForest,added_model_vs_strongest_benchmark,0.01600000000000003,0.4465
M1_Macro_vs_M2_Macro_Oil__primary__Oil_Rent_Intensive_Pre2016_ge15pct,Oil_Rents_GDP_Pct_lag1,primary,Oil_Rent_Intensive_Pre2016_ge15pct,Future_Period,train_to_2012__test_from_2013,RandomForest,added_model_vs_strongest_benchmark,0.016500000000000032,0.4445
M1_Macro_vs_M2_Macro_Oil__primary__Oil_Rent_Intensive_Pre2016_ge15pct,Oil_Rents_GDP_Pct_lag1,primary,Oil_Rent_Intensive_Pre2016_ge15pct,Future_Period,train_to_2012__test_from_2013,RandomForest,added_model_vs_strongest_benchmark,0.017000000000000032,0.4435
M1_Macro_vs_M2_Macro_Oil__primary__Oil_Rent_Intensive_Pre2016_ge15pct,Oil_Rents_GDP_Pct_lag1,primary,Oil_Rent_Intensive_Pre2016_ge15pct,Future_Period,train_to_2012__test_from_2013,RandomForest,added_model_vs_strongest_benchmark,0.017500000000000033,0.4415
M1_Macro_vs_M2_Macro_Oil__primary__Oil_Rent_Intensive_Pre2016_ge15pct,Oil_Rents_GDP_Pct_lag1,primary,Oil_Rent_Intensive_Pre2016_ge15pct,Future_Period,train_to_2012__test_from_2013,RandomForest,added_model_vs_strongest_benchmark,0.018000000000000033,0.4405
M1_Macro_vs_M2_Macro_Oil__primary__Oil_Rent_Intensive_Pre2016_ge15pct,Oil_Rents_GDP_Pct_lag1,primary,Oil_Rent_Intensive_Pre2016_ge15pct,Future_Period,train_to_2012__test_from_2013,RandomForest,added_model_vs_strongest_benchmark,0.018500000000000034,0.4395
M1_Macro_vs_M2_Macro_Oil__primary__Oil_Rent_Intensive_Pre2016_ge15pct,Oil_Rents_GDP_Pct_lag1,primary,Oil_Rent_Intensive_Pre2016_ge15pct,Future_Period,train_to_2012__test_from_2013,RandomForest,added_model_vs_strongest_benchmark,0.019000000000000034,0.4375
M1_Macro_vs_M2_Macro_Oil__primary__Oil_Rent_Intensive_Pre2016_ge15pct,Oil_Rents_GDP_Pct_lag1,primary,Oil_Rent_Intensive_Pre2016_ge15pct,Future_Period,train_to_2012__test_from_2013,RandomForest,added_model_vs_strongest_benchmark,0.019500000000000035,0.435
M1_Macro_vs_M2_Macro_Oil__primary__Oil_Rent_Intensive_Pre2016_ge15pct,Oil_Rents_GDP_Pct_lag1,primary,Oil_Rent_Intensive_Pre2016_ge15pct,Future_Period,train_to_2012__test_from_2013,RandomForest,added_model_vs_strongest_benchmark,0.020000000000000035,0.434
M1_Macro_vs_M2_Macro_Oil__primary__Oil_Rent_Intensive_Pre2016_ge15pct,Oil_Rents_GDP_Pct_lag1,primary,Oil_Rent_Intensive_Pre2016_ge15pct,Future_Period,train_to_2012__test_from_2013,RandomForest,added_model_vs_strongest_benchmark,0.020500000000000036,0.432
M1_Macro_vs_M2_Macro_Oil__primary__Oil_Rent_Intensive_Pre2016_ge15pct,Oil_Rents_GDP_Pct_lag1,primary,Oil_Rent_Intensive_Pre2016_ge15pct,Future_Period,train_to_2012__test_from_2013,RandomForest,added_model_vs_strongest_benchmark,0.021000000000000036,0.431
M1_Macro_vs_M2_Macro_Oil__primary__Oil_Rent_Intensive_Pre2016_ge15pct,Oil_Rents_GDP_Pct_lag1,primary,Oil_Rent_Intensive_Pre2016_ge15pct,Future_Period,train_to_2012__test_from_2013,RandomForest,added_model_vs_strongest_benchmark,0.021500000000000036,0.4295
M1_Macro_vs_M2_Macro_Oil__primary__Oil_Rent_Intensive_Pre2016_ge15pct,Oil_Rents_GDP_Pct_lag1,primary,Oil_Rent_Intensive_Pre2016_ge15pct,Future_Period,train_to_2012__test_from_2013,RandomForest,added_model_vs_strongest_benchmark,0.022000000000000037,0.4265
M1_Macro_vs_M2_Macro_Oil__primary__Oil_Rent_Intensive_Pre2016_ge15pct,Oil_Rents_GDP_Pct_lag1,primary,Oil_Rent_Intensive_Pre2016_ge15pct,Future_Period,train_to_2012__test_from_2013,RandomForest,added_model_vs_strongest_benchmark,0.022500000000000037,0.4245
M1_Macro_vs_M2_Macro_Oil__primary__Oil_Rent_Intensive_Pre2016_ge15pct,Oil_Rents_GDP_Pct_lag1,primary,Oil_Rent_Intensive_Pre2016_ge15pct,Future_Period,train_to_2012__test_from_2013,RandomForest,added_model_vs_strongest_benchmark,0.023000000000000038,0.423
M1_Macro_vs_M2_Macro_Oil__primary__Oil_Rent_Intensive_Pre2016_ge15pct,Oil_Rents_GDP_Pct_lag1,primary,Oil_Rent_Intensive_Pre2016_ge15pct,Future_Period,train_to_2012__test_from_2013,RandomForest,added_model_vs_strongest_benchmark,0.023500000000000038,0.422
M1_Macro_vs_M2_Macro_Oil__primary__Oil_Rent_Intensive_Pre2016_ge15pct,Oil_Rents_GDP_Pct_lag1,primary,Oil_Rent_Intensive_Pre2016_ge15pct,Future_Period,train_to_2012__test_from_2013,RandomForest,added_model_vs_strongest_benchmark,0.02400000000000004,0.42
M1_Macro_vs_M2_Macro_Oil__primary__Oil_Rent_Intensive_Pre2016_ge15pct,Oil_Rents_GDP_Pct_lag1,primary,Oil_Rent_Intensive_Pre2016_ge15pct,Future_Period,train_to_2012__test_from_2013,RandomForest,added_model_vs_strongest_benchmark,0.02450000000000004,0.4195
M1_Macro_vs_M2_Macro_Oil__primary__Oil_Rent_Intensive_Pre2016_ge15pct,Oil_Rents_GDP_Pct_lag1,primary,Oil_Rent_Intensive_Pre2016_ge15pct,Future_Period,train_to_2012__test_from_2013,RandomForest,added_model_vs_strongest_benchmark,0.02500000000000004,0.4185
M1_Macro_vs_M2_Macro_Oil__primary__Oil_Rent_Intensive_Pre2016_ge15pct,Oil_Rents_GDP_Pct_lag1,primary,Oil_Rent_Intensive_Pre2016_ge15pct,Future_Period,train_to_2012__test_from_2013,RandomForest,added_model_vs_strongest_benchmark,0.02550000000000004,0.4165
M1_Macro_vs_M2_Macro_Oil__primary__Oil_Rent_Intensive_Pre2016_ge15pct,Oil_Rents_GDP_Pct_lag1,primary,Oil_Rent_Intensive_Pre2016_ge15pct,Future_Period,train_to_2012__test_from_2013,RandomForest,added_model_vs_strongest_benchmark,0.02600000000000004,0.4155
M1_Macro_vs_M2_Macro_Oil__primary__Oil_Rent_Intensive_Pre2016_ge15pct,Oil_Rents_GDP_Pct_lag1,primary,Oil_Rent_Intensive_Pre2016_ge15pct,Future_Period,train_to_2012__test_from_2013,RandomForest,added_model_vs_strongest_benchmark,0.02650000000000004,0.4135
M1_Macro_vs_M2_Macro_Oil__primary__Oil_Rent_Intensive_Pre2016_ge15pct,Oil_Rents_GDP_Pct_lag1,primary,Oil_Rent_Intensive_Pre2016_ge15pct,Future_Period,train_to_2012__test_from_2013,RandomForest,added_model_vs_strongest_benchmark,0.02700000000000004,0.4115
M1_Macro_vs_M2_Macro_Oil__primary__Oil_Rent_Intensive_Pre2016_ge15pct,Oil_Rents_GDP_Pct_lag1,primary,Oil_Rent_Intensive_Pre2016_ge15pct,Future_Period,train_to_2012__test_from_2013,RandomForest,added_model_vs_strongest_benchmark,0.027500000000000042,0.411
M1_Macro_vs_M2_Macro_Oil__primary__Oil_Rent_Intensive_Pre2016_ge15pct,Oil_Rents_GDP_Pct_lag1,primary,Oil_Rent_Intensive_Pre2016_ge15pct,Future_Period,train_to_2012__test_from_2013,RandomForest,added_model_vs_strongest_benchmark,0.028000000000000042,0.408
M1_Macro_vs_M2_Macro_Oil__primary__Oil_Rent_Intensive_Pre2016_ge15pct,Oil_Rents_GDP_Pct_lag1,primary,Oil_Rent_Intensive_Pre2016_ge15pct,Future_Period,train_to_2012__test_from_2013,RandomForest,added_model_vs_strongest_benchmark,0.028500000000000043,0.4075
M1_Macro_vs_M2_Macro_Oil__primary__Oil_Rent_Intensive_Pre2016_ge15pct,Oil_Rents_GDP_Pct_lag1,primary,Oil_Rent_Intensive_Pre2016_ge15pct,Future_Period,train_to_2012__test_from_2013,RandomForest,added_model_vs_strongest_benchmark,0.029000000000000043,0.4045
M1_Macro_vs_M2_Macro_Oil__primary__Oil_Rent_Intensive_Pre2016_ge15pct,Oil_Rents_GDP_Pct_lag1,primary,Oil_Rent_Intensive_Pre2016_ge15pct,Future_Period,train_to_2012__test_from_2013,RandomForest,added_model_vs_strongest_benchmark,0.029500000000000044,0.404
M1_Macro_vs_M2_Macro_Oil__primary__Oil_Rent_Intensive_Pre2016_ge15pct,Oil_Rents_GDP_Pct_lag1,primary,Oil_Rent_Intensive_Pre2016_ge15pct,Future_Period,train_to_2012__test_from_2013,RandomForest,added_model_vs_strongest_benchmark,0.030000000000000044,0.402
M1_Macro_vs_M2_Macro_Oil__primary__Oil_Rent_Intensive_Pre2016_ge15pct,Oil_Rents_GDP_Pct_lag1,primary,Oil_Rent_Intensive_Pre2016_ge15pct,Future_Period,train_to_2014__test_from_2015,Ridge,signal_increment,-0.02,0.9755
M1_Macro_vs_M2_Macro_Oil__primary__Oil_Rent_Intensive_Pre2016_ge15pct,Oil_Rents_GDP_Pct_lag1,primary,Oil_Rent_Intensive_Pre2016_ge15pct,Future_Period,train_to_2014__test_from_2015,Ridge,signal_increment,-0.0195,0.973
M1_Macro_vs_M2_Macro_Oil__primary__Oil_Rent_Intensive_Pre2016_ge15pct,Oil_Rents_GDP_Pct_lag1,primary,Oil_Rent_Intensive_Pre2016_ge15pct,Future_Period,train_to_2014__test_from_2015,Ridge,signal_increment,-0.019,0.967
M1_Macro_vs_M2_Macro_Oil__primary__Oil_Rent_Intensive_Pre2016_ge15pct,Oil_Rents_GDP_Pct_lag1,primary,Oil_Rent_Intensive_Pre2016_ge15pct,Future_Period,train_to_2014__test_from_2015,Ridge,signal_increment,-0.0185,0.962
M1_Macro_vs_M2_Macro_Oil__primary__Oil_Rent_Intensive_Pre2016_ge15pct,Oil_Rents_GDP_Pct_lag1,primary,Oil_Rent_Intensive_Pre2016_ge15pct,Future_Period,train_to_2014__test_from_2015,Ridge,signal_increment,-0.018,0.9595
M1_Macro_vs_M2_Macro_Oil__primary__Oil_Rent_Intensive_Pre2016_ge15pct,Oil_Rents_GDP_Pct_lag1,primary,Oil_Rent_Intensive_Pre2016_ge15pct,Future_Period,train_to_2014__test_from_2015,Ridge,signal_increment,-0.017499999999999998,0.9535
M1_Macro_vs_M2_Macro_Oil__primary__Oil_Rent_Intensive_Pre2016_ge15pct,Oil_Rents_GDP_Pct_lag1,primary,Oil_Rent_Intensive_Pre2016_ge15pct,Future_Period,train_to_2014__test_from_2015,Ridge,signal_increment,-0.016999999999999998,0.948
M1_Macro_vs_M2_Macro_Oil__primary__Oil_Rent_Intensive_Pre2016_ge15pct,Oil_Rents_GDP_Pct_lag1,primary,Oil_Rent_Intensive_Pre2016_ge15pct,Future_Period,train_to_2014__test_from_2015,Ridge,signal_increment,-0.016499999999999997,0.9425
M1_Macro_vs_M2_Macro_Oil__primary__Oil_Rent_Intensive_Pre2016_ge15pct,Oil_Rents_GDP_Pct_lag1,primary,Oil_Rent_Intensive_Pre2016_ge15pct,Future_Period,train_to_2014__test_from_2015,Ridge,signal_increment,-0.015999999999999997,0.9305
M1_Macro_vs_M2_Macro_Oil__primary__Oil_Rent_Intensive_Pre2016_ge15pct,Oil_Rents_GDP_Pct_lag1,primary,Oil_Rent_Intensive_Pre2016_ge15pct,Future_Period,train_to_2014__test_from_2015,Ridge,signal_increment,-0.015499999999999996,0.9175
M1_Macro_vs_M2_Macro_Oil__primary__Oil_Rent_Intensive_Pre2016_ge15pct,Oil_Rents_GDP_Pct_lag1,primary,Oil_Rent_Intensive_Pre2016_ge15pct,Future_Period,train_to_2014__test_from_2015,Ridge,signal_increment,-0.014999999999999996,0.905
M1_Macro_vs_M2_Macro_Oil__primary__Oil_Rent_Intensive_Pre2016_ge15pct,Oil_Rents_GDP_Pct_lag1,primary,Oil_Rent_Intensive_Pre2016_ge15pct,Future_Period,train_to_2014__test_from_2015,Ridge,signal_increment,-0.014499999999999996,0.8935
M1_Macro_vs_M2_Macro_Oil__primary__Oil_Rent_Intensive_Pre2016_ge15pct,Oil_Rents_GDP_Pct_lag1,primary,Oil_Rent_Intensive_Pre2016_ge15pct,Future_Period,train_to_2014__test_from_2015,Ridge,signal_increment,-0.013999999999999995,0.877
M1_Macro_vs_M2_Macro_Oil__primary__Oil_Rent_Intensive_Pre2016_ge15pct,Oil_Rents_GDP_Pct_lag1,primary,Oil_Rent_Intensive_Pre2016_ge15pct,Future_Period,train_to_2014__test_from_2015,Ridge,signal_increment,-0.013499999999999995,0.8585
M1_Macro_vs_M2_Macro_Oil__primary__Oil_Rent_Intensive_Pre2016_ge15pct,Oil_Rents_GDP_Pct_lag1,primary,Oil_Rent_Intensive_Pre2016_ge15pct,Future_Period,train_to_2014__test_from_2015,Ridge,signal_increment,-0.012999999999999994,0.8445
M1_Macro_vs_M2_Macro_Oil__primary__Oil_Rent_Intensive_Pre2016_ge15pct,Oil_Rents_GDP_Pct_lag1,primary,Oil_Rent_Intensive_Pre2016_ge15pct,Future_Period,train_to_2014__test_from_2015,Ridge,signal_increment,-0.012499999999999994,0.825
M1_Macro_vs_M2_Macro_Oil__primary__Oil_Rent_Intensive_Pre2016_ge15pct,Oil_Rents_GDP_Pct_lag1,primary,Oil_Rent_Intensive_Pre2016_ge15pct,Future_Period,train_to_2014__test_from_2015,Ridge,signal_increment,-0.011999999999999993,0.807
M1_Macro_vs_M2_Macro_Oil__primary__Oil_Rent_Intensive_Pre2016_ge15pct,Oil_Rents_GDP_Pct_lag1,primary,Oil_Rent_Intensive_Pre2016_ge15pct,Future_Period,train_to_2014__test_from_2015,Ridge,signal_increment,-0.011499999999999993,0.7875
M1_Macro_vs_M2_Macro_Oil__primary__Oil_Rent_Intensive_Pre2016_ge15pct,Oil_Rents_GDP_Pct_lag1,primary,Oil_Rent_Intensive_Pre2016_ge15pct,Future_Period,train_to_2014__test_from_2015,Ridge,signal_increment,-0.010999999999999992,0.769
M1_Macro_vs_M2_Macro_Oil__primary__Oil_Rent_Intensive_Pre2016_ge15pct,Oil_Rents_GDP_Pct_lag1,primary,Oil_Rent_Intensive_Pre2016_ge15pct,Future_Period,train_to_2014__test_from_2015,Ridge,signal_increment,-0.010499999999999992,0.7395
M1_Macro_vs_M2_Macro_Oil__primary__Oil_Rent_Intensive_Pre2016_ge15pct,Oil_Rents_GDP_Pct_lag1,primary,Oil_Rent_Intensive_Pre2016_ge15pct,Future_Period,train_to_2014__test_from_2015,Ridge,signal_increment,-0.009999999999999992,0.717
M1_Macro_vs_M2_Macro_Oil__primary__Oil_Rent_Intensive_Pre2016_ge15pct,Oil_Rents_GDP_Pct_lag1,primary,Oil_Rent_Intensive_Pre2016_ge15pct,Future_Period,train_to_2014__test_from_2015,Ridge,signal_increment,-0.009499999999999991,0.691
M1_Macro_vs_M2_Macro_Oil__primary__Oil_Rent_Intensive_Pre2016_ge15pct,Oil_Rents_GDP_Pct_lag1,primary,Oil_Rent_Intensive_Pre2016_ge15pct,Future_Period,train_to_2014__test_from_2015,Ridge,signal_increment,-0.00899999999999999,0.666
M1_Macro_vs_M2_Macro_Oil__primary__Oil_Rent_Intensive_Pre2016_ge15pct,Oil_Rents_GDP_Pct_lag1,primary,Oil_Rent_Intensive_Pre2016_ge15pct,Future_Period,train_to_2014__test_from_2015,Ridge,signal_increment,-0.00849999999999999,0.637
M1_Macro_vs_M2_Macro_Oil__primary__Oil_Rent_Intensive_Pre2016_ge15pct,Oil_Rents_GDP_Pct_lag1,primary,Oil_Rent_Intensive_Pre2016_ge15pct,Future_Period,train_to_2014__test_from_2015,Ridge,signal_increment,-0.00799999999999999,0.6175
M1_Macro_vs_M2_Macro_Oil__primary__Oil_Rent_Intensive_Pre2016_ge15pct,Oil_Rents_GDP_Pct_lag1,primary,Oil_Rent_Intensive_Pre2016_ge15pct,Future_Period,train_to_2014__test_from_2015,Ridge,signal_increment,-0.007499999999999989,0.589
M1_Macro_vs_M2_Macro_Oil__primary__Oil_Rent_Intensive_Pre2016_ge15pct,Oil_Rents_GDP_Pct_lag1,primary,Oil_Rent_Intensive_Pre2016_ge15pct,Future_Period,train_to_2014__test_from_2015,Ridge,signal_increment,-0.006999999999999989,0.558
M1_Macro_vs_M2_Macro_Oil__primary__Oil_Rent_Intensive_Pre2016_ge15pct,Oil_Rents_GDP_Pct_lag1,primary,Oil_Rent_Intensive_Pre2016_ge15pct,Future_Period,train_to_2014__test_from_2015,Ridge,signal_increment,-0.006499999999999988,0.5385
M1_Macro_vs_M2_Macro_Oil__primary__Oil_Rent_Intensive_Pre2016_ge15pct,Oil_Rents_GDP_Pct_lag1,primary,Oil_Rent_Intensive_Pre2016_ge15pct,Future_Period,train_to_2014__test_from_2015,Ridge,signal_increment,-0.005999999999999988,0.5085
M1_Macro_vs_M2_Macro_Oil__primary__Oil_Rent_Intensive_Pre2016_ge15pct,Oil_Rents_GDP_Pct_lag1,primary,Oil_Rent_Intensive_Pre2016_ge15pct,Future_Period,train_to_2014__test_from_2015,Ridge,signal_increment,-0.0054999999999999875,0.4795
M1_Macro_vs_M2_Macro_Oil__primary__Oil_Rent_Intensive_Pre2016_ge15pct,Oil_Rents_GDP_Pct_lag1,primary,Oil_Rent_Intensive_Pre2016_ge15pct,Future_Period,train_to_2014__test_from_2015,Ridge,signal_increment,-0.004999999999999987,0.4535
M1_Macro_vs_M2_Macro_Oil__primary__Oil_Rent_Intensive_Pre2016_ge15pct,Oil_Rents_GDP_Pct_lag1,primary,Oil_Rent_Intensive_Pre2016_ge15pct,Future_Period,train_to_2014__test_from_2015,Ridge,signal_increment,-0.004499999999999987,0.42
M1_Macro_vs_M2_Macro_Oil__primary__Oil_Rent_Intensive_Pre2016_ge15pct,Oil_Rents_GDP_Pct_lag1,primary,Oil_Rent_Intensive_Pre2016_ge15pct,Future_Period,train_to_2014__test_from_2015,Ridge,signal_increment,-0.003999999999999986,0.404
M1_Macro_vs_M2_Macro_Oil__primary__Oil_Rent_Intensive_Pre2016_ge15pct,Oil_Rents_GDP_Pct_lag1,primary,Oil_Rent_Intensive_Pre2016_ge15pct,Future_Period,train_to_2014__test_from_2015,Ridge,signal_increment,-0.0034999999999999858,0.376
M1_Macro_vs_M2_Macro_Oil__primary__Oil_Rent_Intensive_Pre2016_ge15pct,Oil_Rents_GDP_Pct_lag1,primary,Oil_Rent_Intensive_Pre2016_ge15pct,Future_Period,train_to_2014__test_from_2015,Ridge,signal_increment,-0.0029999999999999853,0.3585
M1_Macro_vs_M2_Macro_Oil__primary__Oil_Rent_Intensive_Pre2016_ge15pct,Oil_Rents_GDP_Pct_lag1,primary,Oil_Rent_Intensive_Pre2016_ge15pct,Future_Period,train_to_2014__test_from_2015,Ridge,signal_increment,-0.002499999999999985,0.333
M1_Macro_vs_M2_Macro_Oil__primary__Oil_Rent_Intensive_Pre2016_ge15pct,Oil_Rents_GDP_Pct_lag1,primary,Oil_Rent_Intensive_Pre2016_ge15pct,Future_Period,train_to_2014__test_from_2015,Ridge,signal_increment,-0.0019999999999999844,0.3045
M1_Macro_vs_M2_Macro_Oil__primary__Oil_Rent_Intensive_Pre2016_ge15pct,Oil_Rents_GDP_Pct_lag1,primary,Oil_Rent_Intensive_Pre2016_ge15pct,Future_Period,train_to_2014__test_from_2015,Ridge,signal_increment,-0.001499999999999984,0.281
M1_Macro_vs_M2_Macro_Oil__primary__Oil_Rent_Intensive_Pre2016_ge15pct,Oil_Rents_GDP_Pct_lag1,primary,Oil_Rent_Intensive_Pre2016_ge15pct,Future_Period,train_to_2014__test_from_2015,Ridge,signal_increment,-0.0009999999999999835,0.253
M1_Macro_vs_M2_Macro_Oil__primary__Oil_Rent_Intensive_Pre2016_ge15pct,Oil_Rents_GDP_Pct_lag1,primary,Oil_Rent_Intensive_Pre2016_ge15pct,Future_Period,train_to_2014__test_from_2015,Ridge,signal_increment,-0.0004999999999999831,0.2295
M1_Macro_vs_M2_Macro_Oil__primary__Oil_Rent_Intensive_Pre2016_ge15pct,Oil_Rents_GDP_Pct_lag1,primary,Oil_Rent_Intensive_Pre2016_ge15pct,Future_Period,train_to_2014__test_from_2015,Ridge,signal_increment,1.734723475976807e-17,0.2135
M1_Macro_vs_M2_Macro_Oil__primary__Oil_Rent_Intensive_Pre2016_ge15pct,Oil_Rents_GDP_Pct_lag1,primary,Oil_Rent_Intensive_Pre2016_ge15pct,Future_Period,train_to_2014__test_from_2015,Ridge,signal_increment,0.0005000000000000178,0.1935
M1_Macro_vs_M2_Macro_Oil__primary__Oil_Rent_Intensive_Pre2016_ge15pct,Oil_Rents_GDP_Pct_lag1,primary,Oil_Rent_Intensive_Pre2016_ge15pct,Future_Period,train_to_2014__test_from_2015,Ridge,signal_increment,0.0010000000000000182,0.1765
M1_Macro_vs_M2_Macro_Oil__primary__Oil_Rent_Intensive_Pre2016_ge15pct,Oil_Rents_GDP_Pct_lag1,primary,Oil_Rent_Intensive_Pre2016_ge15pct,Future_Period,train_to_2014__test_from_2015,Ridge,signal_increment,0.0015000000000000187,0.155
M1_Macro_vs_M2_Macro_Oil__primary__Oil_Rent_Intensive_Pre2016_ge15pct,Oil_Rents_GDP_Pct_lag1,primary,Oil_Rent_Intensive_Pre2016_ge15pct,Future_Period,train_to_2014__test_from_2015,Ridge,signal_increment,0.002000000000000019,0.135
M1_Macro_vs_M2_Macro_Oil__primary__Oil_Rent_Intensive_Pre2016_ge15pct,Oil_Rents_GDP_Pct_lag1,primary,Oil_Rent_Intensive_Pre2016_ge15pct,Future_Period,train_to_2014__test_from_2015,Ridge,signal_increment,0.0025000000000000196,0.1195
M1_Macro_vs_M2_Macro_Oil__primary__Oil_Rent_Intensive_Pre2016_ge15pct,Oil_Rents_GDP_Pct_lag1,primary,Oil_Rent_Intensive_Pre2016_ge15pct,Future_Period,train_to_2014__test_from_2015,Ridge,signal_increment,0.00300000000000002,0.1
M1_Macro_vs_M2_Macro_Oil__primary__Oil_Rent_Intensive_Pre2016_ge15pct,Oil_Rents_GDP_Pct_lag1,primary,Oil_Rent_Intensive_Pre2016_ge15pct,Future_Period,train_to_2014__test_from_2015,Ridge,signal_increment,0.0035000000000000205,0.0925
M1_Macro_vs_M2_Macro_Oil__primary__Oil_Rent_Intensive_Pre2016_ge15pct,Oil_Rents_GDP_Pct_lag1,primary,Oil_Rent_Intensive_Pre2016_ge15pct,Future_Period,train_to_2014__test_from_2015,Ridge,signal_increment,0.004000000000000021,0.081
M1_Macro_vs_M2_Macro_Oil__primary__Oil_Rent_Intensive_Pre2016_ge15pct,Oil_Rents_GDP_Pct_lag1,primary,Oil_Rent_Intensive_Pre2016_ge15pct,Future_Period,train_to_2014__test_from_2015,Ridge,signal_increment,0.004500000000000021,0.0725
M1_Macro_vs_M2_Macro_Oil__primary__Oil_Rent_Intensive_Pre2016_ge15pct,Oil_Rents_GDP_Pct_lag1,primary,Oil_Rent_Intensive_Pre2016_ge15pct,Future_Period,train_to_2014__test_from_2015,Ridge,signal_increment,0.005000000000000022,0.0585
M1_Macro_vs_M2_Macro_Oil__primary__Oil_Rent_Intensive_Pre2016_ge15pct,Oil_Rents_GDP_Pct_lag1,primary,Oil_Rent_Intensive_Pre2016_ge15pct,Future_Period,train_to_2014__test_from_2015,Ridge,signal_increment,0.005500000000000022,0.051
M1_Macro_vs_M2_Macro_Oil__primary__Oil_Rent_Intensive_Pre2016_ge15pct,Oil_Rents_GDP_Pct_lag1,primary,Oil_Rent_Intensive_Pre2016_ge15pct,Future_Period,train_to_2014__test_from_2015,Ridge,signal_increment,0.006000000000000023,0.041
M1_Macro_vs_M2_Macro_Oil__primary__Oil_Rent_Intensive_Pre2016_ge15pct,Oil_Rents_GDP_Pct_lag1,primary,Oil_Rent_Intensive_Pre2016_ge15pct,Future_Period,train_to_2014__test_from_2015,Ridge,signal_increment,0.006500000000000023,0.036
M1_Macro_vs_M2_Macro_Oil__primary__Oil_Rent_Intensive_Pre2016_ge15pct,Oil_Rents_GDP_Pct_lag1,primary,Oil_Rent_Intensive_Pre2016_ge15pct,Future_Period,train_to_2014__test_from_2015,Ridge,signal_increment,0.0070000000000000236,0.033
M1_Macro_vs_M2_Macro_Oil__primary__Oil_Rent_Intensive_Pre2016_ge15pct,Oil_Rents_GDP_Pct_lag1,primary,Oil_Rent_Intensive_Pre2016_ge15pct,Future_Period,train_to_2014__test_from_2015,Ridge,signal_increment,0.007500000000000024,0.029
M1_Macro_vs_M2_Macro_Oil__primary__Oil_Rent_Intensive_Pre2016_ge15pct,Oil_Rents_GDP_Pct_lag1,primary,Oil_Rent_Intensive_Pre2016_ge15pct,Future_Period,train_to_2014__test_from_2015,Ridge,signal_increment,0.008000000000000024,0.025
M1_Macro_vs_M2_Macro_Oil__primary__Oil_Rent_Intensive_Pre2016_ge15pct,Oil_Rents_GDP_Pct_lag1,primary,Oil_Rent_Intensive_Pre2016_ge15pct,Future_Period,train_to_2014__test_from_2015,Ridge,signal_increment,0.008500000000000025,0.0215
M1_Macro_vs_M2_Macro_Oil__primary__Oil_Rent_Intensive_Pre2016_ge15pct,Oil_Rents_GDP_Pct_lag1,primary,Oil_Rent_Intensive_Pre2016_ge15pct,Future_Period,train_to_2014__test_from_2015,Ridge,signal_increment,0.009000000000000025,0.0165
M1_Macro_vs_M2_Macro_Oil__primary__Oil_Rent_Intensive_Pre2016_ge15pct,Oil_Rents_GDP_Pct_lag1,primary,Oil_Rent_Intensive_Pre2016_ge15pct,Future_Period,train_to_2014__test_from_2015,Ridge,signal_increment,0.009500000000000026,0.013
M1_Macro_vs_M2_Macro_Oil__primary__Oil_Rent_Intensive_Pre2016_ge15pct,Oil_Rents_GDP_Pct_lag1,primary,Oil_Rent_Intensive_Pre2016_ge15pct,Future_Period,train_to_2014__test_from_2015,Ridge,signal_increment,0.010000000000000026,0.01
M1_Macro_vs_M2_Macro_Oil__primary__Oil_Rent_Intensive_Pre2016_ge15pct,Oil_Rents_GDP_Pct_lag1,primary,Oil_Rent_Intensive_Pre2016_ge15pct,Future_Period,train_to_2014__test_from_2015,Ridge,signal_increment,0.010500000000000027,0.0095
M1_Macro_vs_M2_Macro_Oil__primary__Oil_Rent_Intensive_Pre2016_ge15pct,Oil_Rents_GDP_Pct_lag1,primary,Oil_Rent_Intensive_Pre2016_ge15pct,Future_Period,train_to_2014__test_from_2015,Ridge,signal_increment,0.011000000000000027,0.0085
M1_Macro_vs_M2_Macro_Oil__primary__Oil_Rent_Intensive_Pre2016_ge15pct,Oil_Rents_GDP_Pct_lag1,primary,Oil_Rent_Intensive_Pre2016_ge15pct,Future_Period,train_to_2014__test_from_2015,Ridge,signal_increment,0.011500000000000028,0.0075
M1_Macro_vs_M2_Macro_Oil__primary__Oil_Rent_Intensive_Pre2016_ge15pct,Oil_Rents_GDP_Pct_lag1,primary,Oil_Rent_Intensive_Pre2016_ge15pct,Future_Period,train_to_2014__test_from_2015,Ridge,signal_increment,0.012000000000000028,0.007
M1_Macro_vs_M2_Macro_Oil__primary__Oil_Rent_Intensive_Pre2016_ge15pct,Oil_Rents_GDP_Pct_lag1,primary,Oil_Rent_Intensive_Pre2016_ge15pct,Future_Period,train_to_2014__test_from_2015,Ridge,signal_increment,0.012500000000000028,0.007
M1_Macro_vs_M2_Macro_Oil__primary__Oil_Rent_Intensive_Pre2016_ge15pct,Oil_Rents_GDP_Pct_lag1,primary,Oil_Rent_Intensive_Pre2016_ge15pct,Future_Period,train_to_2014__test_from_2015,Ridge,signal_increment,0.013000000000000029,0.005
M1_Macro_vs_M2_Macro_Oil__primary__Oil_Rent_Intensive_Pre2016_ge15pct,Oil_Rents_GDP_Pct_lag1,primary,Oil_Rent_Intensive_Pre2016_ge15pct,Future_Period,train_to_2014__test_from_2015,Ridge,signal_increment,0.01350000000000003,0.005
M1_Macro_vs_M2_Macro_Oil__primary__Oil_Rent_Intensive_Pre2016_ge15pct,Oil_Rents_GDP_Pct_lag1,primary,Oil_Rent_Intensive_Pre2016_ge15pct,Future_Period,train_to_2014__test_from_2015,Ridge,signal_increment,0.01400000000000003,0.0045
M1_Macro_vs_M2_Macro_Oil__primary__Oil_Rent_Intensive_Pre2016_ge15pct,Oil_Rents_GDP_Pct_lag1,primary,Oil_Rent_Intensive_Pre2016_ge15pct,Future_Period,train_to_2014__test_from_2015,Ridge,signal_increment,0.01450000000000003,0.0035
M1_Macro_vs_M2_Macro_Oil__primary__Oil_Rent_Intensive_Pre2016_ge15pct,Oil_Rents_GDP_Pct_lag1,primary,Oil_Rent_Intensive_Pre2016_ge15pct,Future_Period,train_to_2014__test_from_2015,Ridge,signal_increment,0.01500000000000003,0.0025
M1_Macro_vs_M2_Macro_Oil__primary__Oil_Rent_Intensive_Pre2016_ge15pct,Oil_Rents_GDP_Pct_lag1,primary,Oil_Rent_Intensive_Pre2016_ge15pct,Future_Period,train_to_2014__test_from_2015,Ridge,signal_increment,0.015500000000000031,0.0015
M1_Macro_vs_M2_Macro_Oil__primary__Oil_Rent_Intensive_Pre2016_ge15pct,Oil_Rents_GDP_Pct_lag1,primary,Oil_Rent_Intensive_Pre2016_ge15pct,Future_Period,train_to_2014__test_from_2015,Ridge,signal_increment,0.01600000000000003,0.0015
M1_Macro_vs_M2_Macro_Oil__primary__Oil_Rent_Intensive_Pre2016_ge15pct,Oil_Rents_GDP_Pct_lag1,primary,Oil_Rent_Intensive_Pre2016_ge15pct,Future_Period,train_to_2014__test_from_2015,Ridge,signal_increment,0.016500000000000032,0.0005
M1_Macro_vs_M2_Macro_Oil__primary__Oil_Rent_Intensive_Pre2016_ge15pct,Oil_Rents_GDP_Pct_lag1,primary,Oil_Rent_Intensive_Pre2016_ge15pct,Future_Period,train_to_2014__test_from_2015,Ridge,signal_increment,0.017000000000000032,0.0
M1_Macro_vs_M2_Macro_Oil__primary__Oil_Rent_Intensive_Pre2016_ge15pct,Oil_Rents_GDP_Pct_lag1,primary,Oil_Rent_Intensive_Pre2016_ge15pct,Future_Period,train_to_2014__test_from_2015,Ridge,signal_increment,0.017500000000000033,0.0
M1_Macro_vs_M2_Macro_Oil__primary__Oil_Rent_Intensive_Pre2016_ge15pct,Oil_Rents_GDP_Pct_lag1,primary,Oil_Rent_Intensive_Pre2016_ge15pct,Future_Period,train_to_2014__test_from_2015,Ridge,signal_increment,0.018000000000000033,0.0
M1_Macro_vs_M2_Macro_Oil__primary__Oil_Rent_Intensive_Pre2016_ge15pct,Oil_Rents_GDP_Pct_lag1,primary,Oil_Rent_Intensive_Pre2016_ge15pct,Future_Period,train_to_2014__test_from_2015,Ridge,signal_increment,0.018500000000000034,0.0
M1_Macro_vs_M2_Macro_Oil__primary__Oil_Rent_Intensive_Pre2016_ge15pct,Oil_Rents_GDP_Pct_lag1,primary,Oil_Rent_Intensive_Pre2016_ge15pct,Future_Period,train_to_2014__test_from_2015,Ridge,signal_increment,0.019000000000000034,0.0
M1_Macro_vs_M2_Macro_Oil__primary__Oil_Rent_Intensive_Pre2016_ge15pct,Oil_Rents_GDP_Pct_lag1,primary,Oil_Rent_Intensive_Pre2016_ge15pct,Future_Period,train_to_2014__test_from_2015,Ridge,signal_increment,0.019500000000000035,0.0
M1_Macro_vs_M2_Macro_Oil__primary__Oil_Rent_Intensive_Pre2016_ge15pct,Oil_Rents_GDP_Pct_lag1,primary,Oil_Rent_Intensive_Pre2016_ge15pct,Future_Period,train_to_2014__test_from_2015,Ridge,signal_increment,0.020000000000000035,0.0
M1_Macro_vs_M2_Macro_Oil__primary__Oil_Rent_Intensive_Pre2016_ge15pct,Oil_Rents_GDP_Pct_lag1,primary,Oil_Rent_Intensive_Pre2016_ge15pct,Future_Period,train_to_2014__test_from_2015,Ridge,signal_increment,0.020500000000000036,0.0
M1_Macro_vs_M2_Macro_Oil__primary__Oil_Rent_Intensive_Pre2016_ge15pct,Oil_Rents_GDP_Pct_lag1,primary,Oil_Rent_Intensive_Pre2016_ge15pct,Future_Period,train_to_2014__test_from_2015,Ridge,signal_increment,0.021000000000000036,0.0
M1_Macro_vs_M2_Macro_Oil__primary__Oil_Rent_Intensive_Pre2016_ge15pct,Oil_Rents_GDP_Pct_lag1,primary,Oil_Rent_Intensive_Pre2016_ge15pct,Future_Period,train_to_2014__test_from_2015,Ridge,signal_increment,0.021500000000000036,0.0
M1_Macro_vs_M2_Macro_Oil__primary__Oil_Rent_Intensive_Pre2016_ge15pct,Oil_Rents_GDP_Pct_lag1,primary,Oil_Rent_Intensive_Pre2016_ge15pct,Future_Period,train_to_2014__test_from_2015,Ridge,signal_increment,0.022000000000000037,0.0
M1_Macro_vs_M2_Macro_Oil__primary__Oil_Rent_Intensive_Pre2016_ge15pct,Oil_Rents_GDP_Pct_lag1,primary,Oil_Rent_Intensive_Pre2016_ge15pct,Future_Period,train_to_2014__test_from_2015,Ridge,signal_increment,0.022500000000000037,0.0
M1_Macro_vs_M2_Macro_Oil__primary__Oil_Rent_Intensive_Pre2016_ge15pct,Oil_Rents_GDP_Pct_lag1,primary,Oil_Rent_Intensive_Pre2016_ge15pct,Future_Period,train_to_2014__test_from_2015,Ridge,signal_increment,0.023000000000000038,0.0
M1_Macro_vs_M2_Macro_Oil__primary__Oil_Rent_Intensive_Pre2016_ge15pct,Oil_Rents_GDP_Pct_lag1,primary,Oil_Rent_Intensive_Pre2016_ge15pct,Future_Period,train_to_2014__test_from_2015,Ridge,signal_increment,0.023500000000000038,0.0
M1_Macro_vs_M2_Macro_Oil__primary__Oil_Rent_Intensive_Pre2016_ge15pct,Oil_Rents_GDP_Pct_lag1,primary,Oil_Rent_Intensive_Pre2016_ge15pct,Future_Period,train_to_2014__test_from_2015,Ridge,signal_increment,0.02400000000000004,0.0
M1_Macro_vs_M2_Macro_Oil__primary__Oil_Rent_Intensive_Pre2016_ge15pct,Oil_Rents_GDP_Pct_lag1,primary,Oil_Rent_Intensive_Pre2016_ge15pct,Future_Period,train_to_2014__test_from_2015,Ridge,signal_increment,0.02450000000000004,0.0
M1_Macro_vs_M2_Macro_Oil__primary__Oil_Rent_Intensive_Pre2016_ge15pct,Oil_Rents_GDP_Pct_lag1,primary,Oil_Rent_Intensive_Pre2016_ge15pct,Future_Period,train_to_2014__test_from_2015,Ridge,signal_increment,0.02500000000000004,0.0
M1_Macro_vs_M2_Macro_Oil__primary__Oil_Rent_Intensive_Pre2016_ge15pct,Oil_Rents_GDP_Pct_lag1,primary,Oil_Rent_Intensive_Pre2016_ge15pct,Future_Period,train_to_2014__test_from_2015,Ridge,signal_increment,0.02550000000000004,0.0
M1_Macro_vs_M2_Macro_Oil__primary__Oil_Rent_Intensive_Pre2016_ge15pct,Oil_Rents_GDP_Pct_lag1,primary,Oil_Rent_Intensive_Pre2016_ge15pct,Future_Period,train_to_2014__test_from_2015,Ridge,signal_increment,0.02600000000000004,0.0
M1_Macro_vs_M2_Macro_Oil__primary__Oil_Rent_Intensive_Pre2016_ge15pct,Oil_Rents_GDP_Pct_lag1,primary,Oil_Rent_Intensive_Pre2016_ge15pct,Future_Period,train_to_2014__test_from_2015,Ridge,signal_increment,0.02650000000000004,0.0
M1_Macro_vs_M2_Macro_Oil__primary__Oil_Rent_Intensive_Pre2016_ge15pct,Oil_Rents_GDP_Pct_lag1,primary,Oil_Rent_Intensive_Pre2016_ge15pct,Future_Period,train_to_2014__test_from_2015,Ridge,signal_increment,0.02700000000000004,0.0
M1_Macro_vs_M2_Macro_Oil__primary__Oil_Rent_Intensive_Pre2016_ge15pct,Oil_Rents_GDP_Pct_lag1,primary,Oil_Rent_Intensive_Pre2016_ge15pct,Future_Period,train_to_2014__test_from_2015,Ridge,signal_increment,0.027500000000000042,0.0
M1_Macro_vs_M2_Macro_Oil__primary__Oil_Rent_Intensive_Pre2016_ge15pct,Oil_Rents_GDP_Pct_lag1,primary,Oil_Rent_Intensive_Pre2016_ge15pct,Future_Period,train_to_2014__test_from_2015,Ridge,signal_increment,0.028000000000000042,0.0
M1_Macro_vs_M2_Macro_Oil__primary__Oil_Rent_Intensive_Pre2016_ge15pct,Oil_Rents_GDP_Pct_lag1,primary,Oil_Rent_Intensive_Pre2016_ge15pct,Future_Period,train_to_2014__test_from_2015,Ridge,signal_increment,0.028500000000000043,0.0
M1_Macro_vs_M2_Macro_Oil__primary__Oil_Rent_Intensive_Pre2016_ge15pct,Oil_Rents_GDP_Pct_lag1,primary,Oil_Rent_Intensive_Pre2016_ge15pct,Future_Period,train_to_2014__test_from_2015,Ridge,signal_increment,0.029000000000000043,0.0
M1_Macro_vs_M2_Macro_Oil__primary__Oil_Rent_Intensive_Pre2016_ge15pct,Oil_Rents_GDP_Pct_lag1,primary,Oil_Rent_Intensive_Pre2016_ge15pct,Future_Period,train_to_2014__test_from_2015,Ridge,signal_increment,0.029500000000000044,0.0
M1_Macro_vs_M2_Macro_Oil__primary__Oil_Rent_Intensive_Pre2016_ge15pct,Oil_Rents_GDP_Pct_lag1,primary,Oil_Rent_Intensive_Pre2016_ge15pct,Future_Period,train_to_2014__test_from_2015,Ridge,signal_increment,0.030000000000000044,0.0
M1_Macro_vs_M2_Macro_Oil__primary__Oil_Rent_Intensive_Pre2016_ge15pct,Oil_Rents_GDP_Pct_lag1,primary,Oil_Rent_Intensive_Pre2016_ge15pct,Future_Period,train_to_2014__test_from_2015,Ridge,added_model_vs_strongest_benchmark,-0.02,0.816
M1_Macro_vs_M2_Macro_Oil__primary__Oil_Rent_Intensive_Pre2016_ge15pct,Oil_Rents_GDP_Pct_lag1,primary,Oil_Rent_Intensive_Pre2016_ge15pct,Future_Period,train_to_2014__test_from_2015,Ridge,added_model_vs_strongest_benchmark,-0.0195,0.8145
M1_Macro_vs_M2_Macro_Oil__primary__Oil_Rent_Intensive_Pre2016_ge15pct,Oil_Rents_GDP_Pct_lag1,primary,Oil_Rent_Intensive_Pre2016_ge15pct,Future_Period,train_to_2014__test_from_2015,Ridge,added_model_vs_strongest_benchmark,-0.019,0.8135
M1_Macro_vs_M2_Macro_Oil__primary__Oil_Rent_Intensive_Pre2016_ge15pct,Oil_Rents_GDP_Pct_lag1,primary,Oil_Rent_Intensive_Pre2016_ge15pct,Future_Period,train_to_2014__test_from_2015,Ridge,added_model_vs_strongest_benchmark,-0.0185,0.81
M1_Macro_vs_M2_Macro_Oil__primary__Oil_Rent_Intensive_Pre2016_ge15pct,Oil_Rents_GDP_Pct_lag1,primary,Oil_Rent_Intensive_Pre2016_ge15pct,Future_Period,train_to_2014__test_from_2015,Ridge,added_model_vs_strongest_benchmark,-0.018,0.8095
M1_Macro_vs_M2_Macro_Oil__primary__Oil_Rent_Intensive_Pre2016_ge15pct,Oil_Rents_GDP_Pct_lag1,primary,Oil_Rent_Intensive_Pre2016_ge15pct,Future_Period,train_to_2014__test_from_2015,Ridge,added_model_vs_strongest_benchmark,-0.017499999999999998,0.809
M1_Macro_vs_M2_Macro_Oil__primary__Oil_Rent_Intensive_Pre2016_ge15pct,Oil_Rents_GDP_Pct_lag1,primary,Oil_Rent_Intensive_Pre2016_ge15pct,Future_Period,train_to_2014__test_from_2015,Ridge,added_model_vs_strongest_benchmark,-0.016999999999999998,0.8075
M1_Macro_vs_M2_Macro_Oil__primary__Oil_Rent_Intensive_Pre2016_ge15pct,Oil_Rents_GDP_Pct_lag1,primary,Oil_Rent_Intensive_Pre2016_ge15pct,Future_Period,train_to_2014__test_from_2015,Ridge,added_model_vs_strongest_benchmark,-0.016499999999999997,0.806
M1_Macro_vs_M2_Macro_Oil__primary__Oil_Rent_Intensive_Pre2016_ge15pct,Oil_Rents_GDP_Pct_lag1,primary,Oil_Rent_Intensive_Pre2016_ge15pct,Future_Period,train_to_2014__test_from_2015,Ridge,added_model_vs_strongest_benchmark,-0.015999999999999997,0.8045
M1_Macro_vs_M2_Macro_Oil__primary__Oil_Rent_Intensive_Pre2016_ge15pct,Oil_Rents_GDP_Pct_lag1,primary,Oil_Rent_Intensive_Pre2016_ge15pct,Future_Period,train_to_2014__test_from_2015,Ridge,added_model_vs_strongest_benchmark,-0.015499999999999996,0.8035
M1_Macro_vs_M2_Macro_Oil__primary__Oil_Rent_Intensive_Pre2016_ge15pct,Oil_Rents_GDP_Pct_lag1,primary,Oil_Rent_Intensive_Pre2016_ge15pct,Future_Period,train_to_2014__test_from_2015,Ridge,added_model_vs_strongest_benchmark,-0.014999999999999996,0.8015
M1_Macro_vs_M2_Macro_Oil__primary__Oil_Rent_Intensive_Pre2016_ge15pct,Oil_Rents_GDP_Pct_lag1,primary,Oil_Rent_Intensive_Pre2016_ge15pct,Future_Period,train_to_2014__test_from_2015,Ridge,added_model_vs_strongest_benchmark,-0.014499999999999996,0.799
M1_Macro_vs_M2_Macro_Oil__primary__Oil_Rent_Intensive_Pre2016_ge15pct,Oil_Rents_GDP_Pct_lag1,primary,Oil_Rent_Intensive_Pre2016_ge15pct,Future_Period,train_to_2014__test_from_2015,Ridge,added_model_vs_strongest_benchmark,-0.013999999999999995,0.798
M1_Macro_vs_M2_Macro_Oil__primary__Oil_Rent_Intensive_Pre2016_ge15pct,Oil_Rents_GDP_Pct_lag1,primary,Oil_Rent_Intensive_Pre2016_ge15pct,Future_Period,train_to_2014__test_from_2015,Ridge,added_model_vs_strongest_benchmark,-0.013499999999999995,0.797
M1_Macro_vs_M2_Macro_Oil__primary__Oil_Rent_Intensive_Pre2016_ge15pct,Oil_Rents_GDP_Pct_lag1,primary,Oil_Rent_Intensive_Pre2016_ge15pct,Future_Period,train_to_2014__test_from_2015,Ridge,added_model_vs_strongest_benchmark,-0.012999999999999994,0.7955
M1_Macro_vs_M2_Macro_Oil__primary__Oil_Rent_Intensive_Pre2016_ge15pct,Oil_Rents_GDP_Pct_lag1,primary,Oil_Rent_Intensive_Pre2016_ge15pct,Future_Period,train_to_2014__test_from_2015,Ridge,added_model_vs_strongest_benchmark,-0.012499999999999994,0.7945
M1_Macro_vs_M2_Macro_Oil__primary__Oil_Rent_Intensive_Pre2016_ge15pct,Oil_Rents_GDP_Pct_lag1,primary,Oil_Rent_Intensive_Pre2016_ge15pct,Future_Period,train_to_2014__test_from_2015,Ridge,added_model_vs_strongest_benchmark,-0.011999999999999993,0.791
M1_Macro_vs_M2_Macro_Oil__primary__Oil_Rent_Intensive_Pre2016_ge15pct,Oil_Rents_GDP_Pct_lag1,primary,Oil_Rent_Intensive_Pre2016_ge15pct,Future_Period,train_to_2014__test_from_2015,Ridge,added_model_vs_strongest_benchmark,-0.011499999999999993,0.79
M1_Macro_vs_M2_Macro_Oil__primary__Oil_Rent_Intensive_Pre2016_ge15pct,Oil_Rents_GDP_Pct_lag1,primary,Oil_Rent_Intensive_Pre2016_ge15pct,Future_Period,train_to_2014__test_from_2015,Ridge,added_model_vs_strongest_benchmark,-0.010999999999999992,0.7885
M1_Macro_vs_M2_Macro_Oil__primary__Oil_Rent_Intensive_Pre2016_ge15pct,Oil_Rents_GDP_Pct_lag1,primary,Oil_Rent_Intensive_Pre2016_ge15pct,Future_Period,train_to_2014__test_from_2015,Ridge,added_model_vs_strongest_benchmark,-0.010499999999999992,0.7865
M1_Macro_vs_M2_Macro_Oil__primary__Oil_Rent_Intensive_Pre2016_ge15pct,Oil_Rents_GDP_Pct_lag1,primary,Oil_Rent_Intensive_Pre2016_ge15pct,Future_Period,train_to_2014__test_from_2015,Ridge,added_model_vs_strongest_benchmark,-0.009999999999999992,0.7855
M1_Macro_vs_M2_Macro_Oil__primary__Oil_Rent_Intensive_Pre2016_ge15pct,Oil_Rents_GDP_Pct_lag1,primary,Oil_Rent_Intensive_Pre2016_ge15pct,Future_Period,train_to_2014__test_from_2015,Ridge,added_model_vs_strongest_benchmark,-0.009499999999999991,0.783
M1_Macro_vs_M2_Macro_Oil__primary__Oil_Rent_Intensive_Pre2016_ge15pct,Oil_Rents_GDP_Pct_lag1,primary,Oil_Rent_Intensive_Pre2016_ge15pct,Future_Period,train_to_2014__test_from_2015,Ridge,added_model_vs_strongest_benchmark,-0.00899999999999999,0.7805
M1_Macro_vs_M2_Macro_Oil__primary__Oil_Rent_Intensive_Pre2016_ge15pct,Oil_Rents_GDP_Pct_lag1,primary,Oil_Rent_Intensive_Pre2016_ge15pct,Future_Period,train_to_2014__test_from_2015,Ridge,added_model_vs_strongest_benchmark,-0.00849999999999999,0.7785
M1_Macro_vs_M2_Macro_Oil__primary__Oil_Rent_Intensive_Pre2016_ge15pct,Oil_Rents_GDP_Pct_lag1,primary,Oil_Rent_Intensive_Pre2016_ge15pct,Future_Period,train_to_2014__test_from_2015,Ridge,added_model_vs_strongest_benchmark,-0.00799999999999999,0.777
M1_Macro_vs_M2_Macro_Oil__primary__Oil_Rent_Intensive_Pre2016_ge15pct,Oil_Rents_GDP_Pct_lag1,primary,Oil_Rent_Intensive_Pre2016_ge15pct,Future_Period,train_to_2014__test_from_2015,Ridge,added_model_vs_strongest_benchmark,-0.007499999999999989,0.7755
M1_Macro_vs_M2_Macro_Oil__primary__Oil_Rent_Intensive_Pre2016_ge15pct,Oil_Rents_GDP_Pct_lag1,primary,Oil_Rent_Intensive_Pre2016_ge15pct,Future_Period,train_to_2014__test_from_2015,Ridge,added_model_vs_strongest_benchmark,-0.006999999999999989,0.7725
M1_Macro_vs_M2_Macro_Oil__primary__Oil_Rent_Intensive_Pre2016_ge15pct,Oil_Rents_GDP_Pct_lag1,primary,Oil_Rent_Intensive_Pre2016_ge15pct,Future_Period,train_to_2014__test_from_2015,Ridge,added_model_vs_strongest_benchmark,-0.006499999999999988,0.77
M1_Macro_vs_M2_Macro_Oil__primary__Oil_Rent_Intensive_Pre2016_ge15pct,Oil_Rents_GDP_Pct_lag1,primary,Oil_Rent_Intensive_Pre2016_ge15pct,Future_Period,train_to_2014__test_from_2015,Ridge,added_model_vs_strongest_benchmark,-0.005999999999999988,0.768
M1_Macro_vs_M2_Macro_Oil__primary__Oil_Rent_Intensive_Pre2016_ge15pct,Oil_Rents_GDP_Pct_lag1,primary,Oil_Rent_Intensive_Pre2016_ge15pct,Future_Period,train_to_2014__test_from_2015,Ridge,added_model_vs_strongest_benchmark,-0.0054999999999999875,0.7675
M1_Macro_vs_M2_Macro_Oil__primary__Oil_Rent_Intensive_Pre2016_ge15pct,Oil_Rents_GDP_Pct_lag1,primary,Oil_Rent_Intensive_Pre2016_ge15pct,Future_Period,train_to_2014__test_from_2015,Ridge,added_model_vs_strongest_benchmark,-0.004999999999999987,0.7655
M1_Macro_vs_M2_Macro_Oil__primary__Oil_Rent_Intensive_Pre2016_ge15pct,Oil_Rents_GDP_Pct_lag1,primary,Oil_Rent_Intensive_Pre2016_ge15pct,Future_Period,train_to_2014__test_from_2015,Ridge,added_model_vs_strongest_benchmark,-0.004499999999999987,0.7645
M1_Macro_vs_M2_Macro_Oil__primary__Oil_Rent_Intensive_Pre2016_ge15pct,Oil_Rents_GDP_Pct_lag1,primary,Oil_Rent_Intensive_Pre2016_ge15pct,Future_Period,train_to_2014__test_from_2015,Ridge,added_model_vs_strongest_benchmark,-0.003999999999999986,0.764
M1_Macro_vs_M2_Macro_Oil__primary__Oil_Rent_Intensive_Pre2016_ge15pct,Oil_Rents_GDP_Pct_lag1,primary,Oil_Rent_Intensive_Pre2016_ge15pct,Future_Period,train_to_2014__test_from_2015,Ridge,added_model_vs_strongest_benchmark,-0.0034999999999999858,0.7605
M1_Macro_vs_M2_Macro_Oil__primary__Oil_Rent_Intensive_Pre2016_ge15pct,Oil_Rents_GDP_Pct_lag1,primary,Oil_Rent_Intensive_Pre2016_ge15pct,Future_Period,train_to_2014__test_from_2015,Ridge,added_model_vs_strongest_benchmark,-0.0029999999999999853,0.759
M1_Macro_vs_M2_Macro_Oil__primary__Oil_Rent_Intensive_Pre2016_ge15pct,Oil_Rents_GDP_Pct_lag1,primary,Oil_Rent_Intensive_Pre2016_ge15pct,Future_Period,train_to_2014__test_from_2015,Ridge,added_model_vs_strongest_benchmark,-0.002499999999999985,0.756
M1_Macro_vs_M2_Macro_Oil__primary__Oil_Rent_Intensive_Pre2016_ge15pct,Oil_Rents_GDP_Pct_lag1,primary,Oil_Rent_Intensive_Pre2016_ge15pct,Future_Period,train_to_2014__test_from_2015,Ridge,added_model_vs_strongest_benchmark,-0.0019999999999999844,0.753
M1_Macro_vs_M2_Macro_Oil__primary__Oil_Rent_Intensive_Pre2016_ge15pct,Oil_Rents_GDP_Pct_lag1,primary,Oil_Rent_Intensive_Pre2016_ge15pct,Future_Period,train_to_2014__test_from_2015,Ridge,added_model_vs_strongest_benchmark,-0.001499999999999984,0.7525
M1_Macro_vs_M2_Macro_Oil__primary__Oil_Rent_Intensive_Pre2016_ge15pct,Oil_Rents_GDP_Pct_lag1,primary,Oil_Rent_Intensive_Pre2016_ge15pct,Future_Period,train_to_2014__test_from_2015,Ridge,added_model_vs_strongest_benchmark,-0.0009999999999999835,0.751
M1_Macro_vs_M2_Macro_Oil__primary__Oil_Rent_Intensive_Pre2016_ge15pct,Oil_Rents_GDP_Pct_lag1,primary,Oil_Rent_Intensive_Pre2016_ge15pct,Future_Period,train_to_2014__test_from_2015,Ridge,added_model_vs_strongest_benchmark,-0.0004999999999999831,0.7495
M1_Macro_vs_M2_Macro_Oil__primary__Oil_Rent_Intensive_Pre2016_ge15pct,Oil_Rents_GDP_Pct_lag1,primary,Oil_Rent_Intensive_Pre2016_ge15pct,Future_Period,train_to_2014__test_from_2015,Ridge,added_model_vs_strongest_benchmark,1.734723475976807e-17,0.7465
M1_Macro_vs_M2_Macro_Oil__primary__Oil_Rent_Intensive_Pre2016_ge15pct,Oil_Rents_GDP_Pct_lag1,primary,Oil_Rent_Intensive_Pre2016_ge15pct,Future_Period,train_to_2014__test_from_2015,Ridge,added_model_vs_strongest_benchmark,0.0005000000000000178,0.7445
M1_Macro_vs_M2_Macro_Oil__primary__Oil_Rent_Intensive_Pre2016_ge15pct,Oil_Rents_GDP_Pct_lag1,primary,Oil_Rent_Intensive_Pre2016_ge15pct,Future_Period,train_to_2014__test_from_2015,Ridge,added_model_vs_strongest_benchmark,0.0010000000000000182,0.742
M1_Macro_vs_M2_Macro_Oil__primary__Oil_Rent_Intensive_Pre2016_ge15pct,Oil_Rents_GDP_Pct_lag1,primary,Oil_Rent_Intensive_Pre2016_ge15pct,Future_Period,train_to_2014__test_from_2015,Ridge,added_model_vs_strongest_benchmark,0.0015000000000000187,0.741
M1_Macro_vs_M2_Macro_Oil__primary__Oil_Rent_Intensive_Pre2016_ge15pct,Oil_Rents_GDP_Pct_lag1,primary,Oil_Rent_Intensive_Pre2016_ge15pct,Future_Period,train_to_2014__test_from_2015,Ridge,added_model_vs_strongest_benchmark,0.002000000000000019,0.738
M1_Macro_vs_M2_Macro_Oil__primary__Oil_Rent_Intensive_Pre2016_ge15pct,Oil_Rents_GDP_Pct_lag1,primary,Oil_Rent_Intensive_Pre2016_ge15pct,Future_Period,train_to_2014__test_from_2015,Ridge,added_model_vs_strongest_benchmark,0.0025000000000000196,0.7345
M1_Macro_vs_M2_Macro_Oil__primary__Oil_Rent_Intensive_Pre2016_ge15pct,Oil_Rents_GDP_Pct_lag1,primary,Oil_Rent_Intensive_Pre2016_ge15pct,Future_Period,train_to_2014__test_from_2015,Ridge,added_model_vs_strongest_benchmark,0.00300000000000002,0.7315
M1_Macro_vs_M2_Macro_Oil__primary__Oil_Rent_Intensive_Pre2016_ge15pct,Oil_Rents_GDP_Pct_lag1,primary,Oil_Rent_Intensive_Pre2016_ge15pct,Future_Period,train_to_2014__test_from_2015,Ridge,added_model_vs_strongest_benchmark,0.0035000000000000205,0.7285
M1_Macro_vs_M2_Macro_Oil__primary__Oil_Rent_Intensive_Pre2016_ge15pct,Oil_Rents_GDP_Pct_lag1,primary,Oil_Rent_Intensive_Pre2016_ge15pct,Future_Period,train_to_2014__test_from_2015,Ridge,added_model_vs_strongest_benchmark,0.004000000000000021,0.7235
M1_Macro_vs_M2_Macro_Oil__primary__Oil_Rent_Intensive_Pre2016_ge15pct,Oil_Rents_GDP_Pct_lag1,primary,Oil_Rent_Intensive_Pre2016_ge15pct,Future_Period,train_to_2014__test_from_2015,Ridge,added_model_vs_strongest_benchmark,0.004500000000000021,0.722
M1_Macro_vs_M2_Macro_Oil__primary__Oil_Rent_Intensive_Pre2016_ge15pct,Oil_Rents_GDP_Pct_lag1,primary,Oil_Rent_Intensive_Pre2016_ge15pct,Future_Period,train_to_2014__test_from_2015,Ridge,added_model_vs_strongest_benchmark,0.005000000000000022,0.7185
M1_Macro_vs_M2_Macro_Oil__primary__Oil_Rent_Intensive_Pre2016_ge15pct,Oil_Rents_GDP_Pct_lag1,primary,Oil_Rent_Intensive_Pre2016_ge15pct,Future_Period,train_to_2014__test_from_2015,Ridge,added_model_vs_strongest_benchmark,0.005500000000000022,0.716
M1_Macro_vs_M2_Macro_Oil__primary__Oil_Rent_Intensive_Pre2016_ge15pct,Oil_Rents_GDP_Pct_lag1,primary,Oil_Rent_Intensive_Pre2016_ge15pct,Future_Period,train_to_2014__test_from_2015,Ridge,added_model_vs_strongest_benchmark,0.006000000000000023,0.714
M1_Macro_vs_M2_Macro_Oil__primary__Oil_Rent_Intensive_Pre2016_ge15pct,Oil_Rents_GDP_Pct_lag1,primary,Oil_Rent_Intensive_Pre2016_ge15pct,Future_Period,train_to_2014__test_from_2015,Ridge,added_model_vs_strongest_benchmark,0.006500000000000023,0.712
M1_Macro_vs_M2_Macro_Oil__primary__Oil_Rent_Intensive_Pre2016_ge15pct,Oil_Rents_GDP_Pct_lag1,primary,Oil_Rent_Intensive_Pre2016_ge15pct,Future_Period,train_to_2014__test_from_2015,Ridge,added_model_vs_strongest_benchmark,0.0070000000000000236,0.7115
M1_Macro_vs_M2_Macro_Oil__primary__Oil_Rent_Intensive_Pre2016_ge15pct,Oil_Rents_GDP_Pct_lag1,primary,Oil_Rent_Intensive_Pre2016_ge15pct,Future_Period,train_to_2014__test_from_2015,Ridge,added_model_vs_strongest_benchmark,0.007500000000000024,0.708
M1_Macro_vs_M2_Macro_Oil__primary__Oil_Rent_Intensive_Pre2016_ge15pct,Oil_Rents_GDP_Pct_lag1,primary,Oil_Rent_Intensive_Pre2016_ge15pct,Future_Period,train_to_2014__test_from_2015,Ridge,added_model_vs_strongest_benchmark,0.008000000000000024,0.706
M1_Macro_vs_M2_Macro_Oil__primary__Oil_Rent_Intensive_Pre2016_ge15pct,Oil_Rents_GDP_Pct_lag1,primary,Oil_Rent_Intensive_Pre2016_ge15pct,Future_Period,train_to_2014__test_from_2015,Ridge,added_model_vs_strongest_benchmark,0.008500000000000025,0.7045
M1_Macro_vs_M2_Macro_Oil__primary__Oil_Rent_Intensive_Pre2016_ge15pct,Oil_Rents_GDP_Pct_lag1,primary,Oil_Rent_Intensive_Pre2016_ge15pct,Future_Period,train_to_2014__test_from_2015,Ridge,added_model_vs_strongest_benchmark,0.009000000000000025,0.7025
M1_Macro_vs_M2_Macro_Oil__primary__Oil_Rent_Intensive_Pre2016_ge15pct,Oil_Rents_GDP_Pct_lag1,primary,Oil_Rent_Intensive_Pre2016_ge15pct,Future_Period,train_to_2014__test_from_2015,Ridge,added_model_vs_strongest_benchmark,0.009500000000000026,0.7015
M1_Macro_vs_M2_Macro_Oil__primary__Oil_Rent_Intensive_Pre2016_ge15pct,Oil_Rents_GDP_Pct_lag1,primary,Oil_Rent_Intensive_Pre2016_ge15pct,Future_Period,train_to_2014__test_from_2015,Ridge,added_model_vs_strongest_benchmark,0.010000000000000026,0.6975
M1_Macro_vs_M2_Macro_Oil__primary__Oil_Rent_Intensive_Pre2016_ge15pct,Oil_Rents_GDP_Pct_lag1,primary,Oil_Rent_Intensive_Pre2016_ge15pct,Future_Period,train_to_2014__test_from_2015,Ridge,added_model_vs_strongest_benchmark,0.010500000000000027,0.6935
M1_Macro_vs_M2_Macro_Oil__primary__Oil_Rent_Intensive_Pre2016_ge15pct,Oil_Rents_GDP_Pct_lag1,primary,Oil_Rent_Intensive_Pre2016_ge15pct,Future_Period,train_to_2014__test_from_2015,Ridge,added_model_vs_strongest_benchmark,0.011000000000000027,0.692
M1_Macro_vs_M2_Macro_Oil__primary__Oil_Rent_Intensive_Pre2016_ge15pct,Oil_Rents_GDP_Pct_lag1,primary,Oil_Rent_Intensive_Pre2016_ge15pct,Future_Period,train_to_2014__test_from_2015,Ridge,added_model_vs_strongest_benchmark,0.011500000000000028,0.6905
M1_Macro_vs_M2_Macro_Oil__primary__Oil_Rent_Intensive_Pre2016_ge15pct,Oil_Rents_GDP_Pct_lag1,primary,Oil_Rent_Intensive_Pre2016_ge15pct,Future_Period,train_to_2014__test_from_2015,Ridge,added_model_vs_strongest_benchmark,0.012000000000000028,0.688
M1_Macro_vs_M2_Macro_Oil__primary__Oil_Rent_Intensive_Pre2016_ge15pct,Oil_Rents_GDP_Pct_lag1,primary,Oil_Rent_Intensive_Pre2016_ge15pct,Future_Period,train_to_2014__test_from_2015,Ridge,added_model_vs_strongest_benchmark,0.012500000000000028,0.6855
M1_Macro_vs_M2_Macro_Oil__primary__Oil_Rent_Intensive_Pre2016_ge15pct,Oil_Rents_GDP_Pct_lag1,primary,Oil_Rent_Intensive_Pre2016_ge15pct,Future_Period,train_to_2014__test_from_2015,Ridge,added_model_vs_strongest_benchmark,0.013000000000000029,0.6835
M1_Macro_vs_M2_Macro_Oil__primary__Oil_Rent_Intensive_Pre2016_ge15pct,Oil_Rents_GDP_Pct_lag1,primary,Oil_Rent_Intensive_Pre2016_ge15pct,Future_Period,train_to_2014__test_from_2015,Ridge,added_model_vs_strongest_benchmark,0.01350000000000003,0.678
M1_Macro_vs_M2_Macro_Oil__primary__Oil_Rent_Intensive_Pre2016_ge15pct,Oil_Rents_GDP_Pct_lag1,primary,Oil_Rent_Intensive_Pre2016_ge15pct,Future_Period,train_to_2014__test_from_2015,Ridge,added_model_vs_strongest_benchmark,0.01400000000000003,0.6735
M1_Macro_vs_M2_Macro_Oil__primary__Oil_Rent_Intensive_Pre2016_ge15pct,Oil_Rents_GDP_Pct_lag1,primary,Oil_Rent_Intensive_Pre2016_ge15pct,Future_Period,train_to_2014__test_from_2015,Ridge,added_model_vs_strongest_benchmark,0.01450000000000003,0.6705
M1_Macro_vs_M2_Macro_Oil__primary__Oil_Rent_Intensive_Pre2016_ge15pct,Oil_Rents_GDP_Pct_lag1,primary,Oil_Rent_Intensive_Pre2016_ge15pct,Future_Period,train_to_2014__test_from_2015,Ridge,added_model_vs_strongest_benchmark,0.01500000000000003,0.6675
M1_Macro_vs_M2_Macro_Oil__primary__Oil_Rent_Intensive_Pre2016_ge15pct,Oil_Rents_GDP_Pct_lag1,primary,Oil_Rent_Intensive_Pre2016_ge15pct,Future_Period,train_to_2014__test_from_2015,Ridge,added_model_vs_strongest_benchmark,0.015500000000000031,0.665
M1_Macro_vs_M2_Macro_Oil__primary__Oil_Rent_Intensive_Pre2016_ge15pct,Oil_Rents_GDP_Pct_lag1,primary,Oil_Rent_Intensive_Pre2016_ge15pct,Future_Period,train_to_2014__test_from_2015,Ridge,added_model_vs_strongest_benchmark,0.01600000000000003,0.6635
M1_Macro_vs_M2_Macro_Oil__primary__Oil_Rent_Intensive_Pre2016_ge15pct,Oil_Rents_GDP_Pct_lag1,primary,Oil_Rent_Intensive_Pre2016_ge15pct,Future_Period,train_to_2014__test_from_2015,Ridge,added_model_vs_strongest_benchmark,0.016500000000000032,0.6605
M1_Macro_vs_M2_Macro_Oil__primary__Oil_Rent_Intensive_Pre2016_ge15pct,Oil_Rents_GDP_Pct_lag1,primary,Oil_Rent_Intensive_Pre2016_ge15pct,Future_Period,train_to_2014__test_from_2015,Ridge,added_model_vs_strongest_benchmark,0.017000000000000032,0.6585
M1_Macro_vs_M2_Macro_Oil__primary__Oil_Rent_Intensive_Pre2016_ge15pct,Oil_Rents_GDP_Pct_lag1,primary,Oil_Rent_Intensive_Pre2016_ge15pct,Future_Period,train_to_2014__test_from_2015,Ridge,added_model_vs_strongest_benchmark,0.017500000000000033,0.657
M1_Macro_vs_M2_Macro_Oil__primary__Oil_Rent_Intensive_Pre2016_ge15pct,Oil_Rents_GDP_Pct_lag1,primary,Oil_Rent_Intensive_Pre2016_ge15pct,Future_Period,train_to_2014__test_from_2015,Ridge,added_model_vs_strongest_benchmark,0.018000000000000033,0.654
M1_Macro_vs_M2_Macro_Oil__primary__Oil_Rent_Intensive_Pre2016_ge15pct,Oil_Rents_GDP_Pct_lag1,primary,Oil_Rent_Intensive_Pre2016_ge15pct,Future_Period,train_to_2014__test_from_2015,Ridge,added_model_vs_strongest_benchmark,0.018500000000000034,0.652
M1_Macro_vs_M2_Macro_Oil__primary__Oil_Rent_Intensive_Pre2016_ge15pct,Oil_Rents_GDP_Pct_lag1,primary,Oil_Rent_Intensive_Pre2016_ge15pct,Future_Period,train_to_2014__test_from_2015,Ridge,added_model_vs_strongest_benchmark,0.019000000000000034,0.65
M1_Macro_vs_M2_Macro_Oil__primary__Oil_Rent_Intensive_Pre2016_ge15pct,Oil_Rents_GDP_Pct_lag1,primary,Oil_Rent_Intensive_Pre2016_ge15pct,Future_Period,train_to_2014__test_from_2015,Ridge,added_model_vs_strongest_benchmark,0.019500000000000035,0.649
M1_Macro_vs_M2_Macro_Oil__primary__Oil_Rent_Intensive_Pre2016_ge15pct,Oil_Rents_GDP_Pct_lag1,primary,Oil_Rent_Intensive_Pre2016_ge15pct,Future_Period,train_to_2014__test_from_2015,Ridge,added_model_vs_strongest_benchmark,0.020000000000000035,0.6465
M1_Macro_vs_M2_Macro_Oil__primary__Oil_Rent_Intensive_Pre2016_ge15pct,Oil_Rents_GDP_Pct_lag1,primary,Oil_Rent_Intensive_Pre2016_ge15pct,Future_Period,train_to_2014__test_from_2015,Ridge,added_model_vs_strongest_benchmark,0.020500000000000036,0.645
M1_Macro_vs_M2_Macro_Oil__primary__Oil_Rent_Intensive_Pre2016_ge15pct,Oil_Rents_GDP_Pct_lag1,primary,Oil_Rent_Intensive_Pre2016_ge15pct,Future_Period,train_to_2014__test_from_2015,Ridge,added_model_vs_strongest_benchmark,0.021000000000000036,0.6445
M1_Macro_vs_M2_Macro_Oil__primary__Oil_Rent_Intensive_Pre2016_ge15pct,Oil_Rents_GDP_Pct_lag1,primary,Oil_Rent_Intensive_Pre2016_ge15pct,Future_Period,train_to_2014__test_from_2015,Ridge,added_model_vs_strongest_benchmark,0.021500000000000036,0.6435
M1_Macro_vs_M2_Macro_Oil__primary__Oil_Rent_Intensive_Pre2016_ge15pct,Oil_Rents_GDP_Pct_lag1,primary,Oil_Rent_Intensive_Pre2016_ge15pct,Future_Period,train_to_2014__test_from_2015,Ridge,added_model_vs_strongest_benchmark,0.022000000000000037,0.641
M1_Macro_vs_M2_Macro_Oil__primary__Oil_Rent_Intensive_Pre2016_ge15pct,Oil_Rents_GDP_Pct_lag1,primary,Oil_Rent_Intensive_Pre2016_ge15pct,Future_Period,train_to_2014__test_from_2015,Ridge,added_model_vs_strongest_benchmark,0.022500000000000037,0.6385
M1_Macro_vs_M2_Macro_Oil__primary__Oil_Rent_Intensive_Pre2016_ge15pct,Oil_Rents_GDP_Pct_lag1,primary,Oil_Rent_Intensive_Pre2016_ge15pct,Future_Period,train_to_2014__test_from_2015,Ridge,added_model_vs_strongest_benchmark,0.023000000000000038,0.6385
M1_Macro_vs_M2_Macro_Oil__primary__Oil_Rent_Intensive_Pre2016_ge15pct,Oil_Rents_GDP_Pct_lag1,primary,Oil_Rent_Intensive_Pre2016_ge15pct,Future_Period,train_to_2014__test_from_2015,Ridge,added_model_vs_strongest_benchmark,0.023500000000000038,0.6365
M1_Macro_vs_M2_Macro_Oil__primary__Oil_Rent_Intensive_Pre2016_ge15pct,Oil_Rents_GDP_Pct_lag1,primary,Oil_Rent_Intensive_Pre2016_ge15pct,Future_Period,train_to_2014__test_from_2015,Ridge,added_model_vs_strongest_benchmark,0.02400000000000004,0.6355
M1_Macro_vs_M2_Macro_Oil__primary__Oil_Rent_Intensive_Pre2016_ge15pct,Oil_Rents_GDP_Pct_lag1,primary,Oil_Rent_Intensive_Pre2016_ge15pct,Future_Period,train_to_2014__test_from_2015,Ridge,added_model_vs_strongest_benchmark,0.02450000000000004,0.634
M1_Macro_vs_M2_Macro_Oil__primary__Oil_Rent_Intensive_Pre2016_ge15pct,Oil_Rents_GDP_Pct_lag1,primary,Oil_Rent_Intensive_Pre2016_ge15pct,Future_Period,train_to_2014__test_from_2015,Ridge,added_model_vs_strongest_benchmark,0.02500000000000004,0.6305
M1_Macro_vs_M2_Macro_Oil__primary__Oil_Rent_Intensive_Pre2016_ge15pct,Oil_Rents_GDP_Pct_lag1,primary,Oil_Rent_Intensive_Pre2016_ge15pct,Future_Period,train_to_2014__test_from_2015,Ridge,added_model_vs_strongest_benchmark,0.02550000000000004,0.629
M1_Macro_vs_M2_Macro_Oil__primary__Oil_Rent_Intensive_Pre2016_ge15pct,Oil_Rents_GDP_Pct_lag1,primary,Oil_Rent_Intensive_Pre2016_ge15pct,Future_Period,train_to_2014__test_from_2015,Ridge,added_model_vs_strongest_benchmark,0.02600000000000004,0.6285
M1_Macro_vs_M2_Macro_Oil__primary__Oil_Rent_Intensive_Pre2016_ge15pct,Oil_Rents_GDP_Pct_lag1,primary,Oil_Rent_Intensive_Pre2016_ge15pct,Future_Period,train_to_2014__test_from_2015,Ridge,added_model_vs_strongest_benchmark,0.02650000000000004,0.627
M1_Macro_vs_M2_Macro_Oil__primary__Oil_Rent_Intensive_Pre2016_ge15pct,Oil_Rents_GDP_Pct_lag1,primary,Oil_Rent_Intensive_Pre2016_ge15pct,Future_Period,train_to_2014__test_from_2015,Ridge,added_model_vs_strongest_benchmark,0.02700000000000004,0.626
M1_Macro_vs_M2_Macro_Oil__primary__Oil_Rent_Intensive_Pre2016_ge15pct,Oil_Rents_GDP_Pct_lag1,primary,Oil_Rent_Intensive_Pre2016_ge15pct,Future_Period,train_to_2014__test_from_2015,Ridge,added_model_vs_strongest_benchmark,0.027500000000000042,0.6205
M1_Macro_vs_M2_Macro_Oil__primary__Oil_Rent_Intensive_Pre2016_ge15pct,Oil_Rents_GDP_Pct_lag1,primary,Oil_Rent_Intensive_Pre2016_ge15pct,Future_Period,train_to_2014__test_from_2015,Ridge,added_model_vs_strongest_benchmark,0.028000000000000042,0.6195
M1_Macro_vs_M2_Macro_Oil__primary__Oil_Rent_Intensive_Pre2016_ge15pct,Oil_Rents_GDP_Pct_lag1,primary,Oil_Rent_Intensive_Pre2016_ge15pct,Future_Period,train_to_2014__test_from_2015,Ridge,added_model_vs_strongest_benchmark,0.028500000000000043,0.618
M1_Macro_vs_M2_Macro_Oil__primary__Oil_Rent_Intensive_Pre2016_ge15pct,Oil_Rents_GDP_Pct_lag1,primary,Oil_Rent_Intensive_Pre2016_ge15pct,Future_Period,train_to_2014__test_from_2015,Ridge,added_model_vs_strongest_benchmark,0.029000000000000043,0.616
M1_Macro_vs_M2_Macro_Oil__primary__Oil_Rent_Intensive_Pre2016_ge15pct,Oil_Rents_GDP_Pct_lag1,primary,Oil_Rent_Intensive_Pre2016_ge15pct,Future_Period,train_to_2014__test_from_2015,Ridge,added_model_vs_strongest_benchmark,0.029500000000000044,0.614
M1_Macro_vs_M2_Macro_Oil__primary__Oil_Rent_Intensive_Pre2016_ge15pct,Oil_Rents_GDP_Pct_lag1,primary,Oil_Rent_Intensive_Pre2016_ge15pct,Future_Period,train_to_2014__test_from_2015,Ridge,added_model_vs_strongest_benchmark,0.030000000000000044,0.6115
M1_Macro_vs_M2_Macro_Oil__primary__Oil_Rent_Intensive_Pre2016_ge15pct,Oil_Rents_GDP_Pct_lag1,primary,Oil_Rent_Intensive_Pre2016_ge15pct,Future_Period,train_to_2014__test_from_2015,ElasticNet,signal_increment,-0.02,0.978
M1_Macro_vs_M2_Macro_Oil__primary__Oil_Rent_Intensive_Pre2016_ge15pct,Oil_Rents_GDP_Pct_lag1,primary,Oil_Rent_Intensive_Pre2016_ge15pct,Future_Period,train_to_2014__test_from_2015,ElasticNet,signal_increment,-0.0195,0.9735
M1_Macro_vs_M2_Macro_Oil__primary__Oil_Rent_Intensive_Pre2016_ge15pct,Oil_Rents_GDP_Pct_lag1,primary,Oil_Rent_Intensive_Pre2016_ge15pct,Future_Period,train_to_2014__test_from_2015,ElasticNet,signal_increment,-0.019,0.9705
M1_Macro_vs_M2_Macro_Oil__primary__Oil_Rent_Intensive_Pre2016_ge15pct,Oil_Rents_GDP_Pct_lag1,primary,Oil_Rent_Intensive_Pre2016_ge15pct,Future_Period,train_to_2014__test_from_2015,ElasticNet,signal_increment,-0.0185,0.9655
M1_Macro_vs_M2_Macro_Oil__primary__Oil_Rent_Intensive_Pre2016_ge15pct,Oil_Rents_GDP_Pct_lag1,primary,Oil_Rent_Intensive_Pre2016_ge15pct,Future_Period,train_to_2014__test_from_2015,ElasticNet,signal_increment,-0.018,0.9615
M1_Macro_vs_M2_Macro_Oil__primary__Oil_Rent_Intensive_Pre2016_ge15pct,Oil_Rents_GDP_Pct_lag1,primary,Oil_Rent_Intensive_Pre2016_ge15pct,Future_Period,train_to_2014__test_from_2015,ElasticNet,signal_increment,-0.017499999999999998,0.956
M1_Macro_vs_M2_Macro_Oil__primary__Oil_Rent_Intensive_Pre2016_ge15pct,Oil_Rents_GDP_Pct_lag1,primary,Oil_Rent_Intensive_Pre2016_ge15pct,Future_Period,train_to_2014__test_from_2015,ElasticNet,signal_increment,-0.016999999999999998,0.951
M1_Macro_vs_M2_Macro_Oil__primary__Oil_Rent_Intensive_Pre2016_ge15pct,Oil_Rents_GDP_Pct_lag1,primary,Oil_Rent_Intensive_Pre2016_ge15pct,Future_Period,train_to_2014__test_from_2015,ElasticNet,signal_increment,-0.016499999999999997,0.9445
M1_Macro_vs_M2_Macro_Oil__primary__Oil_Rent_Intensive_Pre2016_ge15pct,Oil_Rents_GDP_Pct_lag1,primary,Oil_Rent_Intensive_Pre2016_ge15pct,Future_Period,train_to_2014__test_from_2015,ElasticNet,signal_increment,-0.015999999999999997,0.934
M1_Macro_vs_M2_Macro_Oil__primary__Oil_Rent_Intensive_Pre2016_ge15pct,Oil_Rents_GDP_Pct_lag1,primary,Oil_Rent_Intensive_Pre2016_ge15pct,Future_Period,train_to_2014__test_from_2015,ElasticNet,signal_increment,-0.015499999999999996,0.9235
M1_Macro_vs_M2_Macro_Oil__primary__Oil_Rent_Intensive_Pre2016_ge15pct,Oil_Rents_GDP_Pct_lag1,primary,Oil_Rent_Intensive_Pre2016_ge15pct,Future_Period,train_to_2014__test_from_2015,ElasticNet,signal_increment,-0.014999999999999996,0.912
M1_Macro_vs_M2_Macro_Oil__primary__Oil_Rent_Intensive_Pre2016_ge15pct,Oil_Rents_GDP_Pct_lag1,primary,Oil_Rent_Intensive_Pre2016_ge15pct,Future_Period,train_to_2014__test_from_2015,ElasticNet,signal_increment,-0.014499999999999996,0.9
M1_Macro_vs_M2_Macro_Oil__primary__Oil_Rent_Intensive_Pre2016_ge15pct,Oil_Rents_GDP_Pct_lag1,primary,Oil_Rent_Intensive_Pre2016_ge15pct,Future_Period,train_to_2014__test_from_2015,ElasticNet,signal_increment,-0.013999999999999995,0.8865
M1_Macro_vs_M2_Macro_Oil__primary__Oil_Rent_Intensive_Pre2016_ge15pct,Oil_Rents_GDP_Pct_lag1,primary,Oil_Rent_Intensive_Pre2016_ge15pct,Future_Period,train_to_2014__test_from_2015,ElasticNet,signal_increment,-0.013499999999999995,0.8675
M1_Macro_vs_M2_Macro_Oil__primary__Oil_Rent_Intensive_Pre2016_ge15pct,Oil_Rents_GDP_Pct_lag1,primary,Oil_Rent_Intensive_Pre2016_ge15pct,Future_Period,train_to_2014__test_from_2015,ElasticNet,signal_increment,-0.012999999999999994,0.852
M1_Macro_vs_M2_Macro_Oil__primary__Oil_Rent_Intensive_Pre2016_ge15pct,Oil_Rents_GDP_Pct_lag1,primary,Oil_Rent_Intensive_Pre2016_ge15pct,Future_Period,train_to_2014__test_from_2015,ElasticNet,signal_increment,-0.012499999999999994,0.833
M1_Macro_vs_M2_Macro_Oil__primary__Oil_Rent_Intensive_Pre2016_ge15pct,Oil_Rents_GDP_Pct_lag1,primary,Oil_Rent_Intensive_Pre2016_ge15pct,Future_Period,train_to_2014__test_from_2015,ElasticNet,signal_increment,-0.011999999999999993,0.8165
M1_Macro_vs_M2_Macro_Oil__primary__Oil_Rent_Intensive_Pre2016_ge15pct,Oil_Rents_GDP_Pct_lag1,primary,Oil_Rent_Intensive_Pre2016_ge15pct,Future_Period,train_to_2014__test_from_2015,ElasticNet,signal_increment,-0.011499999999999993,0.7955
M1_Macro_vs_M2_Macro_Oil__primary__Oil_Rent_Intensive_Pre2016_ge15pct,Oil_Rents_GDP_Pct_lag1,primary,Oil_Rent_Intensive_Pre2016_ge15pct,Future_Period,train_to_2014__test_from_2015,ElasticNet,signal_increment,-0.010999999999999992,0.7775
M1_Macro_vs_M2_Macro_Oil__primary__Oil_Rent_Intensive_Pre2016_ge15pct,Oil_Rents_GDP_Pct_lag1,primary,Oil_Rent_Intensive_Pre2016_ge15pct,Future_Period,train_to_2014__test_from_2015,ElasticNet,signal_increment,-0.010499999999999992,0.751
M1_Macro_vs_M2_Macro_Oil__primary__Oil_Rent_Intensive_Pre2016_ge15pct,Oil_Rents_GDP_Pct_lag1,primary,Oil_Rent_Intensive_Pre2016_ge15pct,Future_Period,train_to_2014__test_from_2015,ElasticNet,signal_increment,-0.009999999999999992,0.727
M1_Macro_vs_M2_Macro_Oil__primary__Oil_Rent_Intensive_Pre2016_ge15pct,Oil_Rents_GDP_Pct_lag1,primary,Oil_Rent_Intensive_Pre2016_ge15pct,Future_Period,train_to_2014__test_from_2015,ElasticNet,signal_increment,-0.009499999999999991,0.701
M1_Macro_vs_M2_Macro_Oil__primary__Oil_Rent_Intensive_Pre2016_ge15pct,Oil_Rents_GDP_Pct_lag1,primary,Oil_Rent_Intensive_Pre2016_ge15pct,Future_Period,train_to_2014__test_from_2015,ElasticNet,signal_increment,-0.00899999999999999,0.6765
M1_Macro_vs_M2_Macro_Oil__primary__Oil_Rent_Intensive_Pre2016_ge15pct,Oil_Rents_GDP_Pct_lag1,primary,Oil_Rent_Intensive_Pre2016_ge15pct,Future_Period,train_to_2014__test_from_2015,ElasticNet,signal_increment,-0.00849999999999999,0.649
M1_Macro_vs_M2_Macro_Oil__primary__Oil_Rent_Intensive_Pre2016_ge15pct,Oil_Rents_GDP_Pct_lag1,primary,Oil_Rent_Intensive_Pre2016_ge15pct,Future_Period,train_to_2014__test_from_2015,ElasticNet,signal_increment,-0.00799999999999999,0.626
M1_Macro_vs_M2_Macro_Oil__primary__Oil_Rent_Intensive_Pre2016_ge15pct,Oil_Rents_GDP_Pct_lag1,primary,Oil_Rent_Intensive_Pre2016_ge15pct,Future_Period,train_to_2014__test_from_2015,ElasticNet,signal_increment,-0.007499999999999989,0.601
M1_Macro_vs_M2_Macro_Oil__primary__Oil_Rent_Intensive_Pre2016_ge15pct,Oil_Rents_GDP_Pct_lag1,primary,Oil_Rent_Intensive_Pre2016_ge15pct,Future_Period,train_to_2014__test_from_2015,ElasticNet,signal_increment,-0.006999999999999989,0.567
M1_Macro_vs_M2_Macro_Oil__primary__Oil_Rent_Intensive_Pre2016_ge15pct,Oil_Rents_GDP_Pct_lag1,primary,Oil_Rent_Intensive_Pre2016_ge15pct,Future_Period,train_to_2014__test_from_2015,ElasticNet,signal_increment,-0.006499999999999988,0.5445
M1_Macro_vs_M2_Macro_Oil__primary__Oil_Rent_Intensive_Pre2016_ge15pct,Oil_Rents_GDP_Pct_lag1,primary,Oil_Rent_Intensive_Pre2016_ge15pct,Future_Period,train_to_2014__test_from_2015,ElasticNet,signal_increment,-0.005999999999999988,0.517
M1_Macro_vs_M2_Macro_Oil__primary__Oil_Rent_Intensive_Pre2016_ge15pct,Oil_Rents_GDP_Pct_lag1,primary,Oil_Rent_Intensive_Pre2016_ge15pct,Future_Period,train_to_2014__test_from_2015,ElasticNet,signal_increment,-0.0054999999999999875,0.4895
M1_Macro_vs_M2_Macro_Oil__primary__Oil_Rent_Intensive_Pre2016_ge15pct,Oil_Rents_GDP_Pct_lag1,primary,Oil_Rent_Intensive_Pre2016_ge15pct,Future_Period,train_to_2014__test_from_2015,ElasticNet,signal_increment,-0.004999999999999987,0.4645
M1_Macro_vs_M2_Macro_Oil__primary__Oil_Rent_Intensive_Pre2016_ge15pct,Oil_Rents_GDP_Pct_lag1,primary,Oil_Rent_Intensive_Pre2016_ge15pct,Future_Period,train_to_2014__test_from_2015,ElasticNet,signal_increment,-0.004499999999999987,0.433
M1_Macro_vs_M2_Macro_Oil__primary__Oil_Rent_Intensive_Pre2016_ge15pct,Oil_Rents_GDP_Pct_lag1,primary,Oil_Rent_Intensive_Pre2016_ge15pct,Future_Period,train_to_2014__test_from_2015,ElasticNet,signal_increment,-0.003999999999999986,0.4105
M1_Macro_vs_M2_Macro_Oil__primary__Oil_Rent_Intensive_Pre2016_ge15pct,Oil_Rents_GDP_Pct_lag1,primary,Oil_Rent_Intensive_Pre2016_ge15pct,Future_Period,train_to_2014__test_from_2015,ElasticNet,signal_increment,-0.0034999999999999858,0.3855
M1_Macro_vs_M2_Macro_Oil__primary__Oil_Rent_Intensive_Pre2016_ge15pct,Oil_Rents_GDP_Pct_lag1,primary,Oil_Rent_Intensive_Pre2016_ge15pct,Future_Period,train_to_2014__test_from_2015,ElasticNet,signal_increment,-0.0029999999999999853,0.364
M1_Macro_vs_M2_Macro_Oil__primary__Oil_Rent_Intensive_Pre2016_ge15pct,Oil_Rents_GDP_Pct_lag1,primary,Oil_Rent_Intensive_Pre2016_ge15pct,Future_Period,train_to_2014__test_from_2015,ElasticNet,signal_increment,-0.002499999999999985,0.341
M1_Macro_vs_M2_Macro_Oil__primary__Oil_Rent_Intensive_Pre2016_ge15pct,Oil_Rents_GDP_Pct_lag1,primary,Oil_Rent_Intensive_Pre2016_ge15pct,Future_Period,train_to_2014__test_from_2015,ElasticNet,signal_increment,-0.0019999999999999844,0.3145
M1_Macro_vs_M2_Macro_Oil__primary__Oil_Rent_Intensive_Pre2016_ge15pct,Oil_Rents_GDP_Pct_lag1,primary,Oil_Rent_Intensive_Pre2016_ge15pct,Future_Period,train_to_2014__test_from_2015,ElasticNet,signal_increment,-0.001499999999999984,0.2885
M1_Macro_vs_M2_Macro_Oil__primary__Oil_Rent_Intensive_Pre2016_ge15pct,Oil_Rents_GDP_Pct_lag1,primary,Oil_Rent_Intensive_Pre2016_ge15pct,Future_Period,train_to_2014__test_from_2015,ElasticNet,signal_increment,-0.0009999999999999835,0.258
M1_Macro_vs_M2_Macro_Oil__primary__Oil_Rent_Intensive_Pre2016_ge15pct,Oil_Rents_GDP_Pct_lag1,primary,Oil_Rent_Intensive_Pre2016_ge15pct,Future_Period,train_to_2014__test_from_2015,ElasticNet,signal_increment,-0.0004999999999999831,0.2345
M1_Macro_vs_M2_Macro_Oil__primary__Oil_Rent_Intensive_Pre2016_ge15pct,Oil_Rents_GDP_Pct_lag1,primary,Oil_Rent_Intensive_Pre2016_ge15pct,Future_Period,train_to_2014__test_from_2015,ElasticNet,signal_increment,1.734723475976807e-17,0.218
M1_Macro_vs_M2_Macro_Oil__primary__Oil_Rent_Intensive_Pre2016_ge15pct,Oil_Rents_GDP_Pct_lag1,primary,Oil_Rent_Intensive_Pre2016_ge15pct,Future_Period,train_to_2014__test_from_2015,ElasticNet,signal_increment,0.0005000000000000178,0.201
M1_Macro_vs_M2_Macro_Oil__primary__Oil_Rent_Intensive_Pre2016_ge15pct,Oil_Rents_GDP_Pct_lag1,primary,Oil_Rent_Intensive_Pre2016_ge15pct,Future_Period,train_to_2014__test_from_2015,ElasticNet,signal_increment,0.0010000000000000182,0.1815
M1_Macro_vs_M2_Macro_Oil__primary__Oil_Rent_Intensive_Pre2016_ge15pct,Oil_Rents_GDP_Pct_lag1,primary,Oil_Rent_Intensive_Pre2016_ge15pct,Future_Period,train_to_2014__test_from_2015,ElasticNet,signal_increment,0.0015000000000000187,0.16
M1_Macro_vs_M2_Macro_Oil__primary__Oil_Rent_Intensive_Pre2016_ge15pct,Oil_Rents_GDP_Pct_lag1,primary,Oil_Rent_Intensive_Pre2016_ge15pct,Future_Period,train_to_2014__test_from_2015,ElasticNet,signal_increment,0.002000000000000019,0.139
M1_Macro_vs_M2_Macro_Oil__primary__Oil_Rent_Intensive_Pre2016_ge15pct,Oil_Rents_GDP_Pct_lag1,primary,Oil_Rent_Intensive_Pre2016_ge15pct,Future_Period,train_to_2014__test_from_2015,ElasticNet,signal_increment,0.0025000000000000196,0.1215
M1_Macro_vs_M2_Macro_Oil__primary__Oil_Rent_Intensive_Pre2016_ge15pct,Oil_Rents_GDP_Pct_lag1,primary,Oil_Rent_Intensive_Pre2016_ge15pct,Future_Period,train_to_2014__test_from_2015,ElasticNet,signal_increment,0.00300000000000002,0.104
M1_Macro_vs_M2_Macro_Oil__primary__Oil_Rent_Intensive_Pre2016_ge15pct,Oil_Rents_GDP_Pct_lag1,primary,Oil_Rent_Intensive_Pre2016_ge15pct,Future_Period,train_to_2014__test_from_2015,ElasticNet,signal_increment,0.0035000000000000205,0.092
M1_Macro_vs_M2_Macro_Oil__primary__Oil_Rent_Intensive_Pre2016_ge15pct,Oil_Rents_GDP_Pct_lag1,primary,Oil_Rent_Intensive_Pre2016_ge15pct,Future_Period,train_to_2014__test_from_2015,ElasticNet,signal_increment,0.004000000000000021,0.085
M1_Macro_vs_M2_Macro_Oil__primary__Oil_Rent_Intensive_Pre2016_ge15pct,Oil_Rents_GDP_Pct_lag1,primary,Oil_Rent_Intensive_Pre2016_ge15pct,Future_Period,train_to_2014__test_from_2015,ElasticNet,signal_increment,0.004500000000000021,0.0735
M1_Macro_vs_M2_Macro_Oil__primary__Oil_Rent_Intensive_Pre2016_ge15pct,Oil_Rents_GDP_Pct_lag1,primary,Oil_Rent_Intensive_Pre2016_ge15pct,Future_Period,train_to_2014__test_from_2015,ElasticNet,signal_increment,0.005000000000000022,0.062
M1_Macro_vs_M2_Macro_Oil__primary__Oil_Rent_Intensive_Pre2016_ge15pct,Oil_Rents_GDP_Pct_lag1,primary,Oil_Rent_Intensive_Pre2016_ge15pct,Future_Period,train_to_2014__test_from_2015,ElasticNet,signal_increment,0.005500000000000022,0.052
M1_Macro_vs_M2_Macro_Oil__primary__Oil_Rent_Intensive_Pre2016_ge15pct,Oil_Rents_GDP_Pct_lag1,primary,Oil_Rent_Intensive_Pre2016_ge15pct,Future_Period,train_to_2014__test_from_2015,ElasticNet,signal_increment,0.006000000000000023,0.0415
M1_Macro_vs_M2_Macro_Oil__primary__Oil_Rent_Intensive_Pre2016_ge15pct,Oil_Rents_GDP_Pct_lag1,primary,Oil_Rent_Intensive_Pre2016_ge15pct,Future_Period,train_to_2014__test_from_2015,ElasticNet,signal_increment,0.006500000000000023,0.0365
M1_Macro_vs_M2_Macro_Oil__primary__Oil_Rent_Intensive_Pre2016_ge15pct,Oil_Rents_GDP_Pct_lag1,primary,Oil_Rent_Intensive_Pre2016_ge15pct,Future_Period,train_to_2014__test_from_2015,ElasticNet,signal_increment,0.0070000000000000236,0.0345
M1_Macro_vs_M2_Macro_Oil__primary__Oil_Rent_Intensive_Pre2016_ge15pct,Oil_Rents_GDP_Pct_lag1,primary,Oil_Rent_Intensive_Pre2016_ge15pct,Future_Period,train_to_2014__test_from_2015,ElasticNet,signal_increment,0.007500000000000024,0.0305
M1_Macro_vs_M2_Macro_Oil__primary__Oil_Rent_Intensive_Pre2016_ge15pct,Oil_Rents_GDP_Pct_lag1,primary,Oil_Rent_Intensive_Pre2016_ge15pct,Future_Period,train_to_2014__test_from_2015,ElasticNet,signal_increment,0.008000000000000024,0.0245
M1_Macro_vs_M2_Macro_Oil__primary__Oil_Rent_Intensive_Pre2016_ge15pct,Oil_Rents_GDP_Pct_lag1,primary,Oil_Rent_Intensive_Pre2016_ge15pct,Future_Period,train_to_2014__test_from_2015,ElasticNet,signal_increment,0.008500000000000025,0.0215
M1_Macro_vs_M2_Macro_Oil__primary__Oil_Rent_Intensive_Pre2016_ge15pct,Oil_Rents_GDP_Pct_lag1,primary,Oil_Rent_Intensive_Pre2016_ge15pct,Future_Period,train_to_2014__test_from_2015,ElasticNet,signal_increment,0.009000000000000025,0.0165
M1_Macro_vs_M2_Macro_Oil__primary__Oil_Rent_Intensive_Pre2016_ge15pct,Oil_Rents_GDP_Pct_lag1,primary,Oil_Rent_Intensive_Pre2016_ge15pct,Future_Period,train_to_2014__test_from_2015,ElasticNet,signal_increment,0.009500000000000026,0.015
M1_Macro_vs_M2_Macro_Oil__primary__Oil_Rent_Intensive_Pre2016_ge15pct,Oil_Rents_GDP_Pct_lag1,primary,Oil_Rent_Intensive_Pre2016_ge15pct,Future_Period,train_to_2014__test_from_2015,ElasticNet,signal_increment,0.010000000000000026,0.01
M1_Macro_vs_M2_Macro_Oil__primary__Oil_Rent_Intensive_Pre2016_ge15pct,Oil_Rents_GDP_Pct_lag1,primary,Oil_Rent_Intensive_Pre2016_ge15pct,Future_Period,train_to_2014__test_from_2015,ElasticNet,signal_increment,0.010500000000000027,0.0095
M1_Macro_vs_M2_Macro_Oil__primary__Oil_Rent_Intensive_Pre2016_ge15pct,Oil_Rents_GDP_Pct_lag1,primary,Oil_Rent_Intensive_Pre2016_ge15pct,Future_Period,train_to_2014__test_from_2015,ElasticNet,signal_increment,0.011000000000000027,0.0085
M1_Macro_vs_M2_Macro_Oil__primary__Oil_Rent_Intensive_Pre2016_ge15pct,Oil_Rents_GDP_Pct_lag1,primary,Oil_Rent_Intensive_Pre2016_ge15pct,Future_Period,train_to_2014__test_from_2015,ElasticNet,signal_increment,0.011500000000000028,0.0075
M1_Macro_vs_M2_Macro_Oil__primary__Oil_Rent_Intensive_Pre2016_ge15pct,Oil_Rents_GDP_Pct_lag1,primary,Oil_Rent_Intensive_Pre2016_ge15pct,Future_Period,train_to_2014__test_from_2015,ElasticNet,signal_increment,0.012000000000000028,0.0075
M1_Macro_vs_M2_Macro_Oil__primary__Oil_Rent_Intensive_Pre2016_ge15pct,Oil_Rents_GDP_Pct_lag1,primary,Oil_Rent_Intensive_Pre2016_ge15pct,Future_Period,train_to_2014__test_from_2015,ElasticNet,signal_increment,0.012500000000000028,0.007
M1_Macro_vs_M2_Macro_Oil__primary__Oil_Rent_Intensive_Pre2016_ge15pct,Oil_Rents_GDP_Pct_lag1,primary,Oil_Rent_Intensive_Pre2016_ge15pct,Future_Period,train_to_2014__test_from_2015,ElasticNet,signal_increment,0.013000000000000029,0.005
M1_Macro_vs_M2_Macro_Oil__primary__Oil_Rent_Intensive_Pre2016_ge15pct,Oil_Rents_GDP_Pct_lag1,primary,Oil_Rent_Intensive_Pre2016_ge15pct,Future_Period,train_to_2014__test_from_2015,ElasticNet,signal_increment,0.01350000000000003,0.005
M1_Macro_vs_M2_Macro_Oil__primary__Oil_Rent_Intensive_Pre2016_ge15pct,Oil_Rents_GDP_Pct_lag1,primary,Oil_Rent_Intensive_Pre2016_ge15pct,Future_Period,train_to_2014__test_from_2015,ElasticNet,signal_increment,0.01400000000000003,0.0045
M1_Macro_vs_M2_Macro_Oil__primary__Oil_Rent_Intensive_Pre2016_ge15pct,Oil_Rents_GDP_Pct_lag1,primary,Oil_Rent_Intensive_Pre2016_ge15pct,Future_Period,train_to_2014__test_from_2015,ElasticNet,signal_increment,0.01450000000000003,0.0035
M1_Macro_vs_M2_Macro_Oil__primary__Oil_Rent_Intensive_Pre2016_ge15pct,Oil_Rents_GDP_Pct_lag1,primary,Oil_Rent_Intensive_Pre2016_ge15pct,Future_Period,train_to_2014__test_from_2015,ElasticNet,signal_increment,0.01500000000000003,0.0025
M1_Macro_vs_M2_Macro_Oil__primary__Oil_Rent_Intensive_Pre2016_ge15pct,Oil_Rents_GDP_Pct_lag1,primary,Oil_Rent_Intensive_Pre2016_ge15pct,Future_Period,train_to_2014__test_from_2015,ElasticNet,signal_increment,0.015500000000000031,0.0015
M1_Macro_vs_M2_Macro_Oil__primary__Oil_Rent_Intensive_Pre2016_ge15pct,Oil_Rents_GDP_Pct_lag1,primary,Oil_Rent_Intensive_Pre2016_ge15pct,Future_Period,train_to_2014__test_from_2015,ElasticNet,signal_increment,0.01600000000000003,0.0015
M1_Macro_vs_M2_Macro_Oil__primary__Oil_Rent_Intensive_Pre2016_ge15pct,Oil_Rents_GDP_Pct_lag1,primary,Oil_Rent_Intensive_Pre2016_ge15pct,Future_Period,train_to_2014__test_from_2015,ElasticNet,signal_increment,0.016500000000000032,0.0005
M1_Macro_vs_M2_Macro_Oil__primary__Oil_Rent_Intensive_Pre2016_ge15pct,Oil_Rents_GDP_Pct_lag1,primary,Oil_Rent_Intensive_Pre2016_ge15pct,Future_Period,train_to_2014__test_from_2015,ElasticNet,signal_increment,0.017000000000000032,0.0
M1_Macro_vs_M2_Macro_Oil__primary__Oil_Rent_Intensive_Pre2016_ge15pct,Oil_Rents_GDP_Pct_lag1,primary,Oil_Rent_Intensive_Pre2016_ge15pct,Future_Period,train_to_2014__test_from_2015,ElasticNet,signal_increment,0.017500000000000033,0.0
M1_Macro_vs_M2_Macro_Oil__primary__Oil_Rent_Intensive_Pre2016_ge15pct,Oil_Rents_GDP_Pct_lag1,primary,Oil_Rent_Intensive_Pre2016_ge15pct,Future_Period,train_to_2014__test_from_2015,ElasticNet,signal_increment,0.018000000000000033,0.0
M1_Macro_vs_M2_Macro_Oil__primary__Oil_Rent_Intensive_Pre2016_ge15pct,Oil_Rents_GDP_Pct_lag1,primary,Oil_Rent_Intensive_Pre2016_ge15pct,Future_Period,train_to_2014__test_from_2015,ElasticNet,signal_increment,0.018500000000000034,0.0
M1_Macro_vs_M2_Macro_Oil__primary__Oil_Rent_Intensive_Pre2016_ge15pct,Oil_Rents_GDP_Pct_lag1,primary,Oil_Rent_Intensive_Pre2016_ge15pct,Future_Period,train_to_2014__test_from_2015,ElasticNet,signal_increment,0.019000000000000034,0.0
M1_Macro_vs_M2_Macro_Oil__primary__Oil_Rent_Intensive_Pre2016_ge15pct,Oil_Rents_GDP_Pct_lag1,primary,Oil_Rent_Intensive_Pre2016_ge15pct,Future_Period,train_to_2014__test_from_2015,ElasticNet,signal_increment,0.019500000000000035,0.0
M1_Macro_vs_M2_Macro_Oil__primary__Oil_Rent_Intensive_Pre2016_ge15pct,Oil_Rents_GDP_Pct_lag1,primary,Oil_Rent_Intensive_Pre2016_ge15pct,Future_Period,train_to_2014__test_from_2015,ElasticNet,signal_increment,0.020000000000000035,0.0
M1_Macro_vs_M2_Macro_Oil__primary__Oil_Rent_Intensive_Pre2016_ge15pct,Oil_Rents_GDP_Pct_lag1,primary,Oil_Rent_Intensive_Pre2016_ge15pct,Future_Period,train_to_2014__test_from_2015,ElasticNet,signal_increment,0.020500000000000036,0.0
M1_Macro_vs_M2_Macro_Oil__primary__Oil_Rent_Intensive_Pre2016_ge15pct,Oil_Rents_GDP_Pct_lag1,primary,Oil_Rent_Intensive_Pre2016_ge15pct,Future_Period,train_to_2014__test_from_2015,ElasticNet,signal_increment,0.021000000000000036,0.0
M1_Macro_vs_M2_Macro_Oil__primary__Oil_Rent_Intensive_Pre2016_ge15pct,Oil_Rents_GDP_Pct_lag1,primary,Oil_Rent_Intensive_Pre2016_ge15pct,Future_Period,train_to_2014__test_from_2015,ElasticNet,signal_increment,0.021500000000000036,0.0
M1_Macro_vs_M2_Macro_Oil__primary__Oil_Rent_Intensive_Pre2016_ge15pct,Oil_Rents_GDP_Pct_lag1,primary,Oil_Rent_Intensive_Pre2016_ge15pct,Future_Period,train_to_2014__test_from_2015,ElasticNet,signal_increment,0.022000000000000037,0.0
M1_Macro_vs_M2_Macro_Oil__primary__Oil_Rent_Intensive_Pre2016_ge15pct,Oil_Rents_GDP_Pct_lag1,primary,Oil_Rent_Intensive_Pre2016_ge15pct,Future_Period,train_to_2014__test_from_2015,ElasticNet,signal_increment,0.022500000000000037,0.0
M1_Macro_vs_M2_Macro_Oil__primary__Oil_Rent_Intensive_Pre2016_ge15pct,Oil_Rents_GDP_Pct_lag1,primary,Oil_Rent_Intensive_Pre2016_ge15pct,Future_Period,train_to_2014__test_from_2015,ElasticNet,signal_increment,0.023000000000000038,0.0
M1_Macro_vs_M2_Macro_Oil__primary__Oil_Rent_Intensive_Pre2016_ge15pct,Oil_Rents_GDP_Pct_lag1,primary,Oil_Rent_Intensive_Pre2016_ge15pct,Future_Period,train_to_2014__test_from_2015,ElasticNet,signal_increment,0.023500000000000038,0.0
M1_Macro_vs_M2_Macro_Oil__primary__Oil_Rent_Intensive_Pre2016_ge15pct,Oil_Rents_GDP_Pct_lag1,primary,Oil_Rent_Intensive_Pre2016_ge15pct,Future_Period,train_to_2014__test_from_2015,ElasticNet,signal_increment,0.02400000000000004,0.0
M1_Macro_vs_M2_Macro_Oil__primary__Oil_Rent_Intensive_Pre2016_ge15pct,Oil_Rents_GDP_Pct_lag1,primary,Oil_Rent_Intensive_Pre2016_ge15pct,Future_Period,train_to_2014__test_from_2015,ElasticNet,signal_increment,0.02450000000000004,0.0
M1_Macro_vs_M2_Macro_Oil__primary__Oil_Rent_Intensive_Pre2016_ge15pct,Oil_Rents_GDP_Pct_lag1,primary,Oil_Rent_Intensive_Pre2016_ge15pct,Future_Period,train_to_2014__test_from_2015,ElasticNet,signal_increment,0.02500000000000004,0.0
M1_Macro_vs_M2_Macro_Oil__primary__Oil_Rent_Intensive_Pre2016_ge15pct,Oil_Rents_GDP_Pct_lag1,primary,Oil_Rent_Intensive_Pre2016_ge15pct,Future_Period,train_to_2014__test_from_2015,ElasticNet,signal_increment,0.02550000000000004,0.0
M1_Macro_vs_M2_Macro_Oil__primary__Oil_Rent_Intensive_Pre2016_ge15pct,Oil_Rents_GDP_Pct_lag1,primary,Oil_Rent_Intensive_Pre2016_ge15pct,Future_Period,train_to_2014__test_from_2015,ElasticNet,signal_increment,0.02600000000000004,0.0
M1_Macro_vs_M2_Macro_Oil__primary__Oil_Rent_Intensive_Pre2016_ge15pct,Oil_Rents_GDP_Pct_lag1,primary,Oil_Rent_Intensive_Pre2016_ge15pct,Future_Period,train_to_2014__test_from_2015,ElasticNet,signal_increment,0.02650000000000004,0.0
M1_Macro_vs_M2_Macro_Oil__primary__Oil_Rent_Intensive_Pre2016_ge15pct,Oil_Rents_GDP_Pct_lag1,primary,Oil_Rent_Intensive_Pre2016_ge15pct,Future_Period,train_to_2014__test_from_2015,ElasticNet,signal_increment,0.02700000000000004,0.0
M1_Macro_vs_M2_Macro_Oil__primary__Oil_Rent_Intensive_Pre2016_ge15pct,Oil_Rents_GDP_Pct_lag1,primary,Oil_Rent_Intensive_Pre2016_ge15pct,Future_Period,train_to_2014__test_from_2015,ElasticNet,signal_increment,0.027500000000000042,0.0
M1_Macro_vs_M2_Macro_Oil__primary__Oil_Rent_Intensive_Pre2016_ge15pct,Oil_Rents_GDP_Pct_lag1,primary,Oil_Rent_Intensive_Pre2016_ge15pct,Future_Period,train_to_2014__test_from_2015,ElasticNet,signal_increment,0.028000000000000042,0.0
M1_Macro_vs_M2_Macro_Oil__primary__Oil_Rent_Intensive_Pre2016_ge15pct,Oil_Rents_GDP_Pct_lag1,primary,Oil_Rent_Intensive_Pre2016_ge15pct,Future_Period,train_to_2014__test_from_2015,ElasticNet,signal_increment,0.028500000000000043,0.0
M1_Macro_vs_M2_Macro_Oil__primary__Oil_Rent_Intensive_Pre2016_ge15pct,Oil_Rents_GDP_Pct_lag1,primary,Oil_Rent_Intensive_Pre2016_ge15pct,Future_Period,train_to_2014__test_from_2015,ElasticNet,signal_increment,0.029000000000000043,0.0
M1_Macro_vs_M2_Macro_Oil__primary__Oil_Rent_Intensive_Pre2016_ge15pct,Oil_Rents_GDP_Pct_lag1,primary,Oil_Rent_Intensive_Pre2016_ge15pct,Future_Period,train_to_2014__test_from_2015,ElasticNet,signal_increment,0.029500000000000044,0.0
M1_Macro_vs_M2_Macro_Oil__primary__Oil_Rent_Intensive_Pre2016_ge15pct,Oil_Rents_GDP_Pct_lag1,primary,Oil_Rent_Intensive_Pre2016_ge15pct,Future_Period,train_to_2014__test_from_2015,ElasticNet,signal_increment,0.030000000000000044,0.0
M1_Macro_vs_M2_Macro_Oil__primary__Oil_Rent_Intensive_Pre2016_ge15pct,Oil_Rents_GDP_Pct_lag1,primary,Oil_Rent_Intensive_Pre2016_ge15pct,Future_Period,train_to_2014__test_from_2015,ElasticNet,added_model_vs_strongest_benchmark,-0.02,0.8135
M1_Macro_vs_M2_Macro_Oil__primary__Oil_Rent_Intensive_Pre2016_ge15pct,Oil_Rents_GDP_Pct_lag1,primary,Oil_Rent_Intensive_Pre2016_ge15pct,Future_Period,train_to_2014__test_from_2015,ElasticNet,added_model_vs_strongest_benchmark,-0.0195,0.811
M1_Macro_vs_M2_Macro_Oil__primary__Oil_Rent_Intensive_Pre2016_ge15pct,Oil_Rents_GDP_Pct_lag1,primary,Oil_Rent_Intensive_Pre2016_ge15pct,Future_Period,train_to_2014__test_from_2015,ElasticNet,added_model_vs_strongest_benchmark,-0.019,0.81
M1_Macro_vs_M2_Macro_Oil__primary__Oil_Rent_Intensive_Pre2016_ge15pct,Oil_Rents_GDP_Pct_lag1,primary,Oil_Rent_Intensive_Pre2016_ge15pct,Future_Period,train_to_2014__test_from_2015,ElasticNet,added_model_vs_strongest_benchmark,-0.0185,0.8095
M1_Macro_vs_M2_Macro_Oil__primary__Oil_Rent_Intensive_Pre2016_ge15pct,Oil_Rents_GDP_Pct_lag1,primary,Oil_Rent_Intensive_Pre2016_ge15pct,Future_Period,train_to_2014__test_from_2015,ElasticNet,added_model_vs_strongest_benchmark,-0.018,0.8085
M1_Macro_vs_M2_Macro_Oil__primary__Oil_Rent_Intensive_Pre2016_ge15pct,Oil_Rents_GDP_Pct_lag1,primary,Oil_Rent_Intensive_Pre2016_ge15pct,Future_Period,train_to_2014__test_from_2015,ElasticNet,added_model_vs_strongest_benchmark,-0.017499999999999998,0.8065
M1_Macro_vs_M2_Macro_Oil__primary__Oil_Rent_Intensive_Pre2016_ge15pct,Oil_Rents_GDP_Pct_lag1,primary,Oil_Rent_Intensive_Pre2016_ge15pct,Future_Period,train_to_2014__test_from_2015,ElasticNet,added_model_vs_strongest_benchmark,-0.016999999999999998,0.805
M1_Macro_vs_M2_Macro_Oil__primary__Oil_Rent_Intensive_Pre2016_ge15pct,Oil_Rents_GDP_Pct_lag1,primary,Oil_Rent_Intensive_Pre2016_ge15pct,Future_Period,train_to_2014__test_from_2015,ElasticNet,added_model_vs_strongest_benchmark,-0.016499999999999997,0.8035
M1_Macro_vs_M2_Macro_Oil__primary__Oil_Rent_Intensive_Pre2016_ge15pct,Oil_Rents_GDP_Pct_lag1,primary,Oil_Rent_Intensive_Pre2016_ge15pct,Future_Period,train_to_2014__test_from_2015,ElasticNet,added_model_vs_strongest_benchmark,-0.015999999999999997,0.802
M1_Macro_vs_M2_Macro_Oil__primary__Oil_Rent_Intensive_Pre2016_ge15pct,Oil_Rents_GDP_Pct_lag1,primary,Oil_Rent_Intensive_Pre2016_ge15pct,Future_Period,train_to_2014__test_from_2015,ElasticNet,added_model_vs_strongest_benchmark,-0.015499999999999996,0.801
M1_Macro_vs_M2_Macro_Oil__primary__Oil_Rent_Intensive_Pre2016_ge15pct,Oil_Rents_GDP_Pct_lag1,primary,Oil_Rent_Intensive_Pre2016_ge15pct,Future_Period,train_to_2014__test_from_2015,ElasticNet,added_model_vs_strongest_benchmark,-0.014999999999999996,0.7985
M1_Macro_vs_M2_Macro_Oil__primary__Oil_Rent_Intensive_Pre2016_ge15pct,Oil_Rents_GDP_Pct_lag1,primary,Oil_Rent_Intensive_Pre2016_ge15pct,Future_Period,train_to_2014__test_from_2015,ElasticNet,added_model_vs_strongest_benchmark,-0.014499999999999996,0.797
M1_Macro_vs_M2_Macro_Oil__primary__Oil_Rent_Intensive_Pre2016_ge15pct,Oil_Rents_GDP_Pct_lag1,primary,Oil_Rent_Intensive_Pre2016_ge15pct,Future_Period,train_to_2014__test_from_2015,ElasticNet,added_model_vs_strongest_benchmark,-0.013999999999999995,0.796
M1_Macro_vs_M2_Macro_Oil__primary__Oil_Rent_Intensive_Pre2016_ge15pct,Oil_Rents_GDP_Pct_lag1,primary,Oil_Rent_Intensive_Pre2016_ge15pct,Future_Period,train_to_2014__test_from_2015,ElasticNet,added_model_vs_strongest_benchmark,-0.013499999999999995,0.7955
M1_Macro_vs_M2_Macro_Oil__primary__Oil_Rent_Intensive_Pre2016_ge15pct,Oil_Rents_GDP_Pct_lag1,primary,Oil_Rent_Intensive_Pre2016_ge15pct,Future_Period,train_to_2014__test_from_2015,ElasticNet,added_model_vs_strongest_benchmark,-0.012999999999999994,0.791
M1_Macro_vs_M2_Macro_Oil__primary__Oil_Rent_Intensive_Pre2016_ge15pct,Oil_Rents_GDP_Pct_lag1,primary,Oil_Rent_Intensive_Pre2016_ge15pct,Future_Period,train_to_2014__test_from_2015,ElasticNet,added_model_vs_strongest_benchmark,-0.012499999999999994,0.791
M1_Macro_vs_M2_Macro_Oil__primary__Oil_Rent_Intensive_Pre2016_ge15pct,Oil_Rents_GDP_Pct_lag1,primary,Oil_Rent_Intensive_Pre2016_ge15pct,Future_Period,train_to_2014__test_from_2015,ElasticNet,added_model_vs_strongest_benchmark,-0.011999999999999993,0.789
M1_Macro_vs_M2_Macro_Oil__primary__Oil_Rent_Intensive_Pre2016_ge15pct,Oil_Rents_GDP_Pct_lag1,primary,Oil_Rent_Intensive_Pre2016_ge15pct,Future_Period,train_to_2014__test_from_2015,ElasticNet,added_model_vs_strongest_benchmark,-0.011499999999999993,0.788
M1_Macro_vs_M2_Macro_Oil__primary__Oil_Rent_Intensive_Pre2016_ge15pct,Oil_Rents_GDP_Pct_lag1,primary,Oil_Rent_Intensive_Pre2016_ge15pct,Future_Period,train_to_2014__test_from_2015,ElasticNet,added_model_vs_strongest_benchmark,-0.010999999999999992,0.7855
M1_Macro_vs_M2_Macro_Oil__primary__Oil_Rent_Intensive_Pre2016_ge15pct,Oil_Rents_GDP_Pct_lag1,primary,Oil_Rent_Intensive_Pre2016_ge15pct,Future_Period,train_to_2014__test_from_2015,ElasticNet,added_model_vs_strongest_benchmark,-0.010499999999999992,0.784
M1_Macro_vs_M2_Macro_Oil__primary__Oil_Rent_Intensive_Pre2016_ge15pct,Oil_Rents_GDP_Pct_lag1,primary,Oil_Rent_Intensive_Pre2016_ge15pct,Future_Period,train_to_2014__test_from_2015,ElasticNet,added_model_vs_strongest_benchmark,-0.009999999999999992,0.7805
M1_Macro_vs_M2_Macro_Oil__primary__Oil_Rent_Intensive_Pre2016_ge15pct,Oil_Rents_GDP_Pct_lag1,primary,Oil_Rent_Intensive_Pre2016_ge15pct,Future_Period,train_to_2014__test_from_2015,ElasticNet,added_model_vs_strongest_benchmark,-0.009499999999999991,0.779
M1_Macro_vs_M2_Macro_Oil__primary__Oil_Rent_Intensive_Pre2016_ge15pct,Oil_Rents_GDP_Pct_lag1,primary,Oil_Rent_Intensive_Pre2016_ge15pct,Future_Period,train_to_2014__test_from_2015,ElasticNet,added_model_vs_strongest_benchmark,-0.00899999999999999,0.777
M1_Macro_vs_M2_Macro_Oil__primary__Oil_Rent_Intensive_Pre2016_ge15pct,Oil_Rents_GDP_Pct_lag1,primary,Oil_Rent_Intensive_Pre2016_ge15pct,Future_Period,train_to_2014__test_from_2015,ElasticNet,added_model_vs_strongest_benchmark,-0.00849999999999999,0.777
M1_Macro_vs_M2_Macro_Oil__primary__Oil_Rent_Intensive_Pre2016_ge15pct,Oil_Rents_GDP_Pct_lag1,primary,Oil_Rent_Intensive_Pre2016_ge15pct,Future_Period,train_to_2014__test_from_2015,ElasticNet,added_model_vs_strongest_benchmark,-0.00799999999999999,0.773
M1_Macro_vs_M2_Macro_Oil__primary__Oil_Rent_Intensive_Pre2016_ge15pct,Oil_Rents_GDP_Pct_lag1,primary,Oil_Rent_Intensive_Pre2016_ge15pct,Future_Period,train_to_2014__test_from_2015,ElasticNet,added_model_vs_strongest_benchmark,-0.007499999999999989,0.771
M1_Macro_vs_M2_Macro_Oil__primary__Oil_Rent_Intensive_Pre2016_ge15pct,Oil_Rents_GDP_Pct_lag1,primary,Oil_Rent_Intensive_Pre2016_ge15pct,Future_Period,train_to_2014__test_from_2015,ElasticNet,added_model_vs_strongest_benchmark,-0.006999999999999989,0.769
M1_Macro_vs_M2_Macro_Oil__primary__Oil_Rent_Intensive_Pre2016_ge15pct,Oil_Rents_GDP_Pct_lag1,primary,Oil_Rent_Intensive_Pre2016_ge15pct,Future_Period,train_to_2014__test_from_2015,ElasticNet,added_model_vs_strongest_benchmark,-0.006499999999999988,0.7675
M1_Macro_vs_M2_Macro_Oil__primary__Oil_Rent_Intensive_Pre2016_ge15pct,Oil_Rents_GDP_Pct_lag1,primary,Oil_Rent_Intensive_Pre2016_ge15pct,Future_Period,train_to_2014__test_from_2015,ElasticNet,added_model_vs_strongest_benchmark,-0.005999999999999988,0.7655
M1_Macro_vs_M2_Macro_Oil__primary__Oil_Rent_Intensive_Pre2016_ge15pct,Oil_Rents_GDP_Pct_lag1,primary,Oil_Rent_Intensive_Pre2016_ge15pct,Future_Period,train_to_2014__test_from_2015,ElasticNet,added_model_vs_strongest_benchmark,-0.0054999999999999875,0.765
M1_Macro_vs_M2_Macro_Oil__primary__Oil_Rent_Intensive_Pre2016_ge15pct,Oil_Rents_GDP_Pct_lag1,primary,Oil_Rent_Intensive_Pre2016_ge15pct,Future_Period,train_to_2014__test_from_2015,ElasticNet,added_model_vs_strongest_benchmark,-0.004999999999999987,0.7645
M1_Macro_vs_M2_Macro_Oil__primary__Oil_Rent_Intensive_Pre2016_ge15pct,Oil_Rents_GDP_Pct_lag1,primary,Oil_Rent_Intensive_Pre2016_ge15pct,Future_Period,train_to_2014__test_from_2015,ElasticNet,added_model_vs_strongest_benchmark,-0.004499999999999987,0.7625
M1_Macro_vs_M2_Macro_Oil__primary__Oil_Rent_Intensive_Pre2016_ge15pct,Oil_Rents_GDP_Pct_lag1,primary,Oil_Rent_Intensive_Pre2016_ge15pct,Future_Period,train_to_2014__test_from_2015,ElasticNet,added_model_vs_strongest_benchmark,-0.003999999999999986,0.7595
M1_Macro_vs_M2_Macro_Oil__primary__Oil_Rent_Intensive_Pre2016_ge15pct,Oil_Rents_GDP_Pct_lag1,primary,Oil_Rent_Intensive_Pre2016_ge15pct,Future_Period,train_to_2014__test_from_2015,ElasticNet,added_model_vs_strongest_benchmark,-0.0034999999999999858,0.756
M1_Macro_vs_M2_Macro_Oil__primary__Oil_Rent_Intensive_Pre2016_ge15pct,Oil_Rents_GDP_Pct_lag1,primary,Oil_Rent_Intensive_Pre2016_ge15pct,Future_Period,train_to_2014__test_from_2015,ElasticNet,added_model_vs_strongest_benchmark,-0.0029999999999999853,0.754
M1_Macro_vs_M2_Macro_Oil__primary__Oil_Rent_Intensive_Pre2016_ge15pct,Oil_Rents_GDP_Pct_lag1,primary,Oil_Rent_Intensive_Pre2016_ge15pct,Future_Period,train_to_2014__test_from_2015,ElasticNet,added_model_vs_strongest_benchmark,-0.002499999999999985,0.7525
M1_Macro_vs_M2_Macro_Oil__primary__Oil_Rent_Intensive_Pre2016_ge15pct,Oil_Rents_GDP_Pct_lag1,primary,Oil_Rent_Intensive_Pre2016_ge15pct,Future_Period,train_to_2014__test_from_2015,ElasticNet,added_model_vs_strongest_benchmark,-0.0019999999999999844,0.752
M1_Macro_vs_M2_Macro_Oil__primary__Oil_Rent_Intensive_Pre2016_ge15pct,Oil_Rents_GDP_Pct_lag1,primary,Oil_Rent_Intensive_Pre2016_ge15pct,Future_Period,train_to_2014__test_from_2015,ElasticNet,added_model_vs_strongest_benchmark,-0.001499999999999984,0.751
M1_Macro_vs_M2_Macro_Oil__primary__Oil_Rent_Intensive_Pre2016_ge15pct,Oil_Rents_GDP_Pct_lag1,primary,Oil_Rent_Intensive_Pre2016_ge15pct,Future_Period,train_to_2014__test_from_2015,ElasticNet,added_model_vs_strongest_benchmark,-0.0009999999999999835,0.7475
M1_Macro_vs_M2_Macro_Oil__primary__Oil_Rent_Intensive_Pre2016_ge15pct,Oil_Rents_GDP_Pct_lag1,primary,Oil_Rent_Intensive_Pre2016_ge15pct,Future_Period,train_to_2014__test_from_2015,ElasticNet,added_model_vs_strongest_benchmark,-0.0004999999999999831,0.746
M1_Macro_vs_M2_Macro_Oil__primary__Oil_Rent_Intensive_Pre2016_ge15pct,Oil_Rents_GDP_Pct_lag1,primary,Oil_Rent_Intensive_Pre2016_ge15pct,Future_Period,train_to_2014__test_from_2015,ElasticNet,added_model_vs_strongest_benchmark,1.734723475976807e-17,0.743
M1_Macro_vs_M2_Macro_Oil__primary__Oil_Rent_Intensive_Pre2016_ge15pct,Oil_Rents_GDP_Pct_lag1,primary,Oil_Rent_Intensive_Pre2016_ge15pct,Future_Period,train_to_2014__test_from_2015,ElasticNet,added_model_vs_strongest_benchmark,0.0005000000000000178,0.7415
M1_Macro_vs_M2_Macro_Oil__primary__Oil_Rent_Intensive_Pre2016_ge15pct,Oil_Rents_GDP_Pct_lag1,primary,Oil_Rent_Intensive_Pre2016_ge15pct,Future_Period,train_to_2014__test_from_2015,ElasticNet,added_model_vs_strongest_benchmark,0.0010000000000000182,0.7395
M1_Macro_vs_M2_Macro_Oil__primary__Oil_Rent_Intensive_Pre2016_ge15pct,Oil_Rents_GDP_Pct_lag1,primary,Oil_Rent_Intensive_Pre2016_ge15pct,Future_Period,train_to_2014__test_from_2015,ElasticNet,added_model_vs_strongest_benchmark,0.0015000000000000187,0.7365
M1_Macro_vs_M2_Macro_Oil__primary__Oil_Rent_Intensive_Pre2016_ge15pct,Oil_Rents_GDP_Pct_lag1,primary,Oil_Rent_Intensive_Pre2016_ge15pct,Future_Period,train_to_2014__test_from_2015,ElasticNet,added_model_vs_strongest_benchmark,0.002000000000000019,0.733
M1_Macro_vs_M2_Macro_Oil__primary__Oil_Rent_Intensive_Pre2016_ge15pct,Oil_Rents_GDP_Pct_lag1,primary,Oil_Rent_Intensive_Pre2016_ge15pct,Future_Period,train_to_2014__test_from_2015,ElasticNet,added_model_vs_strongest_benchmark,0.0025000000000000196,0.7305
M1_Macro_vs_M2_Macro_Oil__primary__Oil_Rent_Intensive_Pre2016_ge15pct,Oil_Rents_GDP_Pct_lag1,primary,Oil_Rent_Intensive_Pre2016_ge15pct,Future_Period,train_to_2014__test_from_2015,ElasticNet,added_model_vs_strongest_benchmark,0.00300000000000002,0.725
M1_Macro_vs_M2_Macro_Oil__primary__Oil_Rent_Intensive_Pre2016_ge15pct,Oil_Rents_GDP_Pct_lag1,primary,Oil_Rent_Intensive_Pre2016_ge15pct,Future_Period,train_to_2014__test_from_2015,ElasticNet,added_model_vs_strongest_benchmark,0.0035000000000000205,0.7225
M1_Macro_vs_M2_Macro_Oil__primary__Oil_Rent_Intensive_Pre2016_ge15pct,Oil_Rents_GDP_Pct_lag1,primary,Oil_Rent_Intensive_Pre2016_ge15pct,Future_Period,train_to_2014__test_from_2015,ElasticNet,added_model_vs_strongest_benchmark,0.004000000000000021,0.7195
M1_Macro_vs_M2_Macro_Oil__primary__Oil_Rent_Intensive_Pre2016_ge15pct,Oil_Rents_GDP_Pct_lag1,primary,Oil_Rent_Intensive_Pre2016_ge15pct,Future_Period,train_to_2014__test_from_2015,ElasticNet,added_model_vs_strongest_benchmark,0.004500000000000021,0.7175
M1_Macro_vs_M2_Macro_Oil__primary__Oil_Rent_Intensive_Pre2016_ge15pct,Oil_Rents_GDP_Pct_lag1,primary,Oil_Rent_Intensive_Pre2016_ge15pct,Future_Period,train_to_2014__test_from_2015,ElasticNet,added_model_vs_strongest_benchmark,0.005000000000000022,0.715
M1_Macro_vs_M2_Macro_Oil__primary__Oil_Rent_Intensive_Pre2016_ge15pct,Oil_Rents_GDP_Pct_lag1,primary,Oil_Rent_Intensive_Pre2016_ge15pct,Future_Period,train_to_2014__test_from_2015,ElasticNet,added_model_vs_strongest_benchmark,0.005500000000000022,0.713
M1_Macro_vs_M2_Macro_Oil__primary__Oil_Rent_Intensive_Pre2016_ge15pct,Oil_Rents_GDP_Pct_lag1,primary,Oil_Rent_Intensive_Pre2016_ge15pct,Future_Period,train_to_2014__test_from_2015,ElasticNet,added_model_vs_strongest_benchmark,0.006000000000000023,0.7115
M1_Macro_vs_M2_Macro_Oil__primary__Oil_Rent_Intensive_Pre2016_ge15pct,Oil_Rents_GDP_Pct_lag1,primary,Oil_Rent_Intensive_Pre2016_ge15pct,Future_Period,train_to_2014__test_from_2015,ElasticNet,added_model_vs_strongest_benchmark,0.006500000000000023,0.7105
M1_Macro_vs_M2_Macro_Oil__primary__Oil_Rent_Intensive_Pre2016_ge15pct,Oil_Rents_GDP_Pct_lag1,primary,Oil_Rent_Intensive_Pre2016_ge15pct,Future_Period,train_to_2014__test_from_2015,ElasticNet,added_model_vs_strongest_benchmark,0.0070000000000000236,0.7075
M1_Macro_vs_M2_Macro_Oil__primary__Oil_Rent_Intensive_Pre2016_ge15pct,Oil_Rents_GDP_Pct_lag1,primary,Oil_Rent_Intensive_Pre2016_ge15pct,Future_Period,train_to_2014__test_from_2015,ElasticNet,added_model_vs_strongest_benchmark,0.007500000000000024,0.705
M1_Macro_vs_M2_Macro_Oil__primary__Oil_Rent_Intensive_Pre2016_ge15pct,Oil_Rents_GDP_Pct_lag1,primary,Oil_Rent_Intensive_Pre2016_ge15pct,Future_Period,train_to_2014__test_from_2015,ElasticNet,added_model_vs_strongest_benchmark,0.008000000000000024,0.704
M1_Macro_vs_M2_Macro_Oil__primary__Oil_Rent_Intensive_Pre2016_ge15pct,Oil_Rents_GDP_Pct_lag1,primary,Oil_Rent_Intensive_Pre2016_ge15pct,Future_Period,train_to_2014__test_from_2015,ElasticNet,added_model_vs_strongest_benchmark,0.008500000000000025,0.7025
M1_Macro_vs_M2_Macro_Oil__primary__Oil_Rent_Intensive_Pre2016_ge15pct,Oil_Rents_GDP_Pct_lag1,primary,Oil_Rent_Intensive_Pre2016_ge15pct,Future_Period,train_to_2014__test_from_2015,ElasticNet,added_model_vs_strongest_benchmark,0.009000000000000025,0.6995
M1_Macro_vs_M2_Macro_Oil__primary__Oil_Rent_Intensive_Pre2016_ge15pct,Oil_Rents_GDP_Pct_lag1,primary,Oil_Rent_Intensive_Pre2016_ge15pct,Future_Period,train_to_2014__test_from_2015,ElasticNet,added_model_vs_strongest_benchmark,0.009500000000000026,0.695
M1_Macro_vs_M2_Macro_Oil__primary__Oil_Rent_Intensive_Pre2016_ge15pct,Oil_Rents_GDP_Pct_lag1,primary,Oil_Rent_Intensive_Pre2016_ge15pct,Future_Period,train_to_2014__test_from_2015,ElasticNet,added_model_vs_strongest_benchmark,0.010000000000000026,0.693
M1_Macro_vs_M2_Macro_Oil__primary__Oil_Rent_Intensive_Pre2016_ge15pct,Oil_Rents_GDP_Pct_lag1,primary,Oil_Rent_Intensive_Pre2016_ge15pct,Future_Period,train_to_2014__test_from_2015,ElasticNet,added_model_vs_strongest_benchmark,0.010500000000000027,0.6915
M1_Macro_vs_M2_Macro_Oil__primary__Oil_Rent_Intensive_Pre2016_ge15pct,Oil_Rents_GDP_Pct_lag1,primary,Oil_Rent_Intensive_Pre2016_ge15pct,Future_Period,train_to_2014__test_from_2015,ElasticNet,added_model_vs_strongest_benchmark,0.011000000000000027,0.689
M1_Macro_vs_M2_Macro_Oil__primary__Oil_Rent_Intensive_Pre2016_ge15pct,Oil_Rents_GDP_Pct_lag1,primary,Oil_Rent_Intensive_Pre2016_ge15pct,Future_Period,train_to_2014__test_from_2015,ElasticNet,added_model_vs_strongest_benchmark,0.011500000000000028,0.6865
M1_Macro_vs_M2_Macro_Oil__primary__Oil_Rent_Intensive_Pre2016_ge15pct,Oil_Rents_GDP_Pct_lag1,primary,Oil_Rent_Intensive_Pre2016_ge15pct,Future_Period,train_to_2014__test_from_2015,ElasticNet,added_model_vs_strongest_benchmark,0.012000000000000028,0.684
M1_Macro_vs_M2_Macro_Oil__primary__Oil_Rent_Intensive_Pre2016_ge15pct,Oil_Rents_GDP_Pct_lag1,primary,Oil_Rent_Intensive_Pre2016_ge15pct,Future_Period,train_to_2014__test_from_2015,ElasticNet,added_model_vs_strongest_benchmark,0.012500000000000028,0.6815
M1_Macro_vs_M2_Macro_Oil__primary__Oil_Rent_Intensive_Pre2016_ge15pct,Oil_Rents_GDP_Pct_lag1,primary,Oil_Rent_Intensive_Pre2016_ge15pct,Future_Period,train_to_2014__test_from_2015,ElasticNet,added_model_vs_strongest_benchmark,0.013000000000000029,0.676
M1_Macro_vs_M2_Macro_Oil__primary__Oil_Rent_Intensive_Pre2016_ge15pct,Oil_Rents_GDP_Pct_lag1,primary,Oil_Rent_Intensive_Pre2016_ge15pct,Future_Period,train_to_2014__test_from_2015,ElasticNet,added_model_vs_strongest_benchmark,0.01350000000000003,0.672
M1_Macro_vs_M2_Macro_Oil__primary__Oil_Rent_Intensive_Pre2016_ge15pct,Oil_Rents_GDP_Pct_lag1,primary,Oil_Rent_Intensive_Pre2016_ge15pct,Future_Period,train_to_2014__test_from_2015,ElasticNet,added_model_vs_strongest_benchmark,0.01400000000000003,0.6705
M1_Macro_vs_M2_Macro_Oil__primary__Oil_Rent_Intensive_Pre2016_ge15pct,Oil_Rents_GDP_Pct_lag1,primary,Oil_Rent_Intensive_Pre2016_ge15pct,Future_Period,train_to_2014__test_from_2015,ElasticNet,added_model_vs_strongest_benchmark,0.01450000000000003,0.6665
M1_Macro_vs_M2_Macro_Oil__primary__Oil_Rent_Intensive_Pre2016_ge15pct,Oil_Rents_GDP_Pct_lag1,primary,Oil_Rent_Intensive_Pre2016_ge15pct,Future_Period,train_to_2014__test_from_2015,ElasticNet,added_model_vs_strongest_benchmark,0.01500000000000003,0.665
M1_Macro_vs_M2_Macro_Oil__primary__Oil_Rent_Intensive_Pre2016_ge15pct,Oil_Rents_GDP_Pct_lag1,primary,Oil_Rent_Intensive_Pre2016_ge15pct,Future_Period,train_to_2014__test_from_2015,ElasticNet,added_model_vs_strongest_benchmark,0.015500000000000031,0.662
M1_Macro_vs_M2_Macro_Oil__primary__Oil_Rent_Intensive_Pre2016_ge15pct,Oil_Rents_GDP_Pct_lag1,primary,Oil_Rent_Intensive_Pre2016_ge15pct,Future_Period,train_to_2014__test_from_2015,ElasticNet,added_model_vs_strongest_benchmark,0.01600000000000003,0.66
M1_Macro_vs_M2_Macro_Oil__primary__Oil_Rent_Intensive_Pre2016_ge15pct,Oil_Rents_GDP_Pct_lag1,primary,Oil_Rent_Intensive_Pre2016_ge15pct,Future_Period,train_to_2014__test_from_2015,ElasticNet,added_model_vs_strongest_benchmark,0.016500000000000032,0.658
M1_Macro_vs_M2_Macro_Oil__primary__Oil_Rent_Intensive_Pre2016_ge15pct,Oil_Rents_GDP_Pct_lag1,primary,Oil_Rent_Intensive_Pre2016_ge15pct,Future_Period,train_to_2014__test_from_2015,ElasticNet,added_model_vs_strongest_benchmark,0.017000000000000032,0.6565
M1_Macro_vs_M2_Macro_Oil__primary__Oil_Rent_Intensive_Pre2016_ge15pct,Oil_Rents_GDP_Pct_lag1,primary,Oil_Rent_Intensive_Pre2016_ge15pct,Future_Period,train_to_2014__test_from_2015,ElasticNet,added_model_vs_strongest_benchmark,0.017500000000000033,0.654
M1_Macro_vs_M2_Macro_Oil__primary__Oil_Rent_Intensive_Pre2016_ge15pct,Oil_Rents_GDP_Pct_lag1,primary,Oil_Rent_Intensive_Pre2016_ge15pct,Future_Period,train_to_2014__test_from_2015,ElasticNet,added_model_vs_strongest_benchmark,0.018000000000000033,0.6515
M1_Macro_vs_M2_Macro_Oil__primary__Oil_Rent_Intensive_Pre2016_ge15pct,Oil_Rents_GDP_Pct_lag1,primary,Oil_Rent_Intensive_Pre2016_ge15pct,Future_Period,train_to_2014__test_from_2015,ElasticNet,added_model_vs_strongest_benchmark,0.018500000000000034,0.6495
M1_Macro_vs_M2_Macro_Oil__primary__Oil_Rent_Intensive_Pre2016_ge15pct,Oil_Rents_GDP_Pct_lag1,primary,Oil_Rent_Intensive_Pre2016_ge15pct,Future_Period,train_to_2014__test_from_2015,ElasticNet,added_model_vs_strongest_benchmark,0.019000000000000034,0.648
M1_Macro_vs_M2_Macro_Oil__primary__Oil_Rent_Intensive_Pre2016_ge15pct,Oil_Rents_GDP_Pct_lag1,primary,Oil_Rent_Intensive_Pre2016_ge15pct,Future_Period,train_to_2014__test_from_2015,ElasticNet,added_model_vs_strongest_benchmark,0.019500000000000035,0.646
M1_Macro_vs_M2_Macro_Oil__primary__Oil_Rent_Intensive_Pre2016_ge15pct,Oil_Rents_GDP_Pct_lag1,primary,Oil_Rent_Intensive_Pre2016_ge15pct,Future_Period,train_to_2014__test_from_2015,ElasticNet,added_model_vs_strongest_benchmark,0.020000000000000035,0.645
M1_Macro_vs_M2_Macro_Oil__primary__Oil_Rent_Intensive_Pre2016_ge15pct,Oil_Rents_GDP_Pct_lag1,primary,Oil_Rent_Intensive_Pre2016_ge15pct,Future_Period,train_to_2014__test_from_2015,ElasticNet,added_model_vs_strongest_benchmark,0.020500000000000036,0.6435
M1_Macro_vs_M2_Macro_Oil__primary__Oil_Rent_Intensive_Pre2016_ge15pct,Oil_Rents_GDP_Pct_lag1,primary,Oil_Rent_Intensive_Pre2016_ge15pct,Future_Period,train_to_2014__test_from_2015,ElasticNet,added_model_vs_strongest_benchmark,0.021000000000000036,0.6415
M1_Macro_vs_M2_Macro_Oil__primary__Oil_Rent_Intensive_Pre2016_ge15pct,Oil_Rents_GDP_Pct_lag1,primary,Oil_Rent_Intensive_Pre2016_ge15pct,Future_Period,train_to_2014__test_from_2015,ElasticNet,added_model_vs_strongest_benchmark,0.021500000000000036,0.6395
M1_Macro_vs_M2_Macro_Oil__primary__Oil_Rent_Intensive_Pre2016_ge15pct,Oil_Rents_GDP_Pct_lag1,primary,Oil_Rent_Intensive_Pre2016_ge15pct,Future_Period,train_to_2014__test_from_2015,ElasticNet,added_model_vs_strongest_benchmark,0.022000000000000037,0.6385
M1_Macro_vs_M2_Macro_Oil__primary__Oil_Rent_Intensive_Pre2016_ge15pct,Oil_Rents_GDP_Pct_lag1,primary,Oil_Rent_Intensive_Pre2016_ge15pct,Future_Period,train_to_2014__test_from_2015,ElasticNet,added_model_vs_strongest_benchmark,0.022500000000000037,0.6375
M1_Macro_vs_M2_Macro_Oil__primary__Oil_Rent_Intensive_Pre2016_ge15pct,Oil_Rents_GDP_Pct_lag1,primary,Oil_Rent_Intensive_Pre2016_ge15pct,Future_Period,train_to_2014__test_from_2015,ElasticNet,added_model_vs_strongest_benchmark,0.023000000000000038,0.6365
M1_Macro_vs_M2_Macro_Oil__primary__Oil_Rent_Intensive_Pre2016_ge15pct,Oil_Rents_GDP_Pct_lag1,primary,Oil_Rent_Intensive_Pre2016_ge15pct,Future_Period,train_to_2014__test_from_2015,ElasticNet,added_model_vs_strongest_benchmark,0.023500000000000038,0.6355
M1_Macro_vs_M2_Macro_Oil__primary__Oil_Rent_Intensive_Pre2016_ge15pct,Oil_Rents_GDP_Pct_lag1,primary,Oil_Rent_Intensive_Pre2016_ge15pct,Future_Period,train_to_2014__test_from_2015,ElasticNet,added_model_vs_strongest_benchmark,0.02400000000000004,0.6325
M1_Macro_vs_M2_Macro_Oil__primary__Oil_Rent_Intensive_Pre2016_ge15pct,Oil_Rents_GDP_Pct_lag1,primary,Oil_Rent_Intensive_Pre2016_ge15pct,Future_Period,train_to_2014__test_from_2015,ElasticNet,added_model_vs_strongest_benchmark,0.02450000000000004,0.63
M1_Macro_vs_M2_Macro_Oil__primary__Oil_Rent_Intensive_Pre2016_ge15pct,Oil_Rents_GDP_Pct_lag1,primary,Oil_Rent_Intensive_Pre2016_ge15pct,Future_Period,train_to_2014__test_from_2015,ElasticNet,added_model_vs_strongest_benchmark,0.02500000000000004,0.6285
M1_Macro_vs_M2_Macro_Oil__primary__Oil_Rent_Intensive_Pre2016_ge15pct,Oil_Rents_GDP_Pct_lag1,primary,Oil_Rent_Intensive_Pre2016_ge15pct,Future_Period,train_to_2014__test_from_2015,ElasticNet,added_model_vs_strongest_benchmark,0.02550000000000004,0.628
M1_Macro_vs_M2_Macro_Oil__primary__Oil_Rent_Intensive_Pre2016_ge15pct,Oil_Rents_GDP_Pct_lag1,primary,Oil_Rent_Intensive_Pre2016_ge15pct,Future_Period,train_to_2014__test_from_2015,ElasticNet,added_model_vs_strongest_benchmark,0.02600000000000004,0.6275
M1_Macro_vs_M2_Macro_Oil__primary__Oil_Rent_Intensive_Pre2016_ge15pct,Oil_Rents_GDP_Pct_lag1,primary,Oil_Rent_Intensive_Pre2016_ge15pct,Future_Period,train_to_2014__test_from_2015,ElasticNet,added_model_vs_strongest_benchmark,0.02650000000000004,0.6245
M1_Macro_vs_M2_Macro_Oil__primary__Oil_Rent_Intensive_Pre2016_ge15pct,Oil_Rents_GDP_Pct_lag1,primary,Oil_Rent_Intensive_Pre2016_ge15pct,Future_Period,train_to_2014__test_from_2015,ElasticNet,added_model_vs_strongest_benchmark,0.02700000000000004,0.6195
M1_Macro_vs_M2_Macro_Oil__primary__Oil_Rent_Intensive_Pre2016_ge15pct,Oil_Rents_GDP_Pct_lag1,primary,Oil_Rent_Intensive_Pre2016_ge15pct,Future_Period,train_to_2014__test_from_2015,ElasticNet,added_model_vs_strongest_benchmark,0.027500000000000042,0.619
M1_Macro_vs_M2_Macro_Oil__primary__Oil_Rent_Intensive_Pre2016_ge15pct,Oil_Rents_GDP_Pct_lag1,primary,Oil_Rent_Intensive_Pre2016_ge15pct,Future_Period,train_to_2014__test_from_2015,ElasticNet,added_model_vs_strongest_benchmark,0.028000000000000042,0.618
M1_Macro_vs_M2_Macro_Oil__primary__Oil_Rent_Intensive_Pre2016_ge15pct,Oil_Rents_GDP_Pct_lag1,primary,Oil_Rent_Intensive_Pre2016_ge15pct,Future_Period,train_to_2014__test_from_2015,ElasticNet,added_model_vs_strongest_benchmark,0.028500000000000043,0.6155
M1_Macro_vs_M2_Macro_Oil__primary__Oil_Rent_Intensive_Pre2016_ge15pct,Oil_Rents_GDP_Pct_lag1,primary,Oil_Rent_Intensive_Pre2016_ge15pct,Future_Period,train_to_2014__test_from_2015,ElasticNet,added_model_vs_strongest_benchmark,0.029000000000000043,0.613
M1_Macro_vs_M2_Macro_Oil__primary__Oil_Rent_Intensive_Pre2016_ge15pct,Oil_Rents_GDP_Pct_lag1,primary,Oil_Rent_Intensive_Pre2016_ge15pct,Future_Period,train_to_2014__test_from_2015,ElasticNet,added_model_vs_strongest_benchmark,0.029500000000000044,0.6105
M1_Macro_vs_M2_Macro_Oil__primary__Oil_Rent_Intensive_Pre2016_ge15pct,Oil_Rents_GDP_Pct_lag1,primary,Oil_Rent_Intensive_Pre2016_ge15pct,Future_Period,train_to_2014__test_from_2015,ElasticNet,added_model_vs_strongest_benchmark,0.030000000000000044,0.6095
M1_Macro_vs_M2_Macro_Oil__primary__Oil_Rent_Intensive_Pre2016_ge15pct,Oil_Rents_GDP_Pct_lag1,primary,Oil_Rent_Intensive_Pre2016_ge15pct,Future_Period,train_to_2014__test_from_2015,RandomForest,signal_increment,-0.02,0.9875
M1_Macro_vs_M2_Macro_Oil__primary__Oil_Rent_Intensive_Pre2016_ge15pct,Oil_Rents_GDP_Pct_lag1,primary,Oil_Rent_Intensive_Pre2016_ge15pct,Future_Period,train_to_2014__test_from_2015,RandomForest,signal_increment,-0.0195,0.9875
M1_Macro_vs_M2_Macro_Oil__primary__Oil_Rent_Intensive_Pre2016_ge15pct,Oil_Rents_GDP_Pct_lag1,primary,Oil_Rent_Intensive_Pre2016_ge15pct,Future_Period,train_to_2014__test_from_2015,RandomForest,signal_increment,-0.019,0.986
M1_Macro_vs_M2_Macro_Oil__primary__Oil_Rent_Intensive_Pre2016_ge15pct,Oil_Rents_GDP_Pct_lag1,primary,Oil_Rent_Intensive_Pre2016_ge15pct,Future_Period,train_to_2014__test_from_2015,RandomForest,signal_increment,-0.0185,0.985
M1_Macro_vs_M2_Macro_Oil__primary__Oil_Rent_Intensive_Pre2016_ge15pct,Oil_Rents_GDP_Pct_lag1,primary,Oil_Rent_Intensive_Pre2016_ge15pct,Future_Period,train_to_2014__test_from_2015,RandomForest,signal_increment,-0.018,0.985
M1_Macro_vs_M2_Macro_Oil__primary__Oil_Rent_Intensive_Pre2016_ge15pct,Oil_Rents_GDP_Pct_lag1,primary,Oil_Rent_Intensive_Pre2016_ge15pct,Future_Period,train_to_2014__test_from_2015,RandomForest,signal_increment,-0.017499999999999998,0.9835
M1_Macro_vs_M2_Macro_Oil__primary__Oil_Rent_Intensive_Pre2016_ge15pct,Oil_Rents_GDP_Pct_lag1,primary,Oil_Rent_Intensive_Pre2016_ge15pct,Future_Period,train_to_2014__test_from_2015,RandomForest,signal_increment,-0.016999999999999998,0.9815
M1_Macro_vs_M2_Macro_Oil__primary__Oil_Rent_Intensive_Pre2016_ge15pct,Oil_Rents_GDP_Pct_lag1,primary,Oil_Rent_Intensive_Pre2016_ge15pct,Future_Period,train_to_2014__test_from_2015,RandomForest,signal_increment,-0.016499999999999997,0.981
M1_Macro_vs_M2_Macro_Oil__primary__Oil_Rent_Intensive_Pre2016_ge15pct,Oil_Rents_GDP_Pct_lag1,primary,Oil_Rent_Intensive_Pre2016_ge15pct,Future_Period,train_to_2014__test_from_2015,RandomForest,signal_increment,-0.015999999999999997,0.9785
M1_Macro_vs_M2_Macro_Oil__primary__Oil_Rent_Intensive_Pre2016_ge15pct,Oil_Rents_GDP_Pct_lag1,primary,Oil_Rent_Intensive_Pre2016_ge15pct,Future_Period,train_to_2014__test_from_2015,RandomForest,signal_increment,-0.015499999999999996,0.977
M1_Macro_vs_M2_Macro_Oil__primary__Oil_Rent_Intensive_Pre2016_ge15pct,Oil_Rents_GDP_Pct_lag1,primary,Oil_Rent_Intensive_Pre2016_ge15pct,Future_Period,train_to_2014__test_from_2015,RandomForest,signal_increment,-0.014999999999999996,0.972
M1_Macro_vs_M2_Macro_Oil__primary__Oil_Rent_Intensive_Pre2016_ge15pct,Oil_Rents_GDP_Pct_lag1,primary,Oil_Rent_Intensive_Pre2016_ge15pct,Future_Period,train_to_2014__test_from_2015,RandomForest,signal_increment,-0.014499999999999996,0.9695
M1_Macro_vs_M2_Macro_Oil__primary__Oil_Rent_Intensive_Pre2016_ge15pct,Oil_Rents_GDP_Pct_lag1,primary,Oil_Rent_Intensive_Pre2016_ge15pct,Future_Period,train_to_2014__test_from_2015,RandomForest,signal_increment,-0.013999999999999995,0.968
M1_Macro_vs_M2_Macro_Oil__primary__Oil_Rent_Intensive_Pre2016_ge15pct,Oil_Rents_GDP_Pct_lag1,primary,Oil_Rent_Intensive_Pre2016_ge15pct,Future_Period,train_to_2014__test_from_2015,RandomForest,signal_increment,-0.013499999999999995,0.967
M1_Macro_vs_M2_Macro_Oil__primary__Oil_Rent_Intensive_Pre2016_ge15pct,Oil_Rents_GDP_Pct_lag1,primary,Oil_Rent_Intensive_Pre2016_ge15pct,Future_Period,train_to_2014__test_from_2015,RandomForest,signal_increment,-0.012999999999999994,0.9645
M1_Macro_vs_M2_Macro_Oil__primary__Oil_Rent_Intensive_Pre2016_ge15pct,Oil_Rents_GDP_Pct_lag1,primary,Oil_Rent_Intensive_Pre2016_ge15pct,Future_Period,train_to_2014__test_from_2015,RandomForest,signal_increment,-0.012499999999999994,0.9625
M1_Macro_vs_M2_Macro_Oil__primary__Oil_Rent_Intensive_Pre2016_ge15pct,Oil_Rents_GDP_Pct_lag1,primary,Oil_Rent_Intensive_Pre2016_ge15pct,Future_Period,train_to_2014__test_from_2015,RandomForest,signal_increment,-0.011999999999999993,0.961
M1_Macro_vs_M2_Macro_Oil__primary__Oil_Rent_Intensive_Pre2016_ge15pct,Oil_Rents_GDP_Pct_lag1,primary,Oil_Rent_Intensive_Pre2016_ge15pct,Future_Period,train_to_2014__test_from_2015,RandomForest,signal_increment,-0.011499999999999993,0.9565
M1_Macro_vs_M2_Macro_Oil__primary__Oil_Rent_Intensive_Pre2016_ge15pct,Oil_Rents_GDP_Pct_lag1,primary,Oil_Rent_Intensive_Pre2016_ge15pct,Future_Period,train_to_2014__test_from_2015,RandomForest,signal_increment,-0.010999999999999992,0.9545
M1_Macro_vs_M2_Macro_Oil__primary__Oil_Rent_Intensive_Pre2016_ge15pct,Oil_Rents_GDP_Pct_lag1,primary,Oil_Rent_Intensive_Pre2016_ge15pct,Future_Period,train_to_2014__test_from_2015,RandomForest,signal_increment,-0.010499999999999992,0.9495
M1_Macro_vs_M2_Macro_Oil__primary__Oil_Rent_Intensive_Pre2016_ge15pct,Oil_Rents_GDP_Pct_lag1,primary,Oil_Rent_Intensive_Pre2016_ge15pct,Future_Period,train_to_2014__test_from_2015,RandomForest,signal_increment,-0.009999999999999992,0.9465
M1_Macro_vs_M2_Macro_Oil__primary__Oil_Rent_Intensive_Pre2016_ge15pct,Oil_Rents_GDP_Pct_lag1,primary,Oil_Rent_Intensive_Pre2016_ge15pct,Future_Period,train_to_2014__test_from_2015,RandomForest,signal_increment,-0.009499999999999991,0.9435
M1_Macro_vs_M2_Macro_Oil__primary__Oil_Rent_Intensive_Pre2016_ge15pct,Oil_Rents_GDP_Pct_lag1,primary,Oil_Rent_Intensive_Pre2016_ge15pct,Future_Period,train_to_2014__test_from_2015,RandomForest,signal_increment,-0.00899999999999999,0.941
M1_Macro_vs_M2_Macro_Oil__primary__Oil_Rent_Intensive_Pre2016_ge15pct,Oil_Rents_GDP_Pct_lag1,primary,Oil_Rent_Intensive_Pre2016_ge15pct,Future_Period,train_to_2014__test_from_2015,RandomForest,signal_increment,-0.00849999999999999,0.937
M1_Macro_vs_M2_Macro_Oil__primary__Oil_Rent_Intensive_Pre2016_ge15pct,Oil_Rents_GDP_Pct_lag1,primary,Oil_Rent_Intensive_Pre2016_ge15pct,Future_Period,train_to_2014__test_from_2015,RandomForest,signal_increment,-0.00799999999999999,0.932
M1_Macro_vs_M2_Macro_Oil__primary__Oil_Rent_Intensive_Pre2016_ge15pct,Oil_Rents_GDP_Pct_lag1,primary,Oil_Rent_Intensive_Pre2016_ge15pct,Future_Period,train_to_2014__test_from_2015,RandomForest,signal_increment,-0.007499999999999989,0.9265
M1_Macro_vs_M2_Macro_Oil__primary__Oil_Rent_Intensive_Pre2016_ge15pct,Oil_Rents_GDP_Pct_lag1,primary,Oil_Rent_Intensive_Pre2016_ge15pct,Future_Period,train_to_2014__test_from_2015,RandomForest,signal_increment,-0.006999999999999989,0.9195
M1_Macro_vs_M2_Macro_Oil__primary__Oil_Rent_Intensive_Pre2016_ge15pct,Oil_Rents_GDP_Pct_lag1,primary,Oil_Rent_Intensive_Pre2016_ge15pct,Future_Period,train_to_2014__test_from_2015,RandomForest,signal_increment,-0.006499999999999988,0.916
M1_Macro_vs_M2_Macro_Oil__primary__Oil_Rent_Intensive_Pre2016_ge15pct,Oil_Rents_GDP_Pct_lag1,primary,Oil_Rent_Intensive_Pre2016_ge15pct,Future_Period,train_to_2014__test_from_2015,RandomForest,signal_increment,-0.005999999999999988,0.91
M1_Macro_vs_M2_Macro_Oil__primary__Oil_Rent_Intensive_Pre2016_ge15pct,Oil_Rents_GDP_Pct_lag1,primary,Oil_Rent_Intensive_Pre2016_ge15pct,Future_Period,train_to_2014__test_from_2015,RandomForest,signal_increment,-0.0054999999999999875,0.9045
M1_Macro_vs_M2_Macro_Oil__primary__Oil_Rent_Intensive_Pre2016_ge15pct,Oil_Rents_GDP_Pct_lag1,primary,Oil_Rent_Intensive_Pre2016_ge15pct,Future_Period,train_to_2014__test_from_2015,RandomForest,signal_increment,-0.004999999999999987,0.8985
M1_Macro_vs_M2_Macro_Oil__primary__Oil_Rent_Intensive_Pre2016_ge15pct,Oil_Rents_GDP_Pct_lag1,primary,Oil_Rent_Intensive_Pre2016_ge15pct,Future_Period,train_to_2014__test_from_2015,RandomForest,signal_increment,-0.004499999999999987,0.8955
M1_Macro_vs_M2_Macro_Oil__primary__Oil_Rent_Intensive_Pre2016_ge15pct,Oil_Rents_GDP_Pct_lag1,primary,Oil_Rent_Intensive_Pre2016_ge15pct,Future_Period,train_to_2014__test_from_2015,RandomForest,signal_increment,-0.003999999999999986,0.888
M1_Macro_vs_M2_Macro_Oil__primary__Oil_Rent_Intensive_Pre2016_ge15pct,Oil_Rents_GDP_Pct_lag1,primary,Oil_Rent_Intensive_Pre2016_ge15pct,Future_Period,train_to_2014__test_from_2015,RandomForest,signal_increment,-0.0034999999999999858,0.883
M1_Macro_vs_M2_Macro_Oil__primary__Oil_Rent_Intensive_Pre2016_ge15pct,Oil_Rents_GDP_Pct_lag1,primary,Oil_Rent_Intensive_Pre2016_ge15pct,Future_Period,train_to_2014__test_from_2015,RandomForest,signal_increment,-0.0029999999999999853,0.877
M1_Macro_vs_M2_Macro_Oil__primary__Oil_Rent_Intensive_Pre2016_ge15pct,Oil_Rents_GDP_Pct_lag1,primary,Oil_Rent_Intensive_Pre2016_ge15pct,Future_Period,train_to_2014__test_from_2015,RandomForest,signal_increment,-0.002499999999999985,0.8735
M1_Macro_vs_M2_Macro_Oil__primary__Oil_Rent_Intensive_Pre2016_ge15pct,Oil_Rents_GDP_Pct_lag1,primary,Oil_Rent_Intensive_Pre2016_ge15pct,Future_Period,train_to_2014__test_from_2015,RandomForest,signal_increment,-0.0019999999999999844,0.8675
M1_Macro_vs_M2_Macro_Oil__primary__Oil_Rent_Intensive_Pre2016_ge15pct,Oil_Rents_GDP_Pct_lag1,primary,Oil_Rent_Intensive_Pre2016_ge15pct,Future_Period,train_to_2014__test_from_2015,RandomForest,signal_increment,-0.001499999999999984,0.861
M1_Macro_vs_M2_Macro_Oil__primary__Oil_Rent_Intensive_Pre2016_ge15pct,Oil_Rents_GDP_Pct_lag1,primary,Oil_Rent_Intensive_Pre2016_ge15pct,Future_Period,train_to_2014__test_from_2015,RandomForest,signal_increment,-0.0009999999999999835,0.856
M1_Macro_vs_M2_Macro_Oil__primary__Oil_Rent_Intensive_Pre2016_ge15pct,Oil_Rents_GDP_Pct_lag1,primary,Oil_Rent_Intensive_Pre2016_ge15pct,Future_Period,train_to_2014__test_from_2015,RandomForest,signal_increment,-0.0004999999999999831,0.8455
M1_Macro_vs_M2_Macro_Oil__primary__Oil_Rent_Intensive_Pre2016_ge15pct,Oil_Rents_GDP_Pct_lag1,primary,Oil_Rent_Intensive_Pre2016_ge15pct,Future_Period,train_to_2014__test_from_2015,RandomForest,signal_increment,1.734723475976807e-17,0.8325
M1_Macro_vs_M2_Macro_Oil__primary__Oil_Rent_Intensive_Pre2016_ge15pct,Oil_Rents_GDP_Pct_lag1,primary,Oil_Rent_Intensive_Pre2016_ge15pct,Future_Period,train_to_2014__test_from_2015,RandomForest,signal_increment,0.0005000000000000178,0.825
M1_Macro_vs_M2_Macro_Oil__primary__Oil_Rent_Intensive_Pre2016_ge15pct,Oil_Rents_GDP_Pct_lag1,primary,Oil_Rent_Intensive_Pre2016_ge15pct,Future_Period,train_to_2014__test_from_2015,RandomForest,signal_increment,0.0010000000000000182,0.816
M1_Macro_vs_M2_Macro_Oil__primary__Oil_Rent_Intensive_Pre2016_ge15pct,Oil_Rents_GDP_Pct_lag1,primary,Oil_Rent_Intensive_Pre2016_ge15pct,Future_Period,train_to_2014__test_from_2015,RandomForest,signal_increment,0.0015000000000000187,0.805
M1_Macro_vs_M2_Macro_Oil__primary__Oil_Rent_Intensive_Pre2016_ge15pct,Oil_Rents_GDP_Pct_lag1,primary,Oil_Rent_Intensive_Pre2016_ge15pct,Future_Period,train_to_2014__test_from_2015,RandomForest,signal_increment,0.002000000000000019,0.801
M1_Macro_vs_M2_Macro_Oil__primary__Oil_Rent_Intensive_Pre2016_ge15pct,Oil_Rents_GDP_Pct_lag1,primary,Oil_Rent_Intensive_Pre2016_ge15pct,Future_Period,train_to_2014__test_from_2015,RandomForest,signal_increment,0.0025000000000000196,0.7895
M1_Macro_vs_M2_Macro_Oil__primary__Oil_Rent_Intensive_Pre2016_ge15pct,Oil_Rents_GDP_Pct_lag1,primary,Oil_Rent_Intensive_Pre2016_ge15pct,Future_Period,train_to_2014__test_from_2015,RandomForest,signal_increment,0.00300000000000002,0.7765
M1_Macro_vs_M2_Macro_Oil__primary__Oil_Rent_Intensive_Pre2016_ge15pct,Oil_Rents_GDP_Pct_lag1,primary,Oil_Rent_Intensive_Pre2016_ge15pct,Future_Period,train_to_2014__test_from_2015,RandomForest,signal_increment,0.0035000000000000205,0.77
M1_Macro_vs_M2_Macro_Oil__primary__Oil_Rent_Intensive_Pre2016_ge15pct,Oil_Rents_GDP_Pct_lag1,primary,Oil_Rent_Intensive_Pre2016_ge15pct,Future_Period,train_to_2014__test_from_2015,RandomForest,signal_increment,0.004000000000000021,0.761
M1_Macro_vs_M2_Macro_Oil__primary__Oil_Rent_Intensive_Pre2016_ge15pct,Oil_Rents_GDP_Pct_lag1,primary,Oil_Rent_Intensive_Pre2016_ge15pct,Future_Period,train_to_2014__test_from_2015,RandomForest,signal_increment,0.004500000000000021,0.749
M1_Macro_vs_M2_Macro_Oil__primary__Oil_Rent_Intensive_Pre2016_ge15pct,Oil_Rents_GDP_Pct_lag1,primary,Oil_Rent_Intensive_Pre2016_ge15pct,Future_Period,train_to_2014__test_from_2015,RandomForest,signal_increment,0.005000000000000022,0.742
M1_Macro_vs_M2_Macro_Oil__primary__Oil_Rent_Intensive_Pre2016_ge15pct,Oil_Rents_GDP_Pct_lag1,primary,Oil_Rent_Intensive_Pre2016_ge15pct,Future_Period,train_to_2014__test_from_2015,RandomForest,signal_increment,0.005500000000000022,0.731
M1_Macro_vs_M2_Macro_Oil__primary__Oil_Rent_Intensive_Pre2016_ge15pct,Oil_Rents_GDP_Pct_lag1,primary,Oil_Rent_Intensive_Pre2016_ge15pct,Future_Period,train_to_2014__test_from_2015,RandomForest,signal_increment,0.006000000000000023,0.718
M1_Macro_vs_M2_Macro_Oil__primary__Oil_Rent_Intensive_Pre2016_ge15pct,Oil_Rents_GDP_Pct_lag1,primary,Oil_Rent_Intensive_Pre2016_ge15pct,Future_Period,train_to_2014__test_from_2015,RandomForest,signal_increment,0.006500000000000023,0.711
M1_Macro_vs_M2_Macro_Oil__primary__Oil_Rent_Intensive_Pre2016_ge15pct,Oil_Rents_GDP_Pct_lag1,primary,Oil_Rent_Intensive_Pre2016_ge15pct,Future_Period,train_to_2014__test_from_2015,RandomForest,signal_increment,0.0070000000000000236,0.7025
M1_Macro_vs_M2_Macro_Oil__primary__Oil_Rent_Intensive_Pre2016_ge15pct,Oil_Rents_GDP_Pct_lag1,primary,Oil_Rent_Intensive_Pre2016_ge15pct,Future_Period,train_to_2014__test_from_2015,RandomForest,signal_increment,0.007500000000000024,0.69
M1_Macro_vs_M2_Macro_Oil__primary__Oil_Rent_Intensive_Pre2016_ge15pct,Oil_Rents_GDP_Pct_lag1,primary,Oil_Rent_Intensive_Pre2016_ge15pct,Future_Period,train_to_2014__test_from_2015,RandomForest,signal_increment,0.008000000000000024,0.6775
M1_Macro_vs_M2_Macro_Oil__primary__Oil_Rent_Intensive_Pre2016_ge15pct,Oil_Rents_GDP_Pct_lag1,primary,Oil_Rent_Intensive_Pre2016_ge15pct,Future_Period,train_to_2014__test_from_2015,RandomForest,signal_increment,0.008500000000000025,0.6645
M1_Macro_vs_M2_Macro_Oil__primary__Oil_Rent_Intensive_Pre2016_ge15pct,Oil_Rents_GDP_Pct_lag1,primary,Oil_Rent_Intensive_Pre2016_ge15pct,Future_Period,train_to_2014__test_from_2015,RandomForest,signal_increment,0.009000000000000025,0.658
M1_Macro_vs_M2_Macro_Oil__primary__Oil_Rent_Intensive_Pre2016_ge15pct,Oil_Rents_GDP_Pct_lag1,primary,Oil_Rent_Intensive_Pre2016_ge15pct,Future_Period,train_to_2014__test_from_2015,RandomForest,signal_increment,0.009500000000000026,0.644
M1_Macro_vs_M2_Macro_Oil__primary__Oil_Rent_Intensive_Pre2016_ge15pct,Oil_Rents_GDP_Pct_lag1,primary,Oil_Rent_Intensive_Pre2016_ge15pct,Future_Period,train_to_2014__test_from_2015,RandomForest,signal_increment,0.010000000000000026,0.631
M1_Macro_vs_M2_Macro_Oil__primary__Oil_Rent_Intensive_Pre2016_ge15pct,Oil_Rents_GDP_Pct_lag1,primary,Oil_Rent_Intensive_Pre2016_ge15pct,Future_Period,train_to_2014__test_from_2015,RandomForest,signal_increment,0.010500000000000027,0.619
M1_Macro_vs_M2_Macro_Oil__primary__Oil_Rent_Intensive_Pre2016_ge15pct,Oil_Rents_GDP_Pct_lag1,primary,Oil_Rent_Intensive_Pre2016_ge15pct,Future_Period,train_to_2014__test_from_2015,RandomForest,signal_increment,0.011000000000000027,0.6055
M1_Macro_vs_M2_Macro_Oil__primary__Oil_Rent_Intensive_Pre2016_ge15pct,Oil_Rents_GDP_Pct_lag1,primary,Oil_Rent_Intensive_Pre2016_ge15pct,Future_Period,train_to_2014__test_from_2015,RandomForest,signal_increment,0.011500000000000028,0.592
M1_Macro_vs_M2_Macro_Oil__primary__Oil_Rent_Intensive_Pre2016_ge15pct,Oil_Rents_GDP_Pct_lag1,primary,Oil_Rent_Intensive_Pre2016_ge15pct,Future_Period,train_to_2014__test_from_2015,RandomForest,signal_increment,0.012000000000000028,0.584
M1_Macro_vs_M2_Macro_Oil__primary__Oil_Rent_Intensive_Pre2016_ge15pct,Oil_Rents_GDP_Pct_lag1,primary,Oil_Rent_Intensive_Pre2016_ge15pct,Future_Period,train_to_2014__test_from_2015,RandomForest,signal_increment,0.012500000000000028,0.573
M1_Macro_vs_M2_Macro_Oil__primary__Oil_Rent_Intensive_Pre2016_ge15pct,Oil_Rents_GDP_Pct_lag1,primary,Oil_Rent_Intensive_Pre2016_ge15pct,Future_Period,train_to_2014__test_from_2015,RandomForest,signal_increment,0.013000000000000029,0.557
M1_Macro_vs_M2_Macro_Oil__primary__Oil_Rent_Intensive_Pre2016_ge15pct,Oil_Rents_GDP_Pct_lag1,primary,Oil_Rent_Intensive_Pre2016_ge15pct,Future_Period,train_to_2014__test_from_2015,RandomForest,signal_increment,0.01350000000000003,0.5485
M1_Macro_vs_M2_Macro_Oil__primary__Oil_Rent_Intensive_Pre2016_ge15pct,Oil_Rents_GDP_Pct_lag1,primary,Oil_Rent_Intensive_Pre2016_ge15pct,Future_Period,train_to_2014__test_from_2015,RandomForest,signal_increment,0.01400000000000003,0.532
M1_Macro_vs_M2_Macro_Oil__primary__Oil_Rent_Intensive_Pre2016_ge15pct,Oil_Rents_GDP_Pct_lag1,primary,Oil_Rent_Intensive_Pre2016_ge15pct,Future_Period,train_to_2014__test_from_2015,RandomForest,signal_increment,0.01450000000000003,0.519
M1_Macro_vs_M2_Macro_Oil__primary__Oil_Rent_Intensive_Pre2016_ge15pct,Oil_Rents_GDP_Pct_lag1,primary,Oil_Rent_Intensive_Pre2016_ge15pct,Future_Period,train_to_2014__test_from_2015,RandomForest,signal_increment,0.01500000000000003,0.5075
M1_Macro_vs_M2_Macro_Oil__primary__Oil_Rent_Intensive_Pre2016_ge15pct,Oil_Rents_GDP_Pct_lag1,primary,Oil_Rent_Intensive_Pre2016_ge15pct,Future_Period,train_to_2014__test_from_2015,RandomForest,signal_increment,0.015500000000000031,0.4945
M1_Macro_vs_M2_Macro_Oil__primary__Oil_Rent_Intensive_Pre2016_ge15pct,Oil_Rents_GDP_Pct_lag1,primary,Oil_Rent_Intensive_Pre2016_ge15pct,Future_Period,train_to_2014__test_from_2015,RandomForest,signal_increment,0.01600000000000003,0.479
M1_Macro_vs_M2_Macro_Oil__primary__Oil_Rent_Intensive_Pre2016_ge15pct,Oil_Rents_GDP_Pct_lag1,primary,Oil_Rent_Intensive_Pre2016_ge15pct,Future_Period,train_to_2014__test_from_2015,RandomForest,signal_increment,0.016500000000000032,0.4675
M1_Macro_vs_M2_Macro_Oil__primary__Oil_Rent_Intensive_Pre2016_ge15pct,Oil_Rents_GDP_Pct_lag1,primary,Oil_Rent_Intensive_Pre2016_ge15pct,Future_Period,train_to_2014__test_from_2015,RandomForest,signal_increment,0.017000000000000032,0.456
M1_Macro_vs_M2_Macro_Oil__primary__Oil_Rent_Intensive_Pre2016_ge15pct,Oil_Rents_GDP_Pct_lag1,primary,Oil_Rent_Intensive_Pre2016_ge15pct,Future_Period,train_to_2014__test_from_2015,RandomForest,signal_increment,0.017500000000000033,0.44
M1_Macro_vs_M2_Macro_Oil__primary__Oil_Rent_Intensive_Pre2016_ge15pct,Oil_Rents_GDP_Pct_lag1,primary,Oil_Rent_Intensive_Pre2016_ge15pct,Future_Period,train_to_2014__test_from_2015,RandomForest,signal_increment,0.018000000000000033,0.426
M1_Macro_vs_M2_Macro_Oil__primary__Oil_Rent_Intensive_Pre2016_ge15pct,Oil_Rents_GDP_Pct_lag1,primary,Oil_Rent_Intensive_Pre2016_ge15pct,Future_Period,train_to_2014__test_from_2015,RandomForest,signal_increment,0.018500000000000034,0.41
M1_Macro_vs_M2_Macro_Oil__primary__Oil_Rent_Intensive_Pre2016_ge15pct,Oil_Rents_GDP_Pct_lag1,primary,Oil_Rent_Intensive_Pre2016_ge15pct,Future_Period,train_to_2014__test_from_2015,RandomForest,signal_increment,0.019000000000000034,0.401
M1_Macro_vs_M2_Macro_Oil__primary__Oil_Rent_Intensive_Pre2016_ge15pct,Oil_Rents_GDP_Pct_lag1,primary,Oil_Rent_Intensive_Pre2016_ge15pct,Future_Period,train_to_2014__test_from_2015,RandomForest,signal_increment,0.019500000000000035,0.386
M1_Macro_vs_M2_Macro_Oil__primary__Oil_Rent_Intensive_Pre2016_ge15pct,Oil_Rents_GDP_Pct_lag1,primary,Oil_Rent_Intensive_Pre2016_ge15pct,Future_Period,train_to_2014__test_from_2015,RandomForest,signal_increment,0.020000000000000035,0.3745
M1_Macro_vs_M2_Macro_Oil__primary__Oil_Rent_Intensive_Pre2016_ge15pct,Oil_Rents_GDP_Pct_lag1,primary,Oil_Rent_Intensive_Pre2016_ge15pct,Future_Period,train_to_2014__test_from_2015,RandomForest,signal_increment,0.020500000000000036,0.36
M1_Macro_vs_M2_Macro_Oil__primary__Oil_Rent_Intensive_Pre2016_ge15pct,Oil_Rents_GDP_Pct_lag1,primary,Oil_Rent_Intensive_Pre2016_ge15pct,Future_Period,train_to_2014__test_from_2015,RandomForest,signal_increment,0.021000000000000036,0.344
M1_Macro_vs_M2_Macro_Oil__primary__Oil_Rent_Intensive_Pre2016_ge15pct,Oil_Rents_GDP_Pct_lag1,primary,Oil_Rent_Intensive_Pre2016_ge15pct,Future_Period,train_to_2014__test_from_2015,RandomForest,signal_increment,0.021500000000000036,0.3315
M1_Macro_vs_M2_Macro_Oil__primary__Oil_Rent_Intensive_Pre2016_ge15pct,Oil_Rents_GDP_Pct_lag1,primary,Oil_Rent_Intensive_Pre2016_ge15pct,Future_Period,train_to_2014__test_from_2015,RandomForest,signal_increment,0.022000000000000037,0.3165
M1_Macro_vs_M2_Macro_Oil__primary__Oil_Rent_Intensive_Pre2016_ge15pct,Oil_Rents_GDP_Pct_lag1,primary,Oil_Rent_Intensive_Pre2016_ge15pct,Future_Period,train_to_2014__test_from_2015,RandomForest,signal_increment,0.022500000000000037,0.3045
M1_Macro_vs_M2_Macro_Oil__primary__Oil_Rent_Intensive_Pre2016_ge15pct,Oil_Rents_GDP_Pct_lag1,primary,Oil_Rent_Intensive_Pre2016_ge15pct,Future_Period,train_to_2014__test_from_2015,RandomForest,signal_increment,0.023000000000000038,0.292
M1_Macro_vs_M2_Macro_Oil__primary__Oil_Rent_Intensive_Pre2016_ge15pct,Oil_Rents_GDP_Pct_lag1,primary,Oil_Rent_Intensive_Pre2016_ge15pct,Future_Period,train_to_2014__test_from_2015,RandomForest,signal_increment,0.023500000000000038,0.2835
M1_Macro_vs_M2_Macro_Oil__primary__Oil_Rent_Intensive_Pre2016_ge15pct,Oil_Rents_GDP_Pct_lag1,primary,Oil_Rent_Intensive_Pre2016_ge15pct,Future_Period,train_to_2014__test_from_2015,RandomForest,signal_increment,0.02400000000000004,0.267
M1_Macro_vs_M2_Macro_Oil__primary__Oil_Rent_Intensive_Pre2016_ge15pct,Oil_Rents_GDP_Pct_lag1,primary,Oil_Rent_Intensive_Pre2016_ge15pct,Future_Period,train_to_2014__test_from_2015,RandomForest,signal_increment,0.02450000000000004,0.252
M1_Macro_vs_M2_Macro_Oil__primary__Oil_Rent_Intensive_Pre2016_ge15pct,Oil_Rents_GDP_Pct_lag1,primary,Oil_Rent_Intensive_Pre2016_ge15pct,Future_Period,train_to_2014__test_from_2015,RandomForest,signal_increment,0.02500000000000004,0.2375
M1_Macro_vs_M2_Macro_Oil__primary__Oil_Rent_Intensive_Pre2016_ge15pct,Oil_Rents_GDP_Pct_lag1,primary,Oil_Rent_Intensive_Pre2016_ge15pct,Future_Period,train_to_2014__test_from_2015,RandomForest,signal_increment,0.02550000000000004,0.2245
M1_Macro_vs_M2_Macro_Oil__primary__Oil_Rent_Intensive_Pre2016_ge15pct,Oil_Rents_GDP_Pct_lag1,primary,Oil_Rent_Intensive_Pre2016_ge15pct,Future_Period,train_to_2014__test_from_2015,RandomForest,signal_increment,0.02600000000000004,0.213
M1_Macro_vs_M2_Macro_Oil__primary__Oil_Rent_Intensive_Pre2016_ge15pct,Oil_Rents_GDP_Pct_lag1,primary,Oil_Rent_Intensive_Pre2016_ge15pct,Future_Period,train_to_2014__test_from_2015,RandomForest,signal_increment,0.02650000000000004,0.1985
M1_Macro_vs_M2_Macro_Oil__primary__Oil_Rent_Intensive_Pre2016_ge15pct,Oil_Rents_GDP_Pct_lag1,primary,Oil_Rent_Intensive_Pre2016_ge15pct,Future_Period,train_to_2014__test_from_2015,RandomForest,signal_increment,0.02700000000000004,0.1865
M1_Macro_vs_M2_Macro_Oil__primary__Oil_Rent_Intensive_Pre2016_ge15pct,Oil_Rents_GDP_Pct_lag1,primary,Oil_Rent_Intensive_Pre2016_ge15pct,Future_Period,train_to_2014__test_from_2015,RandomForest,signal_increment,0.027500000000000042,0.1745
M1_Macro_vs_M2_Macro_Oil__primary__Oil_Rent_Intensive_Pre2016_ge15pct,Oil_Rents_GDP_Pct_lag1,primary,Oil_Rent_Intensive_Pre2016_ge15pct,Future_Period,train_to_2014__test_from_2015,RandomForest,signal_increment,0.028000000000000042,0.1635
M1_Macro_vs_M2_Macro_Oil__primary__Oil_Rent_Intensive_Pre2016_ge15pct,Oil_Rents_GDP_Pct_lag1,primary,Oil_Rent_Intensive_Pre2016_ge15pct,Future_Period,train_to_2014__test_from_2015,RandomForest,signal_increment,0.028500000000000043,0.1555
M1_Macro_vs_M2_Macro_Oil__primary__Oil_Rent_Intensive_Pre2016_ge15pct,Oil_Rents_GDP_Pct_lag1,primary,Oil_Rent_Intensive_Pre2016_ge15pct,Future_Period,train_to_2014__test_from_2015,RandomForest,signal_increment,0.029000000000000043,0.146
M1_Macro_vs_M2_Macro_Oil__primary__Oil_Rent_Intensive_Pre2016_ge15pct,Oil_Rents_GDP_Pct_lag1,primary,Oil_Rent_Intensive_Pre2016_ge15pct,Future_Period,train_to_2014__test_from_2015,RandomForest,signal_increment,0.029500000000000044,0.134
M1_Macro_vs_M2_Macro_Oil__primary__Oil_Rent_Intensive_Pre2016_ge15pct,Oil_Rents_GDP_Pct_lag1,primary,Oil_Rent_Intensive_Pre2016_ge15pct,Future_Period,train_to_2014__test_from_2015,RandomForest,signal_increment,0.030000000000000044,0.121
M1_Macro_vs_M2_Macro_Oil__primary__Oil_Rent_Intensive_Pre2016_ge15pct,Oil_Rents_GDP_Pct_lag1,primary,Oil_Rent_Intensive_Pre2016_ge15pct,Future_Period,train_to_2014__test_from_2015,RandomForest,added_model_vs_strongest_benchmark,-0.02,0.8255
M1_Macro_vs_M2_Macro_Oil__primary__Oil_Rent_Intensive_Pre2016_ge15pct,Oil_Rents_GDP_Pct_lag1,primary,Oil_Rent_Intensive_Pre2016_ge15pct,Future_Period,train_to_2014__test_from_2015,RandomForest,added_model_vs_strongest_benchmark,-0.0195,0.8245
M1_Macro_vs_M2_Macro_Oil__primary__Oil_Rent_Intensive_Pre2016_ge15pct,Oil_Rents_GDP_Pct_lag1,primary,Oil_Rent_Intensive_Pre2016_ge15pct,Future_Period,train_to_2014__test_from_2015,RandomForest,added_model_vs_strongest_benchmark,-0.019,0.824
M1_Macro_vs_M2_Macro_Oil__primary__Oil_Rent_Intensive_Pre2016_ge15pct,Oil_Rents_GDP_Pct_lag1,primary,Oil_Rent_Intensive_Pre2016_ge15pct,Future_Period,train_to_2014__test_from_2015,RandomForest,added_model_vs_strongest_benchmark,-0.0185,0.8225
M1_Macro_vs_M2_Macro_Oil__primary__Oil_Rent_Intensive_Pre2016_ge15pct,Oil_Rents_GDP_Pct_lag1,primary,Oil_Rent_Intensive_Pre2016_ge15pct,Future_Period,train_to_2014__test_from_2015,RandomForest,added_model_vs_strongest_benchmark,-0.018,0.822
M1_Macro_vs_M2_Macro_Oil__primary__Oil_Rent_Intensive_Pre2016_ge15pct,Oil_Rents_GDP_Pct_lag1,primary,Oil_Rent_Intensive_Pre2016_ge15pct,Future_Period,train_to_2014__test_from_2015,RandomForest,added_model_vs_strongest_benchmark,-0.017499999999999998,0.8205
M1_Macro_vs_M2_Macro_Oil__primary__Oil_Rent_Intensive_Pre2016_ge15pct,Oil_Rents_GDP_Pct_lag1,primary,Oil_Rent_Intensive_Pre2016_ge15pct,Future_Period,train_to_2014__test_from_2015,RandomForest,added_model_vs_strongest_benchmark,-0.016999999999999998,0.8175
M1_Macro_vs_M2_Macro_Oil__primary__Oil_Rent_Intensive_Pre2016_ge15pct,Oil_Rents_GDP_Pct_lag1,primary,Oil_Rent_Intensive_Pre2016_ge15pct,Future_Period,train_to_2014__test_from_2015,RandomForest,added_model_vs_strongest_benchmark,-0.016499999999999997,0.815
M1_Macro_vs_M2_Macro_Oil__primary__Oil_Rent_Intensive_Pre2016_ge15pct,Oil_Rents_GDP_Pct_lag1,primary,Oil_Rent_Intensive_Pre2016_ge15pct,Future_Period,train_to_2014__test_from_2015,RandomForest,added_model_vs_strongest_benchmark,-0.015999999999999997,0.813
M1_Macro_vs_M2_Macro_Oil__primary__Oil_Rent_Intensive_Pre2016_ge15pct,Oil_Rents_GDP_Pct_lag1,primary,Oil_Rent_Intensive_Pre2016_ge15pct,Future_Period,train_to_2014__test_from_2015,RandomForest,added_model_vs_strongest_benchmark,-0.015499999999999996,0.8115
M1_Macro_vs_M2_Macro_Oil__primary__Oil_Rent_Intensive_Pre2016_ge15pct,Oil_Rents_GDP_Pct_lag1,primary,Oil_Rent_Intensive_Pre2016_ge15pct,Future_Period,train_to_2014__test_from_2015,RandomForest,added_model_vs_strongest_benchmark,-0.014999999999999996,0.8115
M1_Macro_vs_M2_Macro_Oil__primary__Oil_Rent_Intensive_Pre2016_ge15pct,Oil_Rents_GDP_Pct_lag1,primary,Oil_Rent_Intensive_Pre2016_ge15pct,Future_Period,train_to_2014__test_from_2015,RandomForest,added_model_vs_strongest_benchmark,-0.014499999999999996,0.81
M1_Macro_vs_M2_Macro_Oil__primary__Oil_Rent_Intensive_Pre2016_ge15pct,Oil_Rents_GDP_Pct_lag1,primary,Oil_Rent_Intensive_Pre2016_ge15pct,Future_Period,train_to_2014__test_from_2015,RandomForest,added_model_vs_strongest_benchmark,-0.013999999999999995,0.809
M1_Macro_vs_M2_Macro_Oil__primary__Oil_Rent_Intensive_Pre2016_ge15pct,Oil_Rents_GDP_Pct_lag1,primary,Oil_Rent_Intensive_Pre2016_ge15pct,Future_Period,train_to_2014__test_from_2015,RandomForest,added_model_vs_strongest_benchmark,-0.013499999999999995,0.8065
M1_Macro_vs_M2_Macro_Oil__primary__Oil_Rent_Intensive_Pre2016_ge15pct,Oil_Rents_GDP_Pct_lag1,primary,Oil_Rent_Intensive_Pre2016_ge15pct,Future_Period,train_to_2014__test_from_2015,RandomForest,added_model_vs_strongest_benchmark,-0.012999999999999994,0.806
M1_Macro_vs_M2_Macro_Oil__primary__Oil_Rent_Intensive_Pre2016_ge15pct,Oil_Rents_GDP_Pct_lag1,primary,Oil_Rent_Intensive_Pre2016_ge15pct,Future_Period,train_to_2014__test_from_2015,RandomForest,added_model_vs_strongest_benchmark,-0.012499999999999994,0.805
M1_Macro_vs_M2_Macro_Oil__primary__Oil_Rent_Intensive_Pre2016_ge15pct,Oil_Rents_GDP_Pct_lag1,primary,Oil_Rent_Intensive_Pre2016_ge15pct,Future_Period,train_to_2014__test_from_2015,RandomForest,added_model_vs_strongest_benchmark,-0.011999999999999993,0.8035
M1_Macro_vs_M2_Macro_Oil__primary__Oil_Rent_Intensive_Pre2016_ge15pct,Oil_Rents_GDP_Pct_lag1,primary,Oil_Rent_Intensive_Pre2016_ge15pct,Future_Period,train_to_2014__test_from_2015,RandomForest,added_model_vs_strongest_benchmark,-0.011499999999999993,0.8025
M1_Macro_vs_M2_Macro_Oil__primary__Oil_Rent_Intensive_Pre2016_ge15pct,Oil_Rents_GDP_Pct_lag1,primary,Oil_Rent_Intensive_Pre2016_ge15pct,Future_Period,train_to_2014__test_from_2015,RandomForest,added_model_vs_strongest_benchmark,-0.010999999999999992,0.801
M1_Macro_vs_M2_Macro_Oil__primary__Oil_Rent_Intensive_Pre2016_ge15pct,Oil_Rents_GDP_Pct_lag1,primary,Oil_Rent_Intensive_Pre2016_ge15pct,Future_Period,train_to_2014__test_from_2015,RandomForest,added_model_vs_strongest_benchmark,-0.010499999999999992,0.7995
M1_Macro_vs_M2_Macro_Oil__primary__Oil_Rent_Intensive_Pre2016_ge15pct,Oil_Rents_GDP_Pct_lag1,primary,Oil_Rent_Intensive_Pre2016_ge15pct,Future_Period,train_to_2014__test_from_2015,RandomForest,added_model_vs_strongest_benchmark,-0.009999999999999992,0.796
M1_Macro_vs_M2_Macro_Oil__primary__Oil_Rent_Intensive_Pre2016_ge15pct,Oil_Rents_GDP_Pct_lag1,primary,Oil_Rent_Intensive_Pre2016_ge15pct,Future_Period,train_to_2014__test_from_2015,RandomForest,added_model_vs_strongest_benchmark,-0.009499999999999991,0.792
M1_Macro_vs_M2_Macro_Oil__primary__Oil_Rent_Intensive_Pre2016_ge15pct,Oil_Rents_GDP_Pct_lag1,primary,Oil_Rent_Intensive_Pre2016_ge15pct,Future_Period,train_to_2014__test_from_2015,RandomForest,added_model_vs_strongest_benchmark,-0.00899999999999999,0.7895
M1_Macro_vs_M2_Macro_Oil__primary__Oil_Rent_Intensive_Pre2016_ge15pct,Oil_Rents_GDP_Pct_lag1,primary,Oil_Rent_Intensive_Pre2016_ge15pct,Future_Period,train_to_2014__test_from_2015,RandomForest,added_model_vs_strongest_benchmark,-0.00849999999999999,0.788
M1_Macro_vs_M2_Macro_Oil__primary__Oil_Rent_Intensive_Pre2016_ge15pct,Oil_Rents_GDP_Pct_lag1,primary,Oil_Rent_Intensive_Pre2016_ge15pct,Future_Period,train_to_2014__test_from_2015,RandomForest,added_model_vs_strongest_benchmark,-0.00799999999999999,0.786
M1_Macro_vs_M2_Macro_Oil__primary__Oil_Rent_Intensive_Pre2016_ge15pct,Oil_Rents_GDP_Pct_lag1,primary,Oil_Rent_Intensive_Pre2016_ge15pct,Future_Period,train_to_2014__test_from_2015,RandomForest,added_model_vs_strongest_benchmark,-0.007499999999999989,0.783
M1_Macro_vs_M2_Macro_Oil__primary__Oil_Rent_Intensive_Pre2016_ge15pct,Oil_Rents_GDP_Pct_lag1,primary,Oil_Rent_Intensive_Pre2016_ge15pct,Future_Period,train_to_2014__test_from_2015,RandomForest,added_model_vs_strongest_benchmark,-0.006999999999999989,0.7805
M1_Macro_vs_M2_Macro_Oil__primary__Oil_Rent_Intensive_Pre2016_ge15pct,Oil_Rents_GDP_Pct_lag1,primary,Oil_Rent_Intensive_Pre2016_ge15pct,Future_Period,train_to_2014__test_from_2015,RandomForest,added_model_vs_strongest_benchmark,-0.006499999999999988,0.7755
M1_Macro_vs_M2_Macro_Oil__primary__Oil_Rent_Intensive_Pre2016_ge15pct,Oil_Rents_GDP_Pct_lag1,primary,Oil_Rent_Intensive_Pre2016_ge15pct,Future_Period,train_to_2014__test_from_2015,RandomForest,added_model_vs_strongest_benchmark,-0.005999999999999988,0.773
M1_Macro_vs_M2_Macro_Oil__primary__Oil_Rent_Intensive_Pre2016_ge15pct,Oil_Rents_GDP_Pct_lag1,primary,Oil_Rent_Intensive_Pre2016_ge15pct,Future_Period,train_to_2014__test_from_2015,RandomForest,added_model_vs_strongest_benchmark,-0.0054999999999999875,0.77
M1_Macro_vs_M2_Macro_Oil__primary__Oil_Rent_Intensive_Pre2016_ge15pct,Oil_Rents_GDP_Pct_lag1,primary,Oil_Rent_Intensive_Pre2016_ge15pct,Future_Period,train_to_2014__test_from_2015,RandomForest,added_model_vs_strongest_benchmark,-0.004999999999999987,0.7695
M1_Macro_vs_M2_Macro_Oil__primary__Oil_Rent_Intensive_Pre2016_ge15pct,Oil_Rents_GDP_Pct_lag1,primary,Oil_Rent_Intensive_Pre2016_ge15pct,Future_Period,train_to_2014__test_from_2015,RandomForest,added_model_vs_strongest_benchmark,-0.004499999999999987,0.769
M1_Macro_vs_M2_Macro_Oil__primary__Oil_Rent_Intensive_Pre2016_ge15pct,Oil_Rents_GDP_Pct_lag1,primary,Oil_Rent_Intensive_Pre2016_ge15pct,Future_Period,train_to_2014__test_from_2015,RandomForest,added_model_vs_strongest_benchmark,-0.003999999999999986,0.768
M1_Macro_vs_M2_Macro_Oil__primary__Oil_Rent_Intensive_Pre2016_ge15pct,Oil_Rents_GDP_Pct_lag1,primary,Oil_Rent_Intensive_Pre2016_ge15pct,Future_Period,train_to_2014__test_from_2015,RandomForest,added_model_vs_strongest_benchmark,-0.0034999999999999858,0.7665
M1_Macro_vs_M2_Macro_Oil__primary__Oil_Rent_Intensive_Pre2016_ge15pct,Oil_Rents_GDP_Pct_lag1,primary,Oil_Rent_Intensive_Pre2016_ge15pct,Future_Period,train_to_2014__test_from_2015,RandomForest,added_model_vs_strongest_benchmark,-0.0029999999999999853,0.7655
M1_Macro_vs_M2_Macro_Oil__primary__Oil_Rent_Intensive_Pre2016_ge15pct,Oil_Rents_GDP_Pct_lag1,primary,Oil_Rent_Intensive_Pre2016_ge15pct,Future_Period,train_to_2014__test_from_2015,RandomForest,added_model_vs_strongest_benchmark,-0.002499999999999985,0.763
M1_Macro_vs_M2_Macro_Oil__primary__Oil_Rent_Intensive_Pre2016_ge15pct,Oil_Rents_GDP_Pct_lag1,primary,Oil_Rent_Intensive_Pre2016_ge15pct,Future_Period,train_to_2014__test_from_2015,RandomForest,added_model_vs_strongest_benchmark,-0.0019999999999999844,0.7615
M1_Macro_vs_M2_Macro_Oil__primary__Oil_Rent_Intensive_Pre2016_ge15pct,Oil_Rents_GDP_Pct_lag1,primary,Oil_Rent_Intensive_Pre2016_ge15pct,Future_Period,train_to_2014__test_from_2015,RandomForest,added_model_vs_strongest_benchmark,-0.001499999999999984,0.761
M1_Macro_vs_M2_Macro_Oil__primary__Oil_Rent_Intensive_Pre2016_ge15pct,Oil_Rents_GDP_Pct_lag1,primary,Oil_Rent_Intensive_Pre2016_ge15pct,Future_Period,train_to_2014__test_from_2015,RandomForest,added_model_vs_strongest_benchmark,-0.0009999999999999835,0.7585
M1_Macro_vs_M2_Macro_Oil__primary__Oil_Rent_Intensive_Pre2016_ge15pct,Oil_Rents_GDP_Pct_lag1,primary,Oil_Rent_Intensive_Pre2016_ge15pct,Future_Period,train_to_2014__test_from_2015,RandomForest,added_model_vs_strongest_benchmark,-0.0004999999999999831,0.7555
M1_Macro_vs_M2_Macro_Oil__primary__Oil_Rent_Intensive_Pre2016_ge15pct,Oil_Rents_GDP_Pct_lag1,primary,Oil_Rent_Intensive_Pre2016_ge15pct,Future_Period,train_to_2014__test_from_2015,RandomForest,added_model_vs_strongest_benchmark,1.734723475976807e-17,0.7545
M1_Macro_vs_M2_Macro_Oil__primary__Oil_Rent_Intensive_Pre2016_ge15pct,Oil_Rents_GDP_Pct_lag1,primary,Oil_Rent_Intensive_Pre2016_ge15pct,Future_Period,train_to_2014__test_from_2015,RandomForest,added_model_vs_strongest_benchmark,0.0005000000000000178,0.753
M1_Macro_vs_M2_Macro_Oil__primary__Oil_Rent_Intensive_Pre2016_ge15pct,Oil_Rents_GDP_Pct_lag1,primary,Oil_Rent_Intensive_Pre2016_ge15pct,Future_Period,train_to_2014__test_from_2015,RandomForest,added_model_vs_strongest_benchmark,0.0010000000000000182,0.751
M1_Macro_vs_M2_Macro_Oil__primary__Oil_Rent_Intensive_Pre2016_ge15pct,Oil_Rents_GDP_Pct_lag1,primary,Oil_Rent_Intensive_Pre2016_ge15pct,Future_Period,train_to_2014__test_from_2015,RandomForest,added_model_vs_strongest_benchmark,0.0015000000000000187,0.75
M1_Macro_vs_M2_Macro_Oil__primary__Oil_Rent_Intensive_Pre2016_ge15pct,Oil_Rents_GDP_Pct_lag1,primary,Oil_Rent_Intensive_Pre2016_ge15pct,Future_Period,train_to_2014__test_from_2015,RandomForest,added_model_vs_strongest_benchmark,0.002000000000000019,0.747
M1_Macro_vs_M2_Macro_Oil__primary__Oil_Rent_Intensive_Pre2016_ge15pct,Oil_Rents_GDP_Pct_lag1,primary,Oil_Rent_Intensive_Pre2016_ge15pct,Future_Period,train_to_2014__test_from_2015,RandomForest,added_model_vs_strongest_benchmark,0.0025000000000000196,0.7445
M1_Macro_vs_M2_Macro_Oil__primary__Oil_Rent_Intensive_Pre2016_ge15pct,Oil_Rents_GDP_Pct_lag1,primary,Oil_Rent_Intensive_Pre2016_ge15pct,Future_Period,train_to_2014__test_from_2015,RandomForest,added_model_vs_strongest_benchmark,0.00300000000000002,0.744
M1_Macro_vs_M2_Macro_Oil__primary__Oil_Rent_Intensive_Pre2016_ge15pct,Oil_Rents_GDP_Pct_lag1,primary,Oil_Rent_Intensive_Pre2016_ge15pct,Future_Period,train_to_2014__test_from_2015,RandomForest,added_model_vs_strongest_benchmark,0.0035000000000000205,0.742
M1_Macro_vs_M2_Macro_Oil__primary__Oil_Rent_Intensive_Pre2016_ge15pct,Oil_Rents_GDP_Pct_lag1,primary,Oil_Rent_Intensive_Pre2016_ge15pct,Future_Period,train_to_2014__test_from_2015,RandomForest,added_model_vs_strongest_benchmark,0.004000000000000021,0.738
M1_Macro_vs_M2_Macro_Oil__primary__Oil_Rent_Intensive_Pre2016_ge15pct,Oil_Rents_GDP_Pct_lag1,primary,Oil_Rent_Intensive_Pre2016_ge15pct,Future_Period,train_to_2014__test_from_2015,RandomForest,added_model_vs_strongest_benchmark,0.004500000000000021,0.738
M1_Macro_vs_M2_Macro_Oil__primary__Oil_Rent_Intensive_Pre2016_ge15pct,Oil_Rents_GDP_Pct_lag1,primary,Oil_Rent_Intensive_Pre2016_ge15pct,Future_Period,train_to_2014__test_from_2015,RandomForest,added_model_vs_strongest_benchmark,0.005000000000000022,0.7345
M1_Macro_vs_M2_Macro_Oil__primary__Oil_Rent_Intensive_Pre2016_ge15pct,Oil_Rents_GDP_Pct_lag1,primary,Oil_Rent_Intensive_Pre2016_ge15pct,Future_Period,train_to_2014__test_from_2015,RandomForest,added_model_vs_strongest_benchmark,0.005500000000000022,0.7315
M1_Macro_vs_M2_Macro_Oil__primary__Oil_Rent_Intensive_Pre2016_ge15pct,Oil_Rents_GDP_Pct_lag1,primary,Oil_Rent_Intensive_Pre2016_ge15pct,Future_Period,train_to_2014__test_from_2015,RandomForest,added_model_vs_strongest_benchmark,0.006000000000000023,0.729
M1_Macro_vs_M2_Macro_Oil__primary__Oil_Rent_Intensive_Pre2016_ge15pct,Oil_Rents_GDP_Pct_lag1,primary,Oil_Rent_Intensive_Pre2016_ge15pct,Future_Period,train_to_2014__test_from_2015,RandomForest,added_model_vs_strongest_benchmark,0.006500000000000023,0.7265
M1_Macro_vs_M2_Macro_Oil__primary__Oil_Rent_Intensive_Pre2016_ge15pct,Oil_Rents_GDP_Pct_lag1,primary,Oil_Rent_Intensive_Pre2016_ge15pct,Future_Period,train_to_2014__test_from_2015,RandomForest,added_model_vs_strongest_benchmark,0.0070000000000000236,0.7245
M1_Macro_vs_M2_Macro_Oil__primary__Oil_Rent_Intensive_Pre2016_ge15pct,Oil_Rents_GDP_Pct_lag1,primary,Oil_Rent_Intensive_Pre2016_ge15pct,Future_Period,train_to_2014__test_from_2015,RandomForest,added_model_vs_strongest_benchmark,0.007500000000000024,0.7225
M1_Macro_vs_M2_Macro_Oil__primary__Oil_Rent_Intensive_Pre2016_ge15pct,Oil_Rents_GDP_Pct_lag1,primary,Oil_Rent_Intensive_Pre2016_ge15pct,Future_Period,train_to_2014__test_from_2015,RandomForest,added_model_vs_strongest_benchmark,0.008000000000000024,0.7195
M1_Macro_vs_M2_Macro_Oil__primary__Oil_Rent_Intensive_Pre2016_ge15pct,Oil_Rents_GDP_Pct_lag1,primary,Oil_Rent_Intensive_Pre2016_ge15pct,Future_Period,train_to_2014__test_from_2015,RandomForest,added_model_vs_strongest_benchmark,0.008500000000000025,0.7165
M1_Macro_vs_M2_Macro_Oil__primary__Oil_Rent_Intensive_Pre2016_ge15pct,Oil_Rents_GDP_Pct_lag1,primary,Oil_Rent_Intensive_Pre2016_ge15pct,Future_Period,train_to_2014__test_from_2015,RandomForest,added_model_vs_strongest_benchmark,0.009000000000000025,0.7155
M1_Macro_vs_M2_Macro_Oil__primary__Oil_Rent_Intensive_Pre2016_ge15pct,Oil_Rents_GDP_Pct_lag1,primary,Oil_Rent_Intensive_Pre2016_ge15pct,Future_Period,train_to_2014__test_from_2015,RandomForest,added_model_vs_strongest_benchmark,0.009500000000000026,0.7125
M1_Macro_vs_M2_Macro_Oil__primary__Oil_Rent_Intensive_Pre2016_ge15pct,Oil_Rents_GDP_Pct_lag1,primary,Oil_Rent_Intensive_Pre2016_ge15pct,Future_Period,train_to_2014__test_from_2015,RandomForest,added_model_vs_strongest_benchmark,0.010000000000000026,0.7095
M1_Macro_vs_M2_Macro_Oil__primary__Oil_Rent_Intensive_Pre2016_ge15pct,Oil_Rents_GDP_Pct_lag1,primary,Oil_Rent_Intensive_Pre2016_ge15pct,Future_Period,train_to_2014__test_from_2015,RandomForest,added_model_vs_strongest_benchmark,0.010500000000000027,0.7065
M1_Macro_vs_M2_Macro_Oil__primary__Oil_Rent_Intensive_Pre2016_ge15pct,Oil_Rents_GDP_Pct_lag1,primary,Oil_Rent_Intensive_Pre2016_ge15pct,Future_Period,train_to_2014__test_from_2015,RandomForest,added_model_vs_strongest_benchmark,0.011000000000000027,0.7015
M1_Macro_vs_M2_Macro_Oil__primary__Oil_Rent_Intensive_Pre2016_ge15pct,Oil_Rents_GDP_Pct_lag1,primary,Oil_Rent_Intensive_Pre2016_ge15pct,Future_Period,train_to_2014__test_from_2015,RandomForest,added_model_vs_strongest_benchmark,0.011500000000000028,0.6995
M1_Macro_vs_M2_Macro_Oil__primary__Oil_Rent_Intensive_Pre2016_ge15pct,Oil_Rents_GDP_Pct_lag1,primary,Oil_Rent_Intensive_Pre2016_ge15pct,Future_Period,train_to_2014__test_from_2015,RandomForest,added_model_vs_strongest_benchmark,0.012000000000000028,0.6995
M1_Macro_vs_M2_Macro_Oil__primary__Oil_Rent_Intensive_Pre2016_ge15pct,Oil_Rents_GDP_Pct_lag1,primary,Oil_Rent_Intensive_Pre2016_ge15pct,Future_Period,train_to_2014__test_from_2015,RandomForest,added_model_vs_strongest_benchmark,0.012500000000000028,0.6965
M1_Macro_vs_M2_Macro_Oil__primary__Oil_Rent_Intensive_Pre2016_ge15pct,Oil_Rents_GDP_Pct_lag1,primary,Oil_Rent_Intensive_Pre2016_ge15pct,Future_Period,train_to_2014__test_from_2015,RandomForest,added_model_vs_strongest_benchmark,0.013000000000000029,0.693
M1_Macro_vs_M2_Macro_Oil__primary__Oil_Rent_Intensive_Pre2016_ge15pct,Oil_Rents_GDP_Pct_lag1,primary,Oil_Rent_Intensive_Pre2016_ge15pct,Future_Period,train_to_2014__test_from_2015,RandomForest,added_model_vs_strongest_benchmark,0.01350000000000003,0.691
M1_Macro_vs_M2_Macro_Oil__primary__Oil_Rent_Intensive_Pre2016_ge15pct,Oil_Rents_GDP_Pct_lag1,primary,Oil_Rent_Intensive_Pre2016_ge15pct,Future_Period,train_to_2014__test_from_2015,RandomForest,added_model_vs_strongest_benchmark,0.01400000000000003,0.6885
M1_Macro_vs_M2_Macro_Oil__primary__Oil_Rent_Intensive_Pre2016_ge15pct,Oil_Rents_GDP_Pct_lag1,primary,Oil_Rent_Intensive_Pre2016_ge15pct,Future_Period,train_to_2014__test_from_2015,RandomForest,added_model_vs_strongest_benchmark,0.01450000000000003,0.6865
M1_Macro_vs_M2_Macro_Oil__primary__Oil_Rent_Intensive_Pre2016_ge15pct,Oil_Rents_GDP_Pct_lag1,primary,Oil_Rent_Intensive_Pre2016_ge15pct,Future_Period,train_to_2014__test_from_2015,RandomForest,added_model_vs_strongest_benchmark,0.01500000000000003,0.6845
M1_Macro_vs_M2_Macro_Oil__primary__Oil_Rent_Intensive_Pre2016_ge15pct,Oil_Rents_GDP_Pct_lag1,primary,Oil_Rent_Intensive_Pre2016_ge15pct,Future_Period,train_to_2014__test_from_2015,RandomForest,added_model_vs_strongest_benchmark,0.015500000000000031,0.6825
M1_Macro_vs_M2_Macro_Oil__primary__Oil_Rent_Intensive_Pre2016_ge15pct,Oil_Rents_GDP_Pct_lag1,primary,Oil_Rent_Intensive_Pre2016_ge15pct,Future_Period,train_to_2014__test_from_2015,RandomForest,added_model_vs_strongest_benchmark,0.01600000000000003,0.679
M1_Macro_vs_M2_Macro_Oil__primary__Oil_Rent_Intensive_Pre2016_ge15pct,Oil_Rents_GDP_Pct_lag1,primary,Oil_Rent_Intensive_Pre2016_ge15pct,Future_Period,train_to_2014__test_from_2015,RandomForest,added_model_vs_strongest_benchmark,0.016500000000000032,0.6765
M1_Macro_vs_M2_Macro_Oil__primary__Oil_Rent_Intensive_Pre2016_ge15pct,Oil_Rents_GDP_Pct_lag1,primary,Oil_Rent_Intensive_Pre2016_ge15pct,Future_Period,train_to_2014__test_from_2015,RandomForest,added_model_vs_strongest_benchmark,0.017000000000000032,0.6755
M1_Macro_vs_M2_Macro_Oil__primary__Oil_Rent_Intensive_Pre2016_ge15pct,Oil_Rents_GDP_Pct_lag1,primary,Oil_Rent_Intensive_Pre2016_ge15pct,Future_Period,train_to_2014__test_from_2015,RandomForest,added_model_vs_strongest_benchmark,0.017500000000000033,0.672
M1_Macro_vs_M2_Macro_Oil__primary__Oil_Rent_Intensive_Pre2016_ge15pct,Oil_Rents_GDP_Pct_lag1,primary,Oil_Rent_Intensive_Pre2016_ge15pct,Future_Period,train_to_2014__test_from_2015,RandomForest,added_model_vs_strongest_benchmark,0.018000000000000033,0.67
M1_Macro_vs_M2_Macro_Oil__primary__Oil_Rent_Intensive_Pre2016_ge15pct,Oil_Rents_GDP_Pct_lag1,primary,Oil_Rent_Intensive_Pre2016_ge15pct,Future_Period,train_to_2014__test_from_2015,RandomForest,added_model_vs_strongest_benchmark,0.018500000000000034,0.6655
M1_Macro_vs_M2_Macro_Oil__primary__Oil_Rent_Intensive_Pre2016_ge15pct,Oil_Rents_GDP_Pct_lag1,primary,Oil_Rent_Intensive_Pre2016_ge15pct,Future_Period,train_to_2014__test_from_2015,RandomForest,added_model_vs_strongest_benchmark,0.019000000000000034,0.6645
M1_Macro_vs_M2_Macro_Oil__primary__Oil_Rent_Intensive_Pre2016_ge15pct,Oil_Rents_GDP_Pct_lag1,primary,Oil_Rent_Intensive_Pre2016_ge15pct,Future_Period,train_to_2014__test_from_2015,RandomForest,added_model_vs_strongest_benchmark,0.019500000000000035,0.663
M1_Macro_vs_M2_Macro_Oil__primary__Oil_Rent_Intensive_Pre2016_ge15pct,Oil_Rents_GDP_Pct_lag1,primary,Oil_Rent_Intensive_Pre2016_ge15pct,Future_Period,train_to_2014__test_from_2015,RandomForest,added_model_vs_strongest_benchmark,0.020000000000000035,0.662
M1_Macro_vs_M2_Macro_Oil__primary__Oil_Rent_Intensive_Pre2016_ge15pct,Oil_Rents_GDP_Pct_lag1,primary,Oil_Rent_Intensive_Pre2016_ge15pct,Future_Period,train_to_2014__test_from_2015,RandomForest,added_model_vs_strongest_benchmark,0.020500000000000036,0.6605
M1_Macro_vs_M2_Macro_Oil__primary__Oil_Rent_Intensive_Pre2016_ge15pct,Oil_Rents_GDP_Pct_lag1,primary,Oil_Rent_Intensive_Pre2016_ge15pct,Future_Period,train_to_2014__test_from_2015,RandomForest,added_model_vs_strongest_benchmark,0.021000000000000036,0.659
M1_Macro_vs_M2_Macro_Oil__primary__Oil_Rent_Intensive_Pre2016_ge15pct,Oil_Rents_GDP_Pct_lag1,primary,Oil_Rent_Intensive_Pre2016_ge15pct,Future_Period,train_to_2014__test_from_2015,RandomForest,added_model_vs_strongest_benchmark,0.021500000000000036,0.6565
M1_Macro_vs_M2_Macro_Oil__primary__Oil_Rent_Intensive_Pre2016_ge15pct,Oil_Rents_GDP_Pct_lag1,primary,Oil_Rent_Intensive_Pre2016_ge15pct,Future_Period,train_to_2014__test_from_2015,RandomForest,added_model_vs_strongest_benchmark,0.022000000000000037,0.653
M1_Macro_vs_M2_Macro_Oil__primary__Oil_Rent_Intensive_Pre2016_ge15pct,Oil_Rents_GDP_Pct_lag1,primary,Oil_Rent_Intensive_Pre2016_ge15pct,Future_Period,train_to_2014__test_from_2015,RandomForest,added_model_vs_strongest_benchmark,0.022500000000000037,0.651
M1_Macro_vs_M2_Macro_Oil__primary__Oil_Rent_Intensive_Pre2016_ge15pct,Oil_Rents_GDP_Pct_lag1,primary,Oil_Rent_Intensive_Pre2016_ge15pct,Future_Period,train_to_2014__test_from_2015,RandomForest,added_model_vs_strongest_benchmark,0.023000000000000038,0.6495
M1_Macro_vs_M2_Macro_Oil__primary__Oil_Rent_Intensive_Pre2016_ge15pct,Oil_Rents_GDP_Pct_lag1,primary,Oil_Rent_Intensive_Pre2016_ge15pct,Future_Period,train_to_2014__test_from_2015,RandomForest,added_model_vs_strongest_benchmark,0.023500000000000038,0.647
M1_Macro_vs_M2_Macro_Oil__primary__Oil_Rent_Intensive_Pre2016_ge15pct,Oil_Rents_GDP_Pct_lag1,primary,Oil_Rent_Intensive_Pre2016_ge15pct,Future_Period,train_to_2014__test_from_2015,RandomForest,added_model_vs_strongest_benchmark,0.02400000000000004,0.6435
M1_Macro_vs_M2_Macro_Oil__primary__Oil_Rent_Intensive_Pre2016_ge15pct,Oil_Rents_GDP_Pct_lag1,primary,Oil_Rent_Intensive_Pre2016_ge15pct,Future_Period,train_to_2014__test_from_2015,RandomForest,added_model_vs_strongest_benchmark,0.02450000000000004,0.6425
M1_Macro_vs_M2_Macro_Oil__primary__Oil_Rent_Intensive_Pre2016_ge15pct,Oil_Rents_GDP_Pct_lag1,primary,Oil_Rent_Intensive_Pre2016_ge15pct,Future_Period,train_to_2014__test_from_2015,RandomForest,added_model_vs_strongest_benchmark,0.02500000000000004,0.6385
M1_Macro_vs_M2_Macro_Oil__primary__Oil_Rent_Intensive_Pre2016_ge15pct,Oil_Rents_GDP_Pct_lag1,primary,Oil_Rent_Intensive_Pre2016_ge15pct,Future_Period,train_to_2014__test_from_2015,RandomForest,added_model_vs_strongest_benchmark,0.02550000000000004,0.6375
M1_Macro_vs_M2_Macro_Oil__primary__Oil_Rent_Intensive_Pre2016_ge15pct,Oil_Rents_GDP_Pct_lag1,primary,Oil_Rent_Intensive_Pre2016_ge15pct,Future_Period,train_to_2014__test_from_2015,RandomForest,added_model_vs_strongest_benchmark,0.02600000000000004,0.636
M1_Macro_vs_M2_Macro_Oil__primary__Oil_Rent_Intensive_Pre2016_ge15pct,Oil_Rents_GDP_Pct_lag1,primary,Oil_Rent_Intensive_Pre2016_ge15pct,Future_Period,train_to_2014__test_from_2015,RandomForest,added_model_vs_strongest_benchmark,0.02650000000000004,0.635
M1_Macro_vs_M2_Macro_Oil__primary__Oil_Rent_Intensive_Pre2016_ge15pct,Oil_Rents_GDP_Pct_lag1,primary,Oil_Rent_Intensive_Pre2016_ge15pct,Future_Period,train_to_2014__test_from_2015,RandomForest,added_model_vs_strongest_benchmark,0.02700000000000004,0.6325
M1_Macro_vs_M2_Macro_Oil__primary__Oil_Rent_Intensive_Pre2016_ge15pct,Oil_Rents_GDP_Pct_lag1,primary,Oil_Rent_Intensive_Pre2016_ge15pct,Future_Period,train_to_2014__test_from_2015,RandomForest,added_model_vs_strongest_benchmark,0.027500000000000042,0.6285
M1_Macro_vs_M2_Macro_Oil__primary__Oil_Rent_Intensive_Pre2016_ge15pct,Oil_Rents_GDP_Pct_lag1,primary,Oil_Rent_Intensive_Pre2016_ge15pct,Future_Period,train_to_2014__test_from_2015,RandomForest,added_model_vs_strongest_benchmark,0.028000000000000042,0.6255
M1_Macro_vs_M2_Macro_Oil__primary__Oil_Rent_Intensive_Pre2016_ge15pct,Oil_Rents_GDP_Pct_lag1,primary,Oil_Rent_Intensive_Pre2016_ge15pct,Future_Period,train_to_2014__test_from_2015,RandomForest,added_model_vs_strongest_benchmark,0.028500000000000043,0.6215
M1_Macro_vs_M2_Macro_Oil__primary__Oil_Rent_Intensive_Pre2016_ge15pct,Oil_Rents_GDP_Pct_lag1,primary,Oil_Rent_Intensive_Pre2016_ge15pct,Future_Period,train_to_2014__test_from_2015,RandomForest,added_model_vs_strongest_benchmark,0.029000000000000043,0.619
M1_Macro_vs_M2_Macro_Oil__primary__Oil_Rent_Intensive_Pre2016_ge15pct,Oil_Rents_GDP_Pct_lag1,primary,Oil_Rent_Intensive_Pre2016_ge15pct,Future_Period,train_to_2014__test_from_2015,RandomForest,added_model_vs_strongest_benchmark,0.029500000000000044,0.6175
M1_Macro_vs_M2_Macro_Oil__primary__Oil_Rent_Intensive_Pre2016_ge15pct,Oil_Rents_GDP_Pct_lag1,primary,Oil_Rent_Intensive_Pre2016_ge15pct,Future_Period,train_to_2014__test_from_2015,RandomForest,added_model_vs_strongest_benchmark,0.030000000000000044,0.616
M1_Macro_vs_M2_Macro_Oil__primary__Oil_Rent_Intensive_Pre2016_ge15pct,Oil_Rents_GDP_Pct_lag1,primary,Oil_Rent_Intensive_Pre2016_ge15pct,Future_Period,train_to_2015__test_from_2016,Ridge,signal_increment,-0.02,0.9615
M1_Macro_vs_M2_Macro_Oil__primary__Oil_Rent_Intensive_Pre2016_ge15pct,Oil_Rents_GDP_Pct_lag1,primary,Oil_Rent_Intensive_Pre2016_ge15pct,Future_Period,train_to_2015__test_from_2016,Ridge,signal_increment,-0.0195,0.9535
M1_Macro_vs_M2_Macro_Oil__primary__Oil_Rent_Intensive_Pre2016_ge15pct,Oil_Rents_GDP_Pct_lag1,primary,Oil_Rent_Intensive_Pre2016_ge15pct,Future_Period,train_to_2015__test_from_2016,Ridge,signal_increment,-0.019,0.948
M1_Macro_vs_M2_Macro_Oil__primary__Oil_Rent_Intensive_Pre2016_ge15pct,Oil_Rents_GDP_Pct_lag1,primary,Oil_Rent_Intensive_Pre2016_ge15pct,Future_Period,train_to_2015__test_from_2016,Ridge,signal_increment,-0.0185,0.9425
M1_Macro_vs_M2_Macro_Oil__primary__Oil_Rent_Intensive_Pre2016_ge15pct,Oil_Rents_GDP_Pct_lag1,primary,Oil_Rent_Intensive_Pre2016_ge15pct,Future_Period,train_to_2015__test_from_2016,Ridge,signal_increment,-0.018,0.9375
M1_Macro_vs_M2_Macro_Oil__primary__Oil_Rent_Intensive_Pre2016_ge15pct,Oil_Rents_GDP_Pct_lag1,primary,Oil_Rent_Intensive_Pre2016_ge15pct,Future_Period,train_to_2015__test_from_2016,Ridge,signal_increment,-0.017499999999999998,0.9305
M1_Macro_vs_M2_Macro_Oil__primary__Oil_Rent_Intensive_Pre2016_ge15pct,Oil_Rents_GDP_Pct_lag1,primary,Oil_Rent_Intensive_Pre2016_ge15pct,Future_Period,train_to_2015__test_from_2016,Ridge,signal_increment,-0.016999999999999998,0.9195
M1_Macro_vs_M2_Macro_Oil__primary__Oil_Rent_Intensive_Pre2016_ge15pct,Oil_Rents_GDP_Pct_lag1,primary,Oil_Rent_Intensive_Pre2016_ge15pct,Future_Period,train_to_2015__test_from_2016,Ridge,signal_increment,-0.016499999999999997,0.9075
M1_Macro_vs_M2_Macro_Oil__primary__Oil_Rent_Intensive_Pre2016_ge15pct,Oil_Rents_GDP_Pct_lag1,primary,Oil_Rent_Intensive_Pre2016_ge15pct,Future_Period,train_to_2015__test_from_2016,Ridge,signal_increment,-0.015999999999999997,0.9005
M1_Macro_vs_M2_Macro_Oil__primary__Oil_Rent_Intensive_Pre2016_ge15pct,Oil_Rents_GDP_Pct_lag1,primary,Oil_Rent_Intensive_Pre2016_ge15pct,Future_Period,train_to_2015__test_from_2016,Ridge,signal_increment,-0.015499999999999996,0.889
M1_Macro_vs_M2_Macro_Oil__primary__Oil_Rent_Intensive_Pre2016_ge15pct,Oil_Rents_GDP_Pct_lag1,primary,Oil_Rent_Intensive_Pre2016_ge15pct,Future_Period,train_to_2015__test_from_2016,Ridge,signal_increment,-0.014999999999999996,0.8735
M1_Macro_vs_M2_Macro_Oil__primary__Oil_Rent_Intensive_Pre2016_ge15pct,Oil_Rents_GDP_Pct_lag1,primary,Oil_Rent_Intensive_Pre2016_ge15pct,Future_Period,train_to_2015__test_from_2016,Ridge,signal_increment,-0.014499999999999996,0.857
M1_Macro_vs_M2_Macro_Oil__primary__Oil_Rent_Intensive_Pre2016_ge15pct,Oil_Rents_GDP_Pct_lag1,primary,Oil_Rent_Intensive_Pre2016_ge15pct,Future_Period,train_to_2015__test_from_2016,Ridge,signal_increment,-0.013999999999999995,0.844
M1_Macro_vs_M2_Macro_Oil__primary__Oil_Rent_Intensive_Pre2016_ge15pct,Oil_Rents_GDP_Pct_lag1,primary,Oil_Rent_Intensive_Pre2016_ge15pct,Future_Period,train_to_2015__test_from_2016,Ridge,signal_increment,-0.013499999999999995,0.822
M1_Macro_vs_M2_Macro_Oil__primary__Oil_Rent_Intensive_Pre2016_ge15pct,Oil_Rents_GDP_Pct_lag1,primary,Oil_Rent_Intensive_Pre2016_ge15pct,Future_Period,train_to_2015__test_from_2016,Ridge,signal_increment,-0.012999999999999994,0.8045
M1_Macro_vs_M2_Macro_Oil__primary__Oil_Rent_Intensive_Pre2016_ge15pct,Oil_Rents_GDP_Pct_lag1,primary,Oil_Rent_Intensive_Pre2016_ge15pct,Future_Period,train_to_2015__test_from_2016,Ridge,signal_increment,-0.012499999999999994,0.7805
M1_Macro_vs_M2_Macro_Oil__primary__Oil_Rent_Intensive_Pre2016_ge15pct,Oil_Rents_GDP_Pct_lag1,primary,Oil_Rent_Intensive_Pre2016_ge15pct,Future_Period,train_to_2015__test_from_2016,Ridge,signal_increment,-0.011999999999999993,0.761
M1_Macro_vs_M2_Macro_Oil__primary__Oil_Rent_Intensive_Pre2016_ge15pct,Oil_Rents_GDP_Pct_lag1,primary,Oil_Rent_Intensive_Pre2016_ge15pct,Future_Period,train_to_2015__test_from_2016,Ridge,signal_increment,-0.011499999999999993,0.739
M1_Macro_vs_M2_Macro_Oil__primary__Oil_Rent_Intensive_Pre2016_ge15pct,Oil_Rents_GDP_Pct_lag1,primary,Oil_Rent_Intensive_Pre2016_ge15pct,Future_Period,train_to_2015__test_from_2016,Ridge,signal_increment,-0.010999999999999992,0.7165
M1_Macro_vs_M2_Macro_Oil__primary__Oil_Rent_Intensive_Pre2016_ge15pct,Oil_Rents_GDP_Pct_lag1,primary,Oil_Rent_Intensive_Pre2016_ge15pct,Future_Period,train_to_2015__test_from_2016,Ridge,signal_increment,-0.010499999999999992,0.6965
M1_Macro_vs_M2_Macro_Oil__primary__Oil_Rent_Intensive_Pre2016_ge15pct,Oil_Rents_GDP_Pct_lag1,primary,Oil_Rent_Intensive_Pre2016_ge15pct,Future_Period,train_to_2015__test_from_2016,Ridge,signal_increment,-0.009999999999999992,0.678
M1_Macro_vs_M2_Macro_Oil__primary__Oil_Rent_Intensive_Pre2016_ge15pct,Oil_Rents_GDP_Pct_lag1,primary,Oil_Rent_Intensive_Pre2016_ge15pct,Future_Period,train_to_2015__test_from_2016,Ridge,signal_increment,-0.009499999999999991,0.6555
M1_Macro_vs_M2_Macro_Oil__primary__Oil_Rent_Intensive_Pre2016_ge15pct,Oil_Rents_GDP_Pct_lag1,primary,Oil_Rent_Intensive_Pre2016_ge15pct,Future_Period,train_to_2015__test_from_2016,Ridge,signal_increment,-0.00899999999999999,0.6315
M1_Macro_vs_M2_Macro_Oil__primary__Oil_Rent_Intensive_Pre2016_ge15pct,Oil_Rents_GDP_Pct_lag1,primary,Oil_Rent_Intensive_Pre2016_ge15pct,Future_Period,train_to_2015__test_from_2016,Ridge,signal_increment,-0.00849999999999999,0.6075
M1_Macro_vs_M2_Macro_Oil__primary__Oil_Rent_Intensive_Pre2016_ge15pct,Oil_Rents_GDP_Pct_lag1,primary,Oil_Rent_Intensive_Pre2016_ge15pct,Future_Period,train_to_2015__test_from_2016,Ridge,signal_increment,-0.00799999999999999,0.5835
M1_Macro_vs_M2_Macro_Oil__primary__Oil_Rent_Intensive_Pre2016_ge15pct,Oil_Rents_GDP_Pct_lag1,primary,Oil_Rent_Intensive_Pre2016_ge15pct,Future_Period,train_to_2015__test_from_2016,Ridge,signal_increment,-0.007499999999999989,0.56
M1_Macro_vs_M2_Macro_Oil__primary__Oil_Rent_Intensive_Pre2016_ge15pct,Oil_Rents_GDP_Pct_lag1,primary,Oil_Rent_Intensive_Pre2016_ge15pct,Future_Period,train_to_2015__test_from_2016,Ridge,signal_increment,-0.006999999999999989,0.53
M1_Macro_vs_M2_Macro_Oil__primary__Oil_Rent_Intensive_Pre2016_ge15pct,Oil_Rents_GDP_Pct_lag1,primary,Oil_Rent_Intensive_Pre2016_ge15pct,Future_Period,train_to_2015__test_from_2016,Ridge,signal_increment,-0.006499999999999988,0.5115
M1_Macro_vs_M2_Macro_Oil__primary__Oil_Rent_Intensive_Pre2016_ge15pct,Oil_Rents_GDP_Pct_lag1,primary,Oil_Rent_Intensive_Pre2016_ge15pct,Future_Period,train_to_2015__test_from_2016,Ridge,signal_increment,-0.005999999999999988,0.4895
M1_Macro_vs_M2_Macro_Oil__primary__Oil_Rent_Intensive_Pre2016_ge15pct,Oil_Rents_GDP_Pct_lag1,primary,Oil_Rent_Intensive_Pre2016_ge15pct,Future_Period,train_to_2015__test_from_2016,Ridge,signal_increment,-0.0054999999999999875,0.469
M1_Macro_vs_M2_Macro_Oil__primary__Oil_Rent_Intensive_Pre2016_ge15pct,Oil_Rents_GDP_Pct_lag1,primary,Oil_Rent_Intensive_Pre2016_ge15pct,Future_Period,train_to_2015__test_from_2016,Ridge,signal_increment,-0.004999999999999987,0.447
M1_Macro_vs_M2_Macro_Oil__primary__Oil_Rent_Intensive_Pre2016_ge15pct,Oil_Rents_GDP_Pct_lag1,primary,Oil_Rent_Intensive_Pre2016_ge15pct,Future_Period,train_to_2015__test_from_2016,Ridge,signal_increment,-0.004499999999999987,0.4225
M1_Macro_vs_M2_Macro_Oil__primary__Oil_Rent_Intensive_Pre2016_ge15pct,Oil_Rents_GDP_Pct_lag1,primary,Oil_Rent_Intensive_Pre2016_ge15pct,Future_Period,train_to_2015__test_from_2016,Ridge,signal_increment,-0.003999999999999986,0.3975
M1_Macro_vs_M2_Macro_Oil__primary__Oil_Rent_Intensive_Pre2016_ge15pct,Oil_Rents_GDP_Pct_lag1,primary,Oil_Rent_Intensive_Pre2016_ge15pct,Future_Period,train_to_2015__test_from_2016,Ridge,signal_increment,-0.0034999999999999858,0.376
M1_Macro_vs_M2_Macro_Oil__primary__Oil_Rent_Intensive_Pre2016_ge15pct,Oil_Rents_GDP_Pct_lag1,primary,Oil_Rent_Intensive_Pre2016_ge15pct,Future_Period,train_to_2015__test_from_2016,Ridge,signal_increment,-0.0029999999999999853,0.3585
M1_Macro_vs_M2_Macro_Oil__primary__Oil_Rent_Intensive_Pre2016_ge15pct,Oil_Rents_GDP_Pct_lag1,primary,Oil_Rent_Intensive_Pre2016_ge15pct,Future_Period,train_to_2015__test_from_2016,Ridge,signal_increment,-0.002499999999999985,0.331
M1_Macro_vs_M2_Macro_Oil__primary__Oil_Rent_Intensive_Pre2016_ge15pct,Oil_Rents_GDP_Pct_lag1,primary,Oil_Rent_Intensive_Pre2016_ge15pct,Future_Period,train_to_2015__test_from_2016,Ridge,signal_increment,-0.0019999999999999844,0.3055
M1_Macro_vs_M2_Macro_Oil__primary__Oil_Rent_Intensive_Pre2016_ge15pct,Oil_Rents_GDP_Pct_lag1,primary,Oil_Rent_Intensive_Pre2016_ge15pct,Future_Period,train_to_2015__test_from_2016,Ridge,signal_increment,-0.001499999999999984,0.281
M1_Macro_vs_M2_Macro_Oil__primary__Oil_Rent_Intensive_Pre2016_ge15pct,Oil_Rents_GDP_Pct_lag1,primary,Oil_Rent_Intensive_Pre2016_ge15pct,Future_Period,train_to_2015__test_from_2016,Ridge,signal_increment,-0.0009999999999999835,0.255
M1_Macro_vs_M2_Macro_Oil__primary__Oil_Rent_Intensive_Pre2016_ge15pct,Oil_Rents_GDP_Pct_lag1,primary,Oil_Rent_Intensive_Pre2016_ge15pct,Future_Period,train_to_2015__test_from_2016,Ridge,signal_increment,-0.0004999999999999831,0.2355
M1_Macro_vs_M2_Macro_Oil__primary__Oil_Rent_Intensive_Pre2016_ge15pct,Oil_Rents_GDP_Pct_lag1,primary,Oil_Rent_Intensive_Pre2016_ge15pct,Future_Period,train_to_2015__test_from_2016,Ridge,signal_increment,1.734723475976807e-17,0.211
M1_Macro_vs_M2_Macro_Oil__primary__Oil_Rent_Intensive_Pre2016_ge15pct,Oil_Rents_GDP_Pct_lag1,primary,Oil_Rent_Intensive_Pre2016_ge15pct,Future_Period,train_to_2015__test_from_2016,Ridge,signal_increment,0.0005000000000000178,0.1955
M1_Macro_vs_M2_Macro_Oil__primary__Oil_Rent_Intensive_Pre2016_ge15pct,Oil_Rents_GDP_Pct_lag1,primary,Oil_Rent_Intensive_Pre2016_ge15pct,Future_Period,train_to_2015__test_from_2016,Ridge,signal_increment,0.0010000000000000182,0.179
M1_Macro_vs_M2_Macro_Oil__primary__Oil_Rent_Intensive_Pre2016_ge15pct,Oil_Rents_GDP_Pct_lag1,primary,Oil_Rent_Intensive_Pre2016_ge15pct,Future_Period,train_to_2015__test_from_2016,Ridge,signal_increment,0.0015000000000000187,0.166
M1_Macro_vs_M2_Macro_Oil__primary__Oil_Rent_Intensive_Pre2016_ge15pct,Oil_Rents_GDP_Pct_lag1,primary,Oil_Rent_Intensive_Pre2016_ge15pct,Future_Period,train_to_2015__test_from_2016,Ridge,signal_increment,0.002000000000000019,0.1515
M1_Macro_vs_M2_Macro_Oil__primary__Oil_Rent_Intensive_Pre2016_ge15pct,Oil_Rents_GDP_Pct_lag1,primary,Oil_Rent_Intensive_Pre2016_ge15pct,Future_Period,train_to_2015__test_from_2016,Ridge,signal_increment,0.0025000000000000196,0.1345
M1_Macro_vs_M2_Macro_Oil__primary__Oil_Rent_Intensive_Pre2016_ge15pct,Oil_Rents_GDP_Pct_lag1,primary,Oil_Rent_Intensive_Pre2016_ge15pct,Future_Period,train_to_2015__test_from_2016,Ridge,signal_increment,0.00300000000000002,0.116
M1_Macro_vs_M2_Macro_Oil__primary__Oil_Rent_Intensive_Pre2016_ge15pct,Oil_Rents_GDP_Pct_lag1,primary,Oil_Rent_Intensive_Pre2016_ge15pct,Future_Period,train_to_2015__test_from_2016,Ridge,signal_increment,0.0035000000000000205,0.105
M1_Macro_vs_M2_Macro_Oil__primary__Oil_Rent_Intensive_Pre2016_ge15pct,Oil_Rents_GDP_Pct_lag1,primary,Oil_Rent_Intensive_Pre2016_ge15pct,Future_Period,train_to_2015__test_from_2016,Ridge,signal_increment,0.004000000000000021,0.0945
M1_Macro_vs_M2_Macro_Oil__primary__Oil_Rent_Intensive_Pre2016_ge15pct,Oil_Rents_GDP_Pct_lag1,primary,Oil_Rent_Intensive_Pre2016_ge15pct,Future_Period,train_to_2015__test_from_2016,Ridge,signal_increment,0.004500000000000021,0.0835
M1_Macro_vs_M2_Macro_Oil__primary__Oil_Rent_Intensive_Pre2016_ge15pct,Oil_Rents_GDP_Pct_lag1,primary,Oil_Rent_Intensive_Pre2016_ge15pct,Future_Period,train_to_2015__test_from_2016,Ridge,signal_increment,0.005000000000000022,0.0775
M1_Macro_vs_M2_Macro_Oil__primary__Oil_Rent_Intensive_Pre2016_ge15pct,Oil_Rents_GDP_Pct_lag1,primary,Oil_Rent_Intensive_Pre2016_ge15pct,Future_Period,train_to_2015__test_from_2016,Ridge,signal_increment,0.005500000000000022,0.0685
M1_Macro_vs_M2_Macro_Oil__primary__Oil_Rent_Intensive_Pre2016_ge15pct,Oil_Rents_GDP_Pct_lag1,primary,Oil_Rent_Intensive_Pre2016_ge15pct,Future_Period,train_to_2015__test_from_2016,Ridge,signal_increment,0.006000000000000023,0.058
M1_Macro_vs_M2_Macro_Oil__primary__Oil_Rent_Intensive_Pre2016_ge15pct,Oil_Rents_GDP_Pct_lag1,primary,Oil_Rent_Intensive_Pre2016_ge15pct,Future_Period,train_to_2015__test_from_2016,Ridge,signal_increment,0.006500000000000023,0.047
M1_Macro_vs_M2_Macro_Oil__primary__Oil_Rent_Intensive_Pre2016_ge15pct,Oil_Rents_GDP_Pct_lag1,primary,Oil_Rent_Intensive_Pre2016_ge15pct,Future_Period,train_to_2015__test_from_2016,Ridge,signal_increment,0.0070000000000000236,0.0425
M1_Macro_vs_M2_Macro_Oil__primary__Oil_Rent_Intensive_Pre2016_ge15pct,Oil_Rents_GDP_Pct_lag1,primary,Oil_Rent_Intensive_Pre2016_ge15pct,Future_Period,train_to_2015__test_from_2016,Ridge,signal_increment,0.007500000000000024,0.038
M1_Macro_vs_M2_Macro_Oil__primary__Oil_Rent_Intensive_Pre2016_ge15pct,Oil_Rents_GDP_Pct_lag1,primary,Oil_Rent_Intensive_Pre2016_ge15pct,Future_Period,train_to_2015__test_from_2016,Ridge,signal_increment,0.008000000000000024,0.0335
M1_Macro_vs_M2_Macro_Oil__primary__Oil_Rent_Intensive_Pre2016_ge15pct,Oil_Rents_GDP_Pct_lag1,primary,Oil_Rent_Intensive_Pre2016_ge15pct,Future_Period,train_to_2015__test_from_2016,Ridge,signal_increment,0.008500000000000025,0.0275
M1_Macro_vs_M2_Macro_Oil__primary__Oil_Rent_Intensive_Pre2016_ge15pct,Oil_Rents_GDP_Pct_lag1,primary,Oil_Rent_Intensive_Pre2016_ge15pct,Future_Period,train_to_2015__test_from_2016,Ridge,signal_increment,0.009000000000000025,0.023
M1_Macro_vs_M2_Macro_Oil__primary__Oil_Rent_Intensive_Pre2016_ge15pct,Oil_Rents_GDP_Pct_lag1,primary,Oil_Rent_Intensive_Pre2016_ge15pct,Future_Period,train_to_2015__test_from_2016,Ridge,signal_increment,0.009500000000000026,0.019
M1_Macro_vs_M2_Macro_Oil__primary__Oil_Rent_Intensive_Pre2016_ge15pct,Oil_Rents_GDP_Pct_lag1,primary,Oil_Rent_Intensive_Pre2016_ge15pct,Future_Period,train_to_2015__test_from_2016,Ridge,signal_increment,0.010000000000000026,0.0165
M1_Macro_vs_M2_Macro_Oil__primary__Oil_Rent_Intensive_Pre2016_ge15pct,Oil_Rents_GDP_Pct_lag1,primary,Oil_Rent_Intensive_Pre2016_ge15pct,Future_Period,train_to_2015__test_from_2016,Ridge,signal_increment,0.010500000000000027,0.014
M1_Macro_vs_M2_Macro_Oil__primary__Oil_Rent_Intensive_Pre2016_ge15pct,Oil_Rents_GDP_Pct_lag1,primary,Oil_Rent_Intensive_Pre2016_ge15pct,Future_Period,train_to_2015__test_from_2016,Ridge,signal_increment,0.011000000000000027,0.0125
M1_Macro_vs_M2_Macro_Oil__primary__Oil_Rent_Intensive_Pre2016_ge15pct,Oil_Rents_GDP_Pct_lag1,primary,Oil_Rent_Intensive_Pre2016_ge15pct,Future_Period,train_to_2015__test_from_2016,Ridge,signal_increment,0.011500000000000028,0.0105
M1_Macro_vs_M2_Macro_Oil__primary__Oil_Rent_Intensive_Pre2016_ge15pct,Oil_Rents_GDP_Pct_lag1,primary,Oil_Rent_Intensive_Pre2016_ge15pct,Future_Period,train_to_2015__test_from_2016,Ridge,signal_increment,0.012000000000000028,0.009
M1_Macro_vs_M2_Macro_Oil__primary__Oil_Rent_Intensive_Pre2016_ge15pct,Oil_Rents_GDP_Pct_lag1,primary,Oil_Rent_Intensive_Pre2016_ge15pct,Future_Period,train_to_2015__test_from_2016,Ridge,signal_increment,0.012500000000000028,0.007
M1_Macro_vs_M2_Macro_Oil__primary__Oil_Rent_Intensive_Pre2016_ge15pct,Oil_Rents_GDP_Pct_lag1,primary,Oil_Rent_Intensive_Pre2016_ge15pct,Future_Period,train_to_2015__test_from_2016,Ridge,signal_increment,0.013000000000000029,0.007
M1_Macro_vs_M2_Macro_Oil__primary__Oil_Rent_Intensive_Pre2016_ge15pct,Oil_Rents_GDP_Pct_lag1,primary,Oil_Rent_Intensive_Pre2016_ge15pct,Future_Period,train_to_2015__test_from_2016,Ridge,signal_increment,0.01350000000000003,0.006
M1_Macro_vs_M2_Macro_Oil__primary__Oil_Rent_Intensive_Pre2016_ge15pct,Oil_Rents_GDP_Pct_lag1,primary,Oil_Rent_Intensive_Pre2016_ge15pct,Future_Period,train_to_2015__test_from_2016,Ridge,signal_increment,0.01400000000000003,0.005
M1_Macro_vs_M2_Macro_Oil__primary__Oil_Rent_Intensive_Pre2016_ge15pct,Oil_Rents_GDP_Pct_lag1,primary,Oil_Rent_Intensive_Pre2016_ge15pct,Future_Period,train_to_2015__test_from_2016,Ridge,signal_increment,0.01450000000000003,0.0045
M1_Macro_vs_M2_Macro_Oil__primary__Oil_Rent_Intensive_Pre2016_ge15pct,Oil_Rents_GDP_Pct_lag1,primary,Oil_Rent_Intensive_Pre2016_ge15pct,Future_Period,train_to_2015__test_from_2016,Ridge,signal_increment,0.01500000000000003,0.004
M1_Macro_vs_M2_Macro_Oil__primary__Oil_Rent_Intensive_Pre2016_ge15pct,Oil_Rents_GDP_Pct_lag1,primary,Oil_Rent_Intensive_Pre2016_ge15pct,Future_Period,train_to_2015__test_from_2016,Ridge,signal_increment,0.015500000000000031,0.004
M1_Macro_vs_M2_Macro_Oil__primary__Oil_Rent_Intensive_Pre2016_ge15pct,Oil_Rents_GDP_Pct_lag1,primary,Oil_Rent_Intensive_Pre2016_ge15pct,Future_Period,train_to_2015__test_from_2016,Ridge,signal_increment,0.01600000000000003,0.0035
M1_Macro_vs_M2_Macro_Oil__primary__Oil_Rent_Intensive_Pre2016_ge15pct,Oil_Rents_GDP_Pct_lag1,primary,Oil_Rent_Intensive_Pre2016_ge15pct,Future_Period,train_to_2015__test_from_2016,Ridge,signal_increment,0.016500000000000032,0.003
M1_Macro_vs_M2_Macro_Oil__primary__Oil_Rent_Intensive_Pre2016_ge15pct,Oil_Rents_GDP_Pct_lag1,primary,Oil_Rent_Intensive_Pre2016_ge15pct,Future_Period,train_to_2015__test_from_2016,Ridge,signal_increment,0.017000000000000032,0.003
M1_Macro_vs_M2_Macro_Oil__primary__Oil_Rent_Intensive_Pre2016_ge15pct,Oil_Rents_GDP_Pct_lag1,primary,Oil_Rent_Intensive_Pre2016_ge15pct,Future_Period,train_to_2015__test_from_2016,Ridge,signal_increment,0.017500000000000033,0.003
M1_Macro_vs_M2_Macro_Oil__primary__Oil_Rent_Intensive_Pre2016_ge15pct,Oil_Rents_GDP_Pct_lag1,primary,Oil_Rent_Intensive_Pre2016_ge15pct,Future_Period,train_to_2015__test_from_2016,Ridge,signal_increment,0.018000000000000033,0.003
M1_Macro_vs_M2_Macro_Oil__primary__Oil_Rent_Intensive_Pre2016_ge15pct,Oil_Rents_GDP_Pct_lag1,primary,Oil_Rent_Intensive_Pre2016_ge15pct,Future_Period,train_to_2015__test_from_2016,Ridge,signal_increment,0.018500000000000034,0.0025
M1_Macro_vs_M2_Macro_Oil__primary__Oil_Rent_Intensive_Pre2016_ge15pct,Oil_Rents_GDP_Pct_lag1,primary,Oil_Rent_Intensive_Pre2016_ge15pct,Future_Period,train_to_2015__test_from_2016,Ridge,signal_increment,0.019000000000000034,0.0025
M1_Macro_vs_M2_Macro_Oil__primary__Oil_Rent_Intensive_Pre2016_ge15pct,Oil_Rents_GDP_Pct_lag1,primary,Oil_Rent_Intensive_Pre2016_ge15pct,Future_Period,train_to_2015__test_from_2016,Ridge,signal_increment,0.019500000000000035,0.0015
M1_Macro_vs_M2_Macro_Oil__primary__Oil_Rent_Intensive_Pre2016_ge15pct,Oil_Rents_GDP_Pct_lag1,primary,Oil_Rent_Intensive_Pre2016_ge15pct,Future_Period,train_to_2015__test_from_2016,Ridge,signal_increment,0.020000000000000035,0.001
M1_Macro_vs_M2_Macro_Oil__primary__Oil_Rent_Intensive_Pre2016_ge15pct,Oil_Rents_GDP_Pct_lag1,primary,Oil_Rent_Intensive_Pre2016_ge15pct,Future_Period,train_to_2015__test_from_2016,Ridge,signal_increment,0.020500000000000036,0.001
M1_Macro_vs_M2_Macro_Oil__primary__Oil_Rent_Intensive_Pre2016_ge15pct,Oil_Rents_GDP_Pct_lag1,primary,Oil_Rent_Intensive_Pre2016_ge15pct,Future_Period,train_to_2015__test_from_2016,Ridge,signal_increment,0.021000000000000036,0.0005
M1_Macro_vs_M2_Macro_Oil__primary__Oil_Rent_Intensive_Pre2016_ge15pct,Oil_Rents_GDP_Pct_lag1,primary,Oil_Rent_Intensive_Pre2016_ge15pct,Future_Period,train_to_2015__test_from_2016,Ridge,signal_increment,0.021500000000000036,0.0005
M1_Macro_vs_M2_Macro_Oil__primary__Oil_Rent_Intensive_Pre2016_ge15pct,Oil_Rents_GDP_Pct_lag1,primary,Oil_Rent_Intensive_Pre2016_ge15pct,Future_Period,train_to_2015__test_from_2016,Ridge,signal_increment,0.022000000000000037,0.0005
M1_Macro_vs_M2_Macro_Oil__primary__Oil_Rent_Intensive_Pre2016_ge15pct,Oil_Rents_GDP_Pct_lag1,primary,Oil_Rent_Intensive_Pre2016_ge15pct,Future_Period,train_to_2015__test_from_2016,Ridge,signal_increment,0.022500000000000037,0.0005
M1_Macro_vs_M2_Macro_Oil__primary__Oil_Rent_Intensive_Pre2016_ge15pct,Oil_Rents_GDP_Pct_lag1,primary,Oil_Rent_Intensive_Pre2016_ge15pct,Future_Period,train_to_2015__test_from_2016,Ridge,signal_increment,0.023000000000000038,0.0005
M1_Macro_vs_M2_Macro_Oil__primary__Oil_Rent_Intensive_Pre2016_ge15pct,Oil_Rents_GDP_Pct_lag1,primary,Oil_Rent_Intensive_Pre2016_ge15pct,Future_Period,train_to_2015__test_from_2016,Ridge,signal_increment,0.023500000000000038,0.0005
M1_Macro_vs_M2_Macro_Oil__primary__Oil_Rent_Intensive_Pre2016_ge15pct,Oil_Rents_GDP_Pct_lag1,primary,Oil_Rent_Intensive_Pre2016_ge15pct,Future_Period,train_to_2015__test_from_2016,Ridge,signal_increment,0.02400000000000004,0.0
M1_Macro_vs_M2_Macro_Oil__primary__Oil_Rent_Intensive_Pre2016_ge15pct,Oil_Rents_GDP_Pct_lag1,primary,Oil_Rent_Intensive_Pre2016_ge15pct,Future_Period,train_to_2015__test_from_2016,Ridge,signal_increment,0.02450000000000004,0.0
M1_Macro_vs_M2_Macro_Oil__primary__Oil_Rent_Intensive_Pre2016_ge15pct,Oil_Rents_GDP_Pct_lag1,primary,Oil_Rent_Intensive_Pre2016_ge15pct,Future_Period,train_to_2015__test_from_2016,Ridge,signal_increment,0.02500000000000004,0.0
M1_Macro_vs_M2_Macro_Oil__primary__Oil_Rent_Intensive_Pre2016_ge15pct,Oil_Rents_GDP_Pct_lag1,primary,Oil_Rent_Intensive_Pre2016_ge15pct,Future_Period,train_to_2015__test_from_2016,Ridge,signal_increment,0.02550000000000004,0.0
M1_Macro_vs_M2_Macro_Oil__primary__Oil_Rent_Intensive_Pre2016_ge15pct,Oil_Rents_GDP_Pct_lag1,primary,Oil_Rent_Intensive_Pre2016_ge15pct,Future_Period,train_to_2015__test_from_2016,Ridge,signal_increment,0.02600000000000004,0.0
M1_Macro_vs_M2_Macro_Oil__primary__Oil_Rent_Intensive_Pre2016_ge15pct,Oil_Rents_GDP_Pct_lag1,primary,Oil_Rent_Intensive_Pre2016_ge15pct,Future_Period,train_to_2015__test_from_2016,Ridge,signal_increment,0.02650000000000004,0.0
M1_Macro_vs_M2_Macro_Oil__primary__Oil_Rent_Intensive_Pre2016_ge15pct,Oil_Rents_GDP_Pct_lag1,primary,Oil_Rent_Intensive_Pre2016_ge15pct,Future_Period,train_to_2015__test_from_2016,Ridge,signal_increment,0.02700000000000004,0.0
M1_Macro_vs_M2_Macro_Oil__primary__Oil_Rent_Intensive_Pre2016_ge15pct,Oil_Rents_GDP_Pct_lag1,primary,Oil_Rent_Intensive_Pre2016_ge15pct,Future_Period,train_to_2015__test_from_2016,Ridge,signal_increment,0.027500000000000042,0.0
M1_Macro_vs_M2_Macro_Oil__primary__Oil_Rent_Intensive_Pre2016_ge15pct,Oil_Rents_GDP_Pct_lag1,primary,Oil_Rent_Intensive_Pre2016_ge15pct,Future_Period,train_to_2015__test_from_2016,Ridge,signal_increment,0.028000000000000042,0.0
M1_Macro_vs_M2_Macro_Oil__primary__Oil_Rent_Intensive_Pre2016_ge15pct,Oil_Rents_GDP_Pct_lag1,primary,Oil_Rent_Intensive_Pre2016_ge15pct,Future_Period,train_to_2015__test_from_2016,Ridge,signal_increment,0.028500000000000043,0.0
M1_Macro_vs_M2_Macro_Oil__primary__Oil_Rent_Intensive_Pre2016_ge15pct,Oil_Rents_GDP_Pct_lag1,primary,Oil_Rent_Intensive_Pre2016_ge15pct,Future_Period,train_to_2015__test_from_2016,Ridge,signal_increment,0.029000000000000043,0.0
M1_Macro_vs_M2_Macro_Oil__primary__Oil_Rent_Intensive_Pre2016_ge15pct,Oil_Rents_GDP_Pct_lag1,primary,Oil_Rent_Intensive_Pre2016_ge15pct,Future_Period,train_to_2015__test_from_2016,Ridge,signal_increment,0.029500000000000044,0.0
M1_Macro_vs_M2_Macro_Oil__primary__Oil_Rent_Intensive_Pre2016_ge15pct,Oil_Rents_GDP_Pct_lag1,primary,Oil_Rent_Intensive_Pre2016_ge15pct,Future_Period,train_to_2015__test_from_2016,Ridge,signal_increment,0.030000000000000044,0.0
M1_Macro_vs_M2_Macro_Oil__primary__Oil_Rent_Intensive_Pre2016_ge15pct,Oil_Rents_GDP_Pct_lag1,primary,Oil_Rent_Intensive_Pre2016_ge15pct,Future_Period,train_to_2015__test_from_2016,Ridge,added_model_vs_strongest_benchmark,-0.02,0.8255
M1_Macro_vs_M2_Macro_Oil__primary__Oil_Rent_Intensive_Pre2016_ge15pct,Oil_Rents_GDP_Pct_lag1,primary,Oil_Rent_Intensive_Pre2016_ge15pct,Future_Period,train_to_2015__test_from_2016,Ridge,added_model_vs_strongest_benchmark,-0.0195,0.8245
M1_Macro_vs_M2_Macro_Oil__primary__Oil_Rent_Intensive_Pre2016_ge15pct,Oil_Rents_GDP_Pct_lag1,primary,Oil_Rent_Intensive_Pre2016_ge15pct,Future_Period,train_to_2015__test_from_2016,Ridge,added_model_vs_strongest_benchmark,-0.019,0.824
M1_Macro_vs_M2_Macro_Oil__primary__Oil_Rent_Intensive_Pre2016_ge15pct,Oil_Rents_GDP_Pct_lag1,primary,Oil_Rent_Intensive_Pre2016_ge15pct,Future_Period,train_to_2015__test_from_2016,Ridge,added_model_vs_strongest_benchmark,-0.0185,0.8235
M1_Macro_vs_M2_Macro_Oil__primary__Oil_Rent_Intensive_Pre2016_ge15pct,Oil_Rents_GDP_Pct_lag1,primary,Oil_Rent_Intensive_Pre2016_ge15pct,Future_Period,train_to_2015__test_from_2016,Ridge,added_model_vs_strongest_benchmark,-0.018,0.8215
M1_Macro_vs_M2_Macro_Oil__primary__Oil_Rent_Intensive_Pre2016_ge15pct,Oil_Rents_GDP_Pct_lag1,primary,Oil_Rent_Intensive_Pre2016_ge15pct,Future_Period,train_to_2015__test_from_2016,Ridge,added_model_vs_strongest_benchmark,-0.017499999999999998,0.821
M1_Macro_vs_M2_Macro_Oil__primary__Oil_Rent_Intensive_Pre2016_ge15pct,Oil_Rents_GDP_Pct_lag1,primary,Oil_Rent_Intensive_Pre2016_ge15pct,Future_Period,train_to_2015__test_from_2016,Ridge,added_model_vs_strongest_benchmark,-0.016999999999999998,0.818
M1_Macro_vs_M2_Macro_Oil__primary__Oil_Rent_Intensive_Pre2016_ge15pct,Oil_Rents_GDP_Pct_lag1,primary,Oil_Rent_Intensive_Pre2016_ge15pct,Future_Period,train_to_2015__test_from_2016,Ridge,added_model_vs_strongest_benchmark,-0.016499999999999997,0.816
M1_Macro_vs_M2_Macro_Oil__primary__Oil_Rent_Intensive_Pre2016_ge15pct,Oil_Rents_GDP_Pct_lag1,primary,Oil_Rent_Intensive_Pre2016_ge15pct,Future_Period,train_to_2015__test_from_2016,Ridge,added_model_vs_strongest_benchmark,-0.015999999999999997,0.8145
M1_Macro_vs_M2_Macro_Oil__primary__Oil_Rent_Intensive_Pre2016_ge15pct,Oil_Rents_GDP_Pct_lag1,primary,Oil_Rent_Intensive_Pre2016_ge15pct,Future_Period,train_to_2015__test_from_2016,Ridge,added_model_vs_strongest_benchmark,-0.015499999999999996,0.8125
M1_Macro_vs_M2_Macro_Oil__primary__Oil_Rent_Intensive_Pre2016_ge15pct,Oil_Rents_GDP_Pct_lag1,primary,Oil_Rent_Intensive_Pre2016_ge15pct,Future_Period,train_to_2015__test_from_2016,Ridge,added_model_vs_strongest_benchmark,-0.014999999999999996,0.8115
M1_Macro_vs_M2_Macro_Oil__primary__Oil_Rent_Intensive_Pre2016_ge15pct,Oil_Rents_GDP_Pct_lag1,primary,Oil_Rent_Intensive_Pre2016_ge15pct,Future_Period,train_to_2015__test_from_2016,Ridge,added_model_vs_strongest_benchmark,-0.014499999999999996,0.81
M1_Macro_vs_M2_Macro_Oil__primary__Oil_Rent_Intensive_Pre2016_ge15pct,Oil_Rents_GDP_Pct_lag1,primary,Oil_Rent_Intensive_Pre2016_ge15pct,Future_Period,train_to_2015__test_from_2016,Ridge,added_model_vs_strongest_benchmark,-0.013999999999999995,0.808
M1_Macro_vs_M2_Macro_Oil__primary__Oil_Rent_Intensive_Pre2016_ge15pct,Oil_Rents_GDP_Pct_lag1,primary,Oil_Rent_Intensive_Pre2016_ge15pct,Future_Period,train_to_2015__test_from_2016,Ridge,added_model_vs_strongest_benchmark,-0.013499999999999995,0.805
M1_Macro_vs_M2_Macro_Oil__primary__Oil_Rent_Intensive_Pre2016_ge15pct,Oil_Rents_GDP_Pct_lag1,primary,Oil_Rent_Intensive_Pre2016_ge15pct,Future_Period,train_to_2015__test_from_2016,Ridge,added_model_vs_strongest_benchmark,-0.012999999999999994,0.8045
M1_Macro_vs_M2_Macro_Oil__primary__Oil_Rent_Intensive_Pre2016_ge15pct,Oil_Rents_GDP_Pct_lag1,primary,Oil_Rent_Intensive_Pre2016_ge15pct,Future_Period,train_to_2015__test_from_2016,Ridge,added_model_vs_strongest_benchmark,-0.012499999999999994,0.8035
M1_Macro_vs_M2_Macro_Oil__primary__Oil_Rent_Intensive_Pre2016_ge15pct,Oil_Rents_GDP_Pct_lag1,primary,Oil_Rent_Intensive_Pre2016_ge15pct,Future_Period,train_to_2015__test_from_2016,Ridge,added_model_vs_strongest_benchmark,-0.011999999999999993,0.802
M1_Macro_vs_M2_Macro_Oil__primary__Oil_Rent_Intensive_Pre2016_ge15pct,Oil_Rents_GDP_Pct_lag1,primary,Oil_Rent_Intensive_Pre2016_ge15pct,Future_Period,train_to_2015__test_from_2016,Ridge,added_model_vs_strongest_benchmark,-0.011499999999999993,0.8005
M1_Macro_vs_M2_Macro_Oil__primary__Oil_Rent_Intensive_Pre2016_ge15pct,Oil_Rents_GDP_Pct_lag1,primary,Oil_Rent_Intensive_Pre2016_ge15pct,Future_Period,train_to_2015__test_from_2016,Ridge,added_model_vs_strongest_benchmark,-0.010999999999999992,0.7985
M1_Macro_vs_M2_Macro_Oil__primary__Oil_Rent_Intensive_Pre2016_ge15pct,Oil_Rents_GDP_Pct_lag1,primary,Oil_Rent_Intensive_Pre2016_ge15pct,Future_Period,train_to_2015__test_from_2016,Ridge,added_model_vs_strongest_benchmark,-0.010499999999999992,0.796
M1_Macro_vs_M2_Macro_Oil__primary__Oil_Rent_Intensive_Pre2016_ge15pct,Oil_Rents_GDP_Pct_lag1,primary,Oil_Rent_Intensive_Pre2016_ge15pct,Future_Period,train_to_2015__test_from_2016,Ridge,added_model_vs_strongest_benchmark,-0.009999999999999992,0.795
M1_Macro_vs_M2_Macro_Oil__primary__Oil_Rent_Intensive_Pre2016_ge15pct,Oil_Rents_GDP_Pct_lag1,primary,Oil_Rent_Intensive_Pre2016_ge15pct,Future_Period,train_to_2015__test_from_2016,Ridge,added_model_vs_strongest_benchmark,-0.009499999999999991,0.794
M1_Macro_vs_M2_Macro_Oil__primary__Oil_Rent_Intensive_Pre2016_ge15pct,Oil_Rents_GDP_Pct_lag1,primary,Oil_Rent_Intensive_Pre2016_ge15pct,Future_Period,train_to_2015__test_from_2016,Ridge,added_model_vs_strongest_benchmark,-0.00899999999999999,0.7925
M1_Macro_vs_M2_Macro_Oil__primary__Oil_Rent_Intensive_Pre2016_ge15pct,Oil_Rents_GDP_Pct_lag1,primary,Oil_Rent_Intensive_Pre2016_ge15pct,Future_Period,train_to_2015__test_from_2016,Ridge,added_model_vs_strongest_benchmark,-0.00849999999999999,0.791
M1_Macro_vs_M2_Macro_Oil__primary__Oil_Rent_Intensive_Pre2016_ge15pct,Oil_Rents_GDP_Pct_lag1,primary,Oil_Rent_Intensive_Pre2016_ge15pct,Future_Period,train_to_2015__test_from_2016,Ridge,added_model_vs_strongest_benchmark,-0.00799999999999999,0.7885
M1_Macro_vs_M2_Macro_Oil__primary__Oil_Rent_Intensive_Pre2016_ge15pct,Oil_Rents_GDP_Pct_lag1,primary,Oil_Rent_Intensive_Pre2016_ge15pct,Future_Period,train_to_2015__test_from_2016,Ridge,added_model_vs_strongest_benchmark,-0.007499999999999989,0.784
M1_Macro_vs_M2_Macro_Oil__primary__Oil_Rent_Intensive_Pre2016_ge15pct,Oil_Rents_GDP_Pct_lag1,primary,Oil_Rent_Intensive_Pre2016_ge15pct,Future_Period,train_to_2015__test_from_2016,Ridge,added_model_vs_strongest_benchmark,-0.006999999999999989,0.782
M1_Macro_vs_M2_Macro_Oil__primary__Oil_Rent_Intensive_Pre2016_ge15pct,Oil_Rents_GDP_Pct_lag1,primary,Oil_Rent_Intensive_Pre2016_ge15pct,Future_Period,train_to_2015__test_from_2016,Ridge,added_model_vs_strongest_benchmark,-0.006499999999999988,0.7815
M1_Macro_vs_M2_Macro_Oil__primary__Oil_Rent_Intensive_Pre2016_ge15pct,Oil_Rents_GDP_Pct_lag1,primary,Oil_Rent_Intensive_Pre2016_ge15pct,Future_Period,train_to_2015__test_from_2016,Ridge,added_model_vs_strongest_benchmark,-0.005999999999999988,0.781
M1_Macro_vs_M2_Macro_Oil__primary__Oil_Rent_Intensive_Pre2016_ge15pct,Oil_Rents_GDP_Pct_lag1,primary,Oil_Rent_Intensive_Pre2016_ge15pct,Future_Period,train_to_2015__test_from_2016,Ridge,added_model_vs_strongest_benchmark,-0.0054999999999999875,0.78
M1_Macro_vs_M2_Macro_Oil__primary__Oil_Rent_Intensive_Pre2016_ge15pct,Oil_Rents_GDP_Pct_lag1,primary,Oil_Rent_Intensive_Pre2016_ge15pct,Future_Period,train_to_2015__test_from_2016,Ridge,added_model_vs_strongest_benchmark,-0.004999999999999987,0.778
M1_Macro_vs_M2_Macro_Oil__primary__Oil_Rent_Intensive_Pre2016_ge15pct,Oil_Rents_GDP_Pct_lag1,primary,Oil_Rent_Intensive_Pre2016_ge15pct,Future_Period,train_to_2015__test_from_2016,Ridge,added_model_vs_strongest_benchmark,-0.004499999999999987,0.777
M1_Macro_vs_M2_Macro_Oil__primary__Oil_Rent_Intensive_Pre2016_ge15pct,Oil_Rents_GDP_Pct_lag1,primary,Oil_Rent_Intensive_Pre2016_ge15pct,Future_Period,train_to_2015__test_from_2016,Ridge,added_model_vs_strongest_benchmark,-0.003999999999999986,0.776
M1_Macro_vs_M2_Macro_Oil__primary__Oil_Rent_Intensive_Pre2016_ge15pct,Oil_Rents_GDP_Pct_lag1,primary,Oil_Rent_Intensive_Pre2016_ge15pct,Future_Period,train_to_2015__test_from_2016,Ridge,added_model_vs_strongest_benchmark,-0.0034999999999999858,0.7735
M1_Macro_vs_M2_Macro_Oil__primary__Oil_Rent_Intensive_Pre2016_ge15pct,Oil_Rents_GDP_Pct_lag1,primary,Oil_Rent_Intensive_Pre2016_ge15pct,Future_Period,train_to_2015__test_from_2016,Ridge,added_model_vs_strongest_benchmark,-0.0029999999999999853,0.7735
M1_Macro_vs_M2_Macro_Oil__primary__Oil_Rent_Intensive_Pre2016_ge15pct,Oil_Rents_GDP_Pct_lag1,primary,Oil_Rent_Intensive_Pre2016_ge15pct,Future_Period,train_to_2015__test_from_2016,Ridge,added_model_vs_strongest_benchmark,-0.002499999999999985,0.77
M1_Macro_vs_M2_Macro_Oil__primary__Oil_Rent_Intensive_Pre2016_ge15pct,Oil_Rents_GDP_Pct_lag1,primary,Oil_Rent_Intensive_Pre2016_ge15pct,Future_Period,train_to_2015__test_from_2016,Ridge,added_model_vs_strongest_benchmark,-0.0019999999999999844,0.768
M1_Macro_vs_M2_Macro_Oil__primary__Oil_Rent_Intensive_Pre2016_ge15pct,Oil_Rents_GDP_Pct_lag1,primary,Oil_Rent_Intensive_Pre2016_ge15pct,Future_Period,train_to_2015__test_from_2016,Ridge,added_model_vs_strongest_benchmark,-0.001499999999999984,0.7665
M1_Macro_vs_M2_Macro_Oil__primary__Oil_Rent_Intensive_Pre2016_ge15pct,Oil_Rents_GDP_Pct_lag1,primary,Oil_Rent_Intensive_Pre2016_ge15pct,Future_Period,train_to_2015__test_from_2016,Ridge,added_model_vs_strongest_benchmark,-0.0009999999999999835,0.766
M1_Macro_vs_M2_Macro_Oil__primary__Oil_Rent_Intensive_Pre2016_ge15pct,Oil_Rents_GDP_Pct_lag1,primary,Oil_Rent_Intensive_Pre2016_ge15pct,Future_Period,train_to_2015__test_from_2016,Ridge,added_model_vs_strongest_benchmark,-0.0004999999999999831,0.7635
M1_Macro_vs_M2_Macro_Oil__primary__Oil_Rent_Intensive_Pre2016_ge15pct,Oil_Rents_GDP_Pct_lag1,primary,Oil_Rent_Intensive_Pre2016_ge15pct,Future_Period,train_to_2015__test_from_2016,Ridge,added_model_vs_strongest_benchmark,1.734723475976807e-17,0.7625
M1_Macro_vs_M2_Macro_Oil__primary__Oil_Rent_Intensive_Pre2016_ge15pct,Oil_Rents_GDP_Pct_lag1,primary,Oil_Rent_Intensive_Pre2016_ge15pct,Future_Period,train_to_2015__test_from_2016,Ridge,added_model_vs_strongest_benchmark,0.0005000000000000178,0.761
M1_Macro_vs_M2_Macro_Oil__primary__Oil_Rent_Intensive_Pre2016_ge15pct,Oil_Rents_GDP_Pct_lag1,primary,Oil_Rent_Intensive_Pre2016_ge15pct,Future_Period,train_to_2015__test_from_2016,Ridge,added_model_vs_strongest_benchmark,0.0010000000000000182,0.7595
M1_Macro_vs_M2_Macro_Oil__primary__Oil_Rent_Intensive_Pre2016_ge15pct,Oil_Rents_GDP_Pct_lag1,primary,Oil_Rent_Intensive_Pre2016_ge15pct,Future_Period,train_to_2015__test_from_2016,Ridge,added_model_vs_strongest_benchmark,0.0015000000000000187,0.7585
M1_Macro_vs_M2_Macro_Oil__primary__Oil_Rent_Intensive_Pre2016_ge15pct,Oil_Rents_GDP_Pct_lag1,primary,Oil_Rent_Intensive_Pre2016_ge15pct,Future_Period,train_to_2015__test_from_2016,Ridge,added_model_vs_strongest_benchmark,0.002000000000000019,0.755
M1_Macro_vs_M2_Macro_Oil__primary__Oil_Rent_Intensive_Pre2016_ge15pct,Oil_Rents_GDP_Pct_lag1,primary,Oil_Rent_Intensive_Pre2016_ge15pct,Future_Period,train_to_2015__test_from_2016,Ridge,added_model_vs_strongest_benchmark,0.0025000000000000196,0.754
M1_Macro_vs_M2_Macro_Oil__primary__Oil_Rent_Intensive_Pre2016_ge15pct,Oil_Rents_GDP_Pct_lag1,primary,Oil_Rent_Intensive_Pre2016_ge15pct,Future_Period,train_to_2015__test_from_2016,Ridge,added_model_vs_strongest_benchmark,0.00300000000000002,0.754
M1_Macro_vs_M2_Macro_Oil__primary__Oil_Rent_Intensive_Pre2016_ge15pct,Oil_Rents_GDP_Pct_lag1,primary,Oil_Rent_Intensive_Pre2016_ge15pct,Future_Period,train_to_2015__test_from_2016,Ridge,added_model_vs_strongest_benchmark,0.0035000000000000205,0.751
M1_Macro_vs_M2_Macro_Oil__primary__Oil_Rent_Intensive_Pre2016_ge15pct,Oil_Rents_GDP_Pct_lag1,primary,Oil_Rent_Intensive_Pre2016_ge15pct,Future_Period,train_to_2015__test_from_2016,Ridge,added_model_vs_strongest_benchmark,0.004000000000000021,0.748
M1_Macro_vs_M2_Macro_Oil__primary__Oil_Rent_Intensive_Pre2016_ge15pct,Oil_Rents_GDP_Pct_lag1,primary,Oil_Rent_Intensive_Pre2016_ge15pct,Future_Period,train_to_2015__test_from_2016,Ridge,added_model_vs_strongest_benchmark,0.004500000000000021,0.7455
M1_Macro_vs_M2_Macro_Oil__primary__Oil_Rent_Intensive_Pre2016_ge15pct,Oil_Rents_GDP_Pct_lag1,primary,Oil_Rent_Intensive_Pre2016_ge15pct,Future_Period,train_to_2015__test_from_2016,Ridge,added_model_vs_strongest_benchmark,0.005000000000000022,0.7435
M1_Macro_vs_M2_Macro_Oil__primary__Oil_Rent_Intensive_Pre2016_ge15pct,Oil_Rents_GDP_Pct_lag1,primary,Oil_Rent_Intensive_Pre2016_ge15pct,Future_Period,train_to_2015__test_from_2016,Ridge,added_model_vs_strongest_benchmark,0.005500000000000022,0.742
M1_Macro_vs_M2_Macro_Oil__primary__Oil_Rent_Intensive_Pre2016_ge15pct,Oil_Rents_GDP_Pct_lag1,primary,Oil_Rent_Intensive_Pre2016_ge15pct,Future_Period,train_to_2015__test_from_2016,Ridge,added_model_vs_strongest_benchmark,0.006000000000000023,0.741
M1_Macro_vs_M2_Macro_Oil__primary__Oil_Rent_Intensive_Pre2016_ge15pct,Oil_Rents_GDP_Pct_lag1,primary,Oil_Rent_Intensive_Pre2016_ge15pct,Future_Period,train_to_2015__test_from_2016,Ridge,added_model_vs_strongest_benchmark,0.006500000000000023,0.7375
M1_Macro_vs_M2_Macro_Oil__primary__Oil_Rent_Intensive_Pre2016_ge15pct,Oil_Rents_GDP_Pct_lag1,primary,Oil_Rent_Intensive_Pre2016_ge15pct,Future_Period,train_to_2015__test_from_2016,Ridge,added_model_vs_strongest_benchmark,0.0070000000000000236,0.734
M1_Macro_vs_M2_Macro_Oil__primary__Oil_Rent_Intensive_Pre2016_ge15pct,Oil_Rents_GDP_Pct_lag1,primary,Oil_Rent_Intensive_Pre2016_ge15pct,Future_Period,train_to_2015__test_from_2016,Ridge,added_model_vs_strongest_benchmark,0.007500000000000024,0.7315
M1_Macro_vs_M2_Macro_Oil__primary__Oil_Rent_Intensive_Pre2016_ge15pct,Oil_Rents_GDP_Pct_lag1,primary,Oil_Rent_Intensive_Pre2016_ge15pct,Future_Period,train_to_2015__test_from_2016,Ridge,added_model_vs_strongest_benchmark,0.008000000000000024,0.73
M1_Macro_vs_M2_Macro_Oil__primary__Oil_Rent_Intensive_Pre2016_ge15pct,Oil_Rents_GDP_Pct_lag1,primary,Oil_Rent_Intensive_Pre2016_ge15pct,Future_Period,train_to_2015__test_from_2016,Ridge,added_model_vs_strongest_benchmark,0.008500000000000025,0.7285
M1_Macro_vs_M2_Macro_Oil__primary__Oil_Rent_Intensive_Pre2016_ge15pct,Oil_Rents_GDP_Pct_lag1,primary,Oil_Rent_Intensive_Pre2016_ge15pct,Future_Period,train_to_2015__test_from_2016,Ridge,added_model_vs_strongest_benchmark,0.009000000000000025,0.7265
M1_Macro_vs_M2_Macro_Oil__primary__Oil_Rent_Intensive_Pre2016_ge15pct,Oil_Rents_GDP_Pct_lag1,primary,Oil_Rent_Intensive_Pre2016_ge15pct,Future_Period,train_to_2015__test_from_2016,Ridge,added_model_vs_strongest_benchmark,0.009500000000000026,0.7255
M1_Macro_vs_M2_Macro_Oil__primary__Oil_Rent_Intensive_Pre2016_ge15pct,Oil_Rents_GDP_Pct_lag1,primary,Oil_Rent_Intensive_Pre2016_ge15pct,Future_Period,train_to_2015__test_from_2016,Ridge,added_model_vs_strongest_benchmark,0.010000000000000026,0.7245
M1_Macro_vs_M2_Macro_Oil__primary__Oil_Rent_Intensive_Pre2016_ge15pct,Oil_Rents_GDP_Pct_lag1,primary,Oil_Rent_Intensive_Pre2016_ge15pct,Future_Period,train_to_2015__test_from_2016,Ridge,added_model_vs_strongest_benchmark,0.010500000000000027,0.7225
M1_Macro_vs_M2_Macro_Oil__primary__Oil_Rent_Intensive_Pre2016_ge15pct,Oil_Rents_GDP_Pct_lag1,primary,Oil_Rent_Intensive_Pre2016_ge15pct,Future_Period,train_to_2015__test_from_2016,Ridge,added_model_vs_strongest_benchmark,0.011000000000000027,0.722
M1_Macro_vs_M2_Macro_Oil__primary__Oil_Rent_Intensive_Pre2016_ge15pct,Oil_Rents_GDP_Pct_lag1,primary,Oil_Rent_Intensive_Pre2016_ge15pct,Future_Period,train_to_2015__test_from_2016,Ridge,added_model_vs_strongest_benchmark,0.011500000000000028,0.721
M1_Macro_vs_M2_Macro_Oil__primary__Oil_Rent_Intensive_Pre2016_ge15pct,Oil_Rents_GDP_Pct_lag1,primary,Oil_Rent_Intensive_Pre2016_ge15pct,Future_Period,train_to_2015__test_from_2016,Ridge,added_model_vs_strongest_benchmark,0.012000000000000028,0.7185
M1_Macro_vs_M2_Macro_Oil__primary__Oil_Rent_Intensive_Pre2016_ge15pct,Oil_Rents_GDP_Pct_lag1,primary,Oil_Rent_Intensive_Pre2016_ge15pct,Future_Period,train_to_2015__test_from_2016,Ridge,added_model_vs_strongest_benchmark,0.012500000000000028,0.717
M1_Macro_vs_M2_Macro_Oil__primary__Oil_Rent_Intensive_Pre2016_ge15pct,Oil_Rents_GDP_Pct_lag1,primary,Oil_Rent_Intensive_Pre2016_ge15pct,Future_Period,train_to_2015__test_from_2016,Ridge,added_model_vs_strongest_benchmark,0.013000000000000029,0.7155
M1_Macro_vs_M2_Macro_Oil__primary__Oil_Rent_Intensive_Pre2016_ge15pct,Oil_Rents_GDP_Pct_lag1,primary,Oil_Rent_Intensive_Pre2016_ge15pct,Future_Period,train_to_2015__test_from_2016,Ridge,added_model_vs_strongest_benchmark,0.01350000000000003,0.712
M1_Macro_vs_M2_Macro_Oil__primary__Oil_Rent_Intensive_Pre2016_ge15pct,Oil_Rents_GDP_Pct_lag1,primary,Oil_Rent_Intensive_Pre2016_ge15pct,Future_Period,train_to_2015__test_from_2016,Ridge,added_model_vs_strongest_benchmark,0.01400000000000003,0.7115
M1_Macro_vs_M2_Macro_Oil__primary__Oil_Rent_Intensive_Pre2016_ge15pct,Oil_Rents_GDP_Pct_lag1,primary,Oil_Rent_Intensive_Pre2016_ge15pct,Future_Period,train_to_2015__test_from_2016,Ridge,added_model_vs_strongest_benchmark,0.01450000000000003,0.7095
M1_Macro_vs_M2_Macro_Oil__primary__Oil_Rent_Intensive_Pre2016_ge15pct,Oil_Rents_GDP_Pct_lag1,primary,Oil_Rent_Intensive_Pre2016_ge15pct,Future_Period,train_to_2015__test_from_2016,Ridge,added_model_vs_strongest_benchmark,0.01500000000000003,0.709
M1_Macro_vs_M2_Macro_Oil__primary__Oil_Rent_Intensive_Pre2016_ge15pct,Oil_Rents_GDP_Pct_lag1,primary,Oil_Rent_Intensive_Pre2016_ge15pct,Future_Period,train_to_2015__test_from_2016,Ridge,added_model_vs_strongest_benchmark,0.015500000000000031,0.7075
M1_Macro_vs_M2_Macro_Oil__primary__Oil_Rent_Intensive_Pre2016_ge15pct,Oil_Rents_GDP_Pct_lag1,primary,Oil_Rent_Intensive_Pre2016_ge15pct,Future_Period,train_to_2015__test_from_2016,Ridge,added_model_vs_strongest_benchmark,0.01600000000000003,0.706
M1_Macro_vs_M2_Macro_Oil__primary__Oil_Rent_Intensive_Pre2016_ge15pct,Oil_Rents_GDP_Pct_lag1,primary,Oil_Rent_Intensive_Pre2016_ge15pct,Future_Period,train_to_2015__test_from_2016,Ridge,added_model_vs_strongest_benchmark,0.016500000000000032,0.7055
M1_Macro_vs_M2_Macro_Oil__primary__Oil_Rent_Intensive_Pre2016_ge15pct,Oil_Rents_GDP_Pct_lag1,primary,Oil_Rent_Intensive_Pre2016_ge15pct,Future_Period,train_to_2015__test_from_2016,Ridge,added_model_vs_strongest_benchmark,0.017000000000000032,0.705
M1_Macro_vs_M2_Macro_Oil__primary__Oil_Rent_Intensive_Pre2016_ge15pct,Oil_Rents_GDP_Pct_lag1,primary,Oil_Rent_Intensive_Pre2016_ge15pct,Future_Period,train_to_2015__test_from_2016,Ridge,added_model_vs_strongest_benchmark,0.017500000000000033,0.7045
M1_Macro_vs_M2_Macro_Oil__primary__Oil_Rent_Intensive_Pre2016_ge15pct,Oil_Rents_GDP_Pct_lag1,primary,Oil_Rent_Intensive_Pre2016_ge15pct,Future_Period,train_to_2015__test_from_2016,Ridge,added_model_vs_strongest_benchmark,0.018000000000000033,0.7035
M1_Macro_vs_M2_Macro_Oil__primary__Oil_Rent_Intensive_Pre2016_ge15pct,Oil_Rents_GDP_Pct_lag1,primary,Oil_Rent_Intensive_Pre2016_ge15pct,Future_Period,train_to_2015__test_from_2016,Ridge,added_model_vs_strongest_benchmark,0.018500000000000034,0.7015
M1_Macro_vs_M2_Macro_Oil__primary__Oil_Rent_Intensive_Pre2016_ge15pct,Oil_Rents_GDP_Pct_lag1,primary,Oil_Rent_Intensive_Pre2016_ge15pct,Future_Period,train_to_2015__test_from_2016,Ridge,added_model_vs_strongest_benchmark,0.019000000000000034,0.7
M1_Macro_vs_M2_Macro_Oil__primary__Oil_Rent_Intensive_Pre2016_ge15pct,Oil_Rents_GDP_Pct_lag1,primary,Oil_Rent_Intensive_Pre2016_ge15pct,Future_Period,train_to_2015__test_from_2016,Ridge,added_model_vs_strongest_benchmark,0.019500000000000035,0.697
M1_Macro_vs_M2_Macro_Oil__primary__Oil_Rent_Intensive_Pre2016_ge15pct,Oil_Rents_GDP_Pct_lag1,primary,Oil_Rent_Intensive_Pre2016_ge15pct,Future_Period,train_to_2015__test_from_2016,Ridge,added_model_vs_strongest_benchmark,0.020000000000000035,0.695
M1_Macro_vs_M2_Macro_Oil__primary__Oil_Rent_Intensive_Pre2016_ge15pct,Oil_Rents_GDP_Pct_lag1,primary,Oil_Rent_Intensive_Pre2016_ge15pct,Future_Period,train_to_2015__test_from_2016,Ridge,added_model_vs_strongest_benchmark,0.020500000000000036,0.6935
M1_Macro_vs_M2_Macro_Oil__primary__Oil_Rent_Intensive_Pre2016_ge15pct,Oil_Rents_GDP_Pct_lag1,primary,Oil_Rent_Intensive_Pre2016_ge15pct,Future_Period,train_to_2015__test_from_2016,Ridge,added_model_vs_strongest_benchmark,0.021000000000000036,0.69
M1_Macro_vs_M2_Macro_Oil__primary__Oil_Rent_Intensive_Pre2016_ge15pct,Oil_Rents_GDP_Pct_lag1,primary,Oil_Rent_Intensive_Pre2016_ge15pct,Future_Period,train_to_2015__test_from_2016,Ridge,added_model_vs_strongest_benchmark,0.021500000000000036,0.6865
M1_Macro_vs_M2_Macro_Oil__primary__Oil_Rent_Intensive_Pre2016_ge15pct,Oil_Rents_GDP_Pct_lag1,primary,Oil_Rent_Intensive_Pre2016_ge15pct,Future_Period,train_to_2015__test_from_2016,Ridge,added_model_vs_strongest_benchmark,0.022000000000000037,0.684
M1_Macro_vs_M2_Macro_Oil__primary__Oil_Rent_Intensive_Pre2016_ge15pct,Oil_Rents_GDP_Pct_lag1,primary,Oil_Rent_Intensive_Pre2016_ge15pct,Future_Period,train_to_2015__test_from_2016,Ridge,added_model_vs_strongest_benchmark,0.022500000000000037,0.684
M1_Macro_vs_M2_Macro_Oil__primary__Oil_Rent_Intensive_Pre2016_ge15pct,Oil_Rents_GDP_Pct_lag1,primary,Oil_Rent_Intensive_Pre2016_ge15pct,Future_Period,train_to_2015__test_from_2016,Ridge,added_model_vs_strongest_benchmark,0.023000000000000038,0.6825
M1_Macro_vs_M2_Macro_Oil__primary__Oil_Rent_Intensive_Pre2016_ge15pct,Oil_Rents_GDP_Pct_lag1,primary,Oil_Rent_Intensive_Pre2016_ge15pct,Future_Period,train_to_2015__test_from_2016,Ridge,added_model_vs_strongest_benchmark,0.023500000000000038,0.68
M1_Macro_vs_M2_Macro_Oil__primary__Oil_Rent_Intensive_Pre2016_ge15pct,Oil_Rents_GDP_Pct_lag1,primary,Oil_Rent_Intensive_Pre2016_ge15pct,Future_Period,train_to_2015__test_from_2016,Ridge,added_model_vs_strongest_benchmark,0.02400000000000004,0.6795
M1_Macro_vs_M2_Macro_Oil__primary__Oil_Rent_Intensive_Pre2016_ge15pct,Oil_Rents_GDP_Pct_lag1,primary,Oil_Rent_Intensive_Pre2016_ge15pct,Future_Period,train_to_2015__test_from_2016,Ridge,added_model_vs_strongest_benchmark,0.02450000000000004,0.6775
M1_Macro_vs_M2_Macro_Oil__primary__Oil_Rent_Intensive_Pre2016_ge15pct,Oil_Rents_GDP_Pct_lag1,primary,Oil_Rent_Intensive_Pre2016_ge15pct,Future_Period,train_to_2015__test_from_2016,Ridge,added_model_vs_strongest_benchmark,0.02500000000000004,0.6765
M1_Macro_vs_M2_Macro_Oil__primary__Oil_Rent_Intensive_Pre2016_ge15pct,Oil_Rents_GDP_Pct_lag1,primary,Oil_Rent_Intensive_Pre2016_ge15pct,Future_Period,train_to_2015__test_from_2016,Ridge,added_model_vs_strongest_benchmark,0.02550000000000004,0.675
M1_Macro_vs_M2_Macro_Oil__primary__Oil_Rent_Intensive_Pre2016_ge15pct,Oil_Rents_GDP_Pct_lag1,primary,Oil_Rent_Intensive_Pre2016_ge15pct,Future_Period,train_to_2015__test_from_2016,Ridge,added_model_vs_strongest_benchmark,0.02600000000000004,0.674
M1_Macro_vs_M2_Macro_Oil__primary__Oil_Rent_Intensive_Pre2016_ge15pct,Oil_Rents_GDP_Pct_lag1,primary,Oil_Rent_Intensive_Pre2016_ge15pct,Future_Period,train_to_2015__test_from_2016,Ridge,added_model_vs_strongest_benchmark,0.02650000000000004,0.6715
M1_Macro_vs_M2_Macro_Oil__primary__Oil_Rent_Intensive_Pre2016_ge15pct,Oil_Rents_GDP_Pct_lag1,primary,Oil_Rent_Intensive_Pre2016_ge15pct,Future_Period,train_to_2015__test_from_2016,Ridge,added_model_vs_strongest_benchmark,0.02700000000000004,0.671
M1_Macro_vs_M2_Macro_Oil__primary__Oil_Rent_Intensive_Pre2016_ge15pct,Oil_Rents_GDP_Pct_lag1,primary,Oil_Rent_Intensive_Pre2016_ge15pct,Future_Period,train_to_2015__test_from_2016,Ridge,added_model_vs_strongest_benchmark,0.027500000000000042,0.6685
M1_Macro_vs_M2_Macro_Oil__primary__Oil_Rent_Intensive_Pre2016_ge15pct,Oil_Rents_GDP_Pct_lag1,primary,Oil_Rent_Intensive_Pre2016_ge15pct,Future_Period,train_to_2015__test_from_2016,Ridge,added_model_vs_strongest_benchmark,0.028000000000000042,0.667
M1_Macro_vs_M2_Macro_Oil__primary__Oil_Rent_Intensive_Pre2016_ge15pct,Oil_Rents_GDP_Pct_lag1,primary,Oil_Rent_Intensive_Pre2016_ge15pct,Future_Period,train_to_2015__test_from_2016,Ridge,added_model_vs_strongest_benchmark,0.028500000000000043,0.6645
M1_Macro_vs_M2_Macro_Oil__primary__Oil_Rent_Intensive_Pre2016_ge15pct,Oil_Rents_GDP_Pct_lag1,primary,Oil_Rent_Intensive_Pre2016_ge15pct,Future_Period,train_to_2015__test_from_2016,Ridge,added_model_vs_strongest_benchmark,0.029000000000000043,0.663
M1_Macro_vs_M2_Macro_Oil__primary__Oil_Rent_Intensive_Pre2016_ge15pct,Oil_Rents_GDP_Pct_lag1,primary,Oil_Rent_Intensive_Pre2016_ge15pct,Future_Period,train_to_2015__test_from_2016,Ridge,added_model_vs_strongest_benchmark,0.029500000000000044,0.6595
M1_Macro_vs_M2_Macro_Oil__primary__Oil_Rent_Intensive_Pre2016_ge15pct,Oil_Rents_GDP_Pct_lag1,primary,Oil_Rent_Intensive_Pre2016_ge15pct,Future_Period,train_to_2015__test_from_2016,Ridge,added_model_vs_strongest_benchmark,0.030000000000000044,0.658
M1_Macro_vs_M2_Macro_Oil__primary__Oil_Rent_Intensive_Pre2016_ge15pct,Oil_Rents_GDP_Pct_lag1,primary,Oil_Rent_Intensive_Pre2016_ge15pct,Future_Period,train_to_2015__test_from_2016,ElasticNet,signal_increment,-0.02,0.963
M1_Macro_vs_M2_Macro_Oil__primary__Oil_Rent_Intensive_Pre2016_ge15pct,Oil_Rents_GDP_Pct_lag1,primary,Oil_Rent_Intensive_Pre2016_ge15pct,Future_Period,train_to_2015__test_from_2016,ElasticNet,signal_increment,-0.0195,0.9565
M1_Macro_vs_M2_Macro_Oil__primary__Oil_Rent_Intensive_Pre2016_ge15pct,Oil_Rents_GDP_Pct_lag1,primary,Oil_Rent_Intensive_Pre2016_ge15pct,Future_Period,train_to_2015__test_from_2016,ElasticNet,signal_increment,-0.019,0.951
M1_Macro_vs_M2_Macro_Oil__primary__Oil_Rent_Intensive_Pre2016_ge15pct,Oil_Rents_GDP_Pct_lag1,primary,Oil_Rent_Intensive_Pre2016_ge15pct,Future_Period,train_to_2015__test_from_2016,ElasticNet,signal_increment,-0.0185,0.9445
M1_Macro_vs_M2_Macro_Oil__primary__Oil_Rent_Intensive_Pre2016_ge15pct,Oil_Rents_GDP_Pct_lag1,primary,Oil_Rent_Intensive_Pre2016_ge15pct,Future_Period,train_to_2015__test_from_2016,ElasticNet,signal_increment,-0.018,0.9405
M1_Macro_vs_M2_Macro_Oil__primary__Oil_Rent_Intensive_Pre2016_ge15pct,Oil_Rents_GDP_Pct_lag1,primary,Oil_Rent_Intensive_Pre2016_ge15pct,Future_Period,train_to_2015__test_from_2016,ElasticNet,signal_increment,-0.017499999999999998,0.934
M1_Macro_vs_M2_Macro_Oil__primary__Oil_Rent_Intensive_Pre2016_ge15pct,Oil_Rents_GDP_Pct_lag1,primary,Oil_Rent_Intensive_Pre2016_ge15pct,Future_Period,train_to_2015__test_from_2016,ElasticNet,signal_increment,-0.016999999999999998,0.922
M1_Macro_vs_M2_Macro_Oil__primary__Oil_Rent_Intensive_Pre2016_ge15pct,Oil_Rents_GDP_Pct_lag1,primary,Oil_Rent_Intensive_Pre2016_ge15pct,Future_Period,train_to_2015__test_from_2016,ElasticNet,signal_increment,-0.016499999999999997,0.913
M1_Macro_vs_M2_Macro_Oil__primary__Oil_Rent_Intensive_Pre2016_ge15pct,Oil_Rents_GDP_Pct_lag1,primary,Oil_Rent_Intensive_Pre2016_ge15pct,Future_Period,train_to_2015__test_from_2016,ElasticNet,signal_increment,-0.015999999999999997,0.902
M1_Macro_vs_M2_Macro_Oil__primary__Oil_Rent_Intensive_Pre2016_ge15pct,Oil_Rents_GDP_Pct_lag1,primary,Oil_Rent_Intensive_Pre2016_ge15pct,Future_Period,train_to_2015__test_from_2016,ElasticNet,signal_increment,-0.015499999999999996,0.8935
M1_Macro_vs_M2_Macro_Oil__primary__Oil_Rent_Intensive_Pre2016_ge15pct,Oil_Rents_GDP_Pct_lag1,primary,Oil_Rent_Intensive_Pre2016_ge15pct,Future_Period,train_to_2015__test_from_2016,ElasticNet,signal_increment,-0.014999999999999996,0.877
M1_Macro_vs_M2_Macro_Oil__primary__Oil_Rent_Intensive_Pre2016_ge15pct,Oil_Rents_GDP_Pct_lag1,primary,Oil_Rent_Intensive_Pre2016_ge15pct,Future_Period,train_to_2015__test_from_2016,ElasticNet,signal_increment,-0.014499999999999996,0.8625
M1_Macro_vs_M2_Macro_Oil__primary__Oil_Rent_Intensive_Pre2016_ge15pct,Oil_Rents_GDP_Pct_lag1,primary,Oil_Rent_Intensive_Pre2016_ge15pct,Future_Period,train_to_2015__test_from_2016,ElasticNet,signal_increment,-0.013999999999999995,0.847
M1_Macro_vs_M2_Macro_Oil__primary__Oil_Rent_Intensive_Pre2016_ge15pct,Oil_Rents_GDP_Pct_lag1,primary,Oil_Rent_Intensive_Pre2016_ge15pct,Future_Period,train_to_2015__test_from_2016,ElasticNet,signal_increment,-0.013499999999999995,0.828
M1_Macro_vs_M2_Macro_Oil__primary__Oil_Rent_Intensive_Pre2016_ge15pct,Oil_Rents_GDP_Pct_lag1,primary,Oil_Rent_Intensive_Pre2016_ge15pct,Future_Period,train_to_2015__test_from_2016,ElasticNet,signal_increment,-0.012999999999999994,0.8075
M1_Macro_vs_M2_Macro_Oil__primary__Oil_Rent_Intensive_Pre2016_ge15pct,Oil_Rents_GDP_Pct_lag1,primary,Oil_Rent_Intensive_Pre2016_ge15pct,Future_Period,train_to_2015__test_from_2016,ElasticNet,signal_increment,-0.012499999999999994,0.7885
M1_Macro_vs_M2_Macro_Oil__primary__Oil_Rent_Intensive_Pre2016_ge15pct,Oil_Rents_GDP_Pct_lag1,primary,Oil_Rent_Intensive_Pre2016_ge15pct,Future_Period,train_to_2015__test_from_2016,ElasticNet,signal_increment,-0.011999999999999993,0.767
M1_Macro_vs_M2_Macro_Oil__primary__Oil_Rent_Intensive_Pre2016_ge15pct,Oil_Rents_GDP_Pct_lag1,primary,Oil_Rent_Intensive_Pre2016_ge15pct,Future_Period,train_to_2015__test_from_2016,ElasticNet,signal_increment,-0.011499999999999993,0.743
M1_Macro_vs_M2_Macro_Oil__primary__Oil_Rent_Intensive_Pre2016_ge15pct,Oil_Rents_GDP_Pct_lag1,primary,Oil_Rent_Intensive_Pre2016_ge15pct,Future_Period,train_to_2015__test_from_2016,ElasticNet,signal_increment,-0.010999999999999992,0.7215
M1_Macro_vs_M2_Macro_Oil__primary__Oil_Rent_Intensive_Pre2016_ge15pct,Oil_Rents_GDP_Pct_lag1,primary,Oil_Rent_Intensive_Pre2016_ge15pct,Future_Period,train_to_2015__test_from_2016,ElasticNet,signal_increment,-0.010499999999999992,0.701
M1_Macro_vs_M2_Macro_Oil__primary__Oil_Rent_Intensive_Pre2016_ge15pct,Oil_Rents_GDP_Pct_lag1,primary,Oil_Rent_Intensive_Pre2016_ge15pct,Future_Period,train_to_2015__test_from_2016,ElasticNet,signal_increment,-0.009999999999999992,0.6815
M1_Macro_vs_M2_Macro_Oil__primary__Oil_Rent_Intensive_Pre2016_ge15pct,Oil_Rents_GDP_Pct_lag1,primary,Oil_Rent_Intensive_Pre2016_ge15pct,Future_Period,train_to_2015__test_from_2016,ElasticNet,signal_increment,-0.009499999999999991,0.6605
M1_Macro_vs_M2_Macro_Oil__primary__Oil_Rent_Intensive_Pre2016_ge15pct,Oil_Rents_GDP_Pct_lag1,primary,Oil_Rent_Intensive_Pre2016_ge15pct,Future_Period,train_to_2015__test_from_2016,ElasticNet,signal_increment,-0.00899999999999999,0.635
M1_Macro_vs_M2_Macro_Oil__primary__Oil_Rent_Intensive_Pre2016_ge15pct,Oil_Rents_GDP_Pct_lag1,primary,Oil_Rent_Intensive_Pre2016_ge15pct,Future_Period,train_to_2015__test_from_2016,ElasticNet,signal_increment,-0.00849999999999999,0.6095
M1_Macro_vs_M2_Macro_Oil__primary__Oil_Rent_Intensive_Pre2016_ge15pct,Oil_Rents_GDP_Pct_lag1,primary,Oil_Rent_Intensive_Pre2016_ge15pct,Future_Period,train_to_2015__test_from_2016,ElasticNet,signal_increment,-0.00799999999999999,0.588
M1_Macro_vs_M2_Macro_Oil__primary__Oil_Rent_Intensive_Pre2016_ge15pct,Oil_Rents_GDP_Pct_lag1,primary,Oil_Rent_Intensive_Pre2016_ge15pct,Future_Period,train_to_2015__test_from_2016,ElasticNet,signal_increment,-0.007499999999999989,0.565
M1_Macro_vs_M2_Macro_Oil__primary__Oil_Rent_Intensive_Pre2016_ge15pct,Oil_Rents_GDP_Pct_lag1,primary,Oil_Rent_Intensive_Pre2016_ge15pct,Future_Period,train_to_2015__test_from_2016,ElasticNet,signal_increment,-0.006999999999999989,0.5345
M1_Macro_vs_M2_Macro_Oil__primary__Oil_Rent_Intensive_Pre2016_ge15pct,Oil_Rents_GDP_Pct_lag1,primary,Oil_Rent_Intensive_Pre2016_ge15pct,Future_Period,train_to_2015__test_from_2016,ElasticNet,signal_increment,-0.006499999999999988,0.5165
M1_Macro_vs_M2_Macro_Oil__primary__Oil_Rent_Intensive_Pre2016_ge15pct,Oil_Rents_GDP_Pct_lag1,primary,Oil_Rent_Intensive_Pre2016_ge15pct,Future_Period,train_to_2015__test_from_2016,ElasticNet,signal_increment,-0.005999999999999988,0.4915
M1_Macro_vs_M2_Macro_Oil__primary__Oil_Rent_Intensive_Pre2016_ge15pct,Oil_Rents_GDP_Pct_lag1,primary,Oil_Rent_Intensive_Pre2016_ge15pct,Future_Period,train_to_2015__test_from_2016,ElasticNet,signal_increment,-0.0054999999999999875,0.473
M1_Macro_vs_M2_Macro_Oil__primary__Oil_Rent_Intensive_Pre2016_ge15pct,Oil_Rents_GDP_Pct_lag1,primary,Oil_Rent_Intensive_Pre2016_ge15pct,Future_Period,train_to_2015__test_from_2016,ElasticNet,signal_increment,-0.004999999999999987,0.4505
M1_Macro_vs_M2_Macro_Oil__primary__Oil_Rent_Intensive_Pre2016_ge15pct,Oil_Rents_GDP_Pct_lag1,primary,Oil_Rent_Intensive_Pre2016_ge15pct,Future_Period,train_to_2015__test_from_2016,ElasticNet,signal_increment,-0.004499999999999987,0.4235
M1_Macro_vs_M2_Macro_Oil__primary__Oil_Rent_Intensive_Pre2016_ge15pct,Oil_Rents_GDP_Pct_lag1,primary,Oil_Rent_Intensive_Pre2016_ge15pct,Future_Period,train_to_2015__test_from_2016,ElasticNet,signal_increment,-0.003999999999999986,0.4
M1_Macro_vs_M2_Macro_Oil__primary__Oil_Rent_Intensive_Pre2016_ge15pct,Oil_Rents_GDP_Pct_lag1,primary,Oil_Rent_Intensive_Pre2016_ge15pct,Future_Period,train_to_2015__test_from_2016,ElasticNet,signal_increment,-0.0034999999999999858,0.377
M1_Macro_vs_M2_Macro_Oil__primary__Oil_Rent_Intensive_Pre2016_ge15pct,Oil_Rents_GDP_Pct_lag1,primary,Oil_Rent_Intensive_Pre2016_ge15pct,Future_Period,train_to_2015__test_from_2016,ElasticNet,signal_increment,-0.0029999999999999853,0.3605
M1_Macro_vs_M2_Macro_Oil__primary__Oil_Rent_Intensive_Pre2016_ge15pct,Oil_Rents_GDP_Pct_lag1,primary,Oil_Rent_Intensive_Pre2016_ge15pct,Future_Period,train_to_2015__test_from_2016,ElasticNet,signal_increment,-0.002499999999999985,0.3325
M1_Macro_vs_M2_Macro_Oil__primary__Oil_Rent_Intensive_Pre2016_ge15pct,Oil_Rents_GDP_Pct_lag1,primary,Oil_Rent_Intensive_Pre2016_ge15pct,Future_Period,train_to_2015__test_from_2016,ElasticNet,signal_increment,-0.0019999999999999844,0.309
M1_Macro_vs_M2_Macro_Oil__primary__Oil_Rent_Intensive_Pre2016_ge15pct,Oil_Rents_GDP_Pct_lag1,primary,Oil_Rent_Intensive_Pre2016_ge15pct,Future_Period,train_to_2015__test_from_2016,ElasticNet,signal_increment,-0.001499999999999984,0.2815
M1_Macro_vs_M2_Macro_Oil__primary__Oil_Rent_Intensive_Pre2016_ge15pct,Oil_Rents_GDP_Pct_lag1,primary,Oil_Rent_Intensive_Pre2016_ge15pct,Future_Period,train_to_2015__test_from_2016,ElasticNet,signal_increment,-0.0009999999999999835,0.2555
M1_Macro_vs_M2_Macro_Oil__primary__Oil_Rent_Intensive_Pre2016_ge15pct,Oil_Rents_GDP_Pct_lag1,primary,Oil_Rent_Intensive_Pre2016_ge15pct,Future_Period,train_to_2015__test_from_2016,ElasticNet,signal_increment,-0.0004999999999999831,0.237
M1_Macro_vs_M2_Macro_Oil__primary__Oil_Rent_Intensive_Pre2016_ge15pct,Oil_Rents_GDP_Pct_lag1,primary,Oil_Rent_Intensive_Pre2016_ge15pct,Future_Period,train_to_2015__test_from_2016,ElasticNet,signal_increment,1.734723475976807e-17,0.211
M1_Macro_vs_M2_Macro_Oil__primary__Oil_Rent_Intensive_Pre2016_ge15pct,Oil_Rents_GDP_Pct_lag1,primary,Oil_Rent_Intensive_Pre2016_ge15pct,Future_Period,train_to_2015__test_from_2016,ElasticNet,signal_increment,0.0005000000000000178,0.197
M1_Macro_vs_M2_Macro_Oil__primary__Oil_Rent_Intensive_Pre2016_ge15pct,Oil_Rents_GDP_Pct_lag1,primary,Oil_Rent_Intensive_Pre2016_ge15pct,Future_Period,train_to_2015__test_from_2016,ElasticNet,signal_increment,0.0010000000000000182,0.1795
M1_Macro_vs_M2_Macro_Oil__primary__Oil_Rent_Intensive_Pre2016_ge15pct,Oil_Rents_GDP_Pct_lag1,primary,Oil_Rent_Intensive_Pre2016_ge15pct,Future_Period,train_to_2015__test_from_2016,ElasticNet,signal_increment,0.0015000000000000187,0.166
M1_Macro_vs_M2_Macro_Oil__primary__Oil_Rent_Intensive_Pre2016_ge15pct,Oil_Rents_GDP_Pct_lag1,primary,Oil_Rent_Intensive_Pre2016_ge15pct,Future_Period,train_to_2015__test_from_2016,ElasticNet,signal_increment,0.002000000000000019,0.152
M1_Macro_vs_M2_Macro_Oil__primary__Oil_Rent_Intensive_Pre2016_ge15pct,Oil_Rents_GDP_Pct_lag1,primary,Oil_Rent_Intensive_Pre2016_ge15pct,Future_Period,train_to_2015__test_from_2016,ElasticNet,signal_increment,0.0025000000000000196,0.134
M1_Macro_vs_M2_Macro_Oil__primary__Oil_Rent_Intensive_Pre2016_ge15pct,Oil_Rents_GDP_Pct_lag1,primary,Oil_Rent_Intensive_Pre2016_ge15pct,Future_Period,train_to_2015__test_from_2016,ElasticNet,signal_increment,0.00300000000000002,0.116
M1_Macro_vs_M2_Macro_Oil__primary__Oil_Rent_Intensive_Pre2016_ge15pct,Oil_Rents_GDP_Pct_lag1,primary,Oil_Rent_Intensive_Pre2016_ge15pct,Future_Period,train_to_2015__test_from_2016,ElasticNet,signal_increment,0.0035000000000000205,0.1035
M1_Macro_vs_M2_Macro_Oil__primary__Oil_Rent_Intensive_Pre2016_ge15pct,Oil_Rents_GDP_Pct_lag1,primary,Oil_Rent_Intensive_Pre2016_ge15pct,Future_Period,train_to_2015__test_from_2016,ElasticNet,signal_increment,0.004000000000000021,0.093
M1_Macro_vs_M2_Macro_Oil__primary__Oil_Rent_Intensive_Pre2016_ge15pct,Oil_Rents_GDP_Pct_lag1,primary,Oil_Rent_Intensive_Pre2016_ge15pct,Future_Period,train_to_2015__test_from_2016,ElasticNet,signal_increment,0.004500000000000021,0.0825
M1_Macro_vs_M2_Macro_Oil__primary__Oil_Rent_Intensive_Pre2016_ge15pct,Oil_Rents_GDP_Pct_lag1,primary,Oil_Rent_Intensive_Pre2016_ge15pct,Future_Period,train_to_2015__test_from_2016,ElasticNet,signal_increment,0.005000000000000022,0.0765
M1_Macro_vs_M2_Macro_Oil__primary__Oil_Rent_Intensive_Pre2016_ge15pct,Oil_Rents_GDP_Pct_lag1,primary,Oil_Rent_Intensive_Pre2016_ge15pct,Future_Period,train_to_2015__test_from_2016,ElasticNet,signal_increment,0.005500000000000022,0.069
M1_Macro_vs_M2_Macro_Oil__primary__Oil_Rent_Intensive_Pre2016_ge15pct,Oil_Rents_GDP_Pct_lag1,primary,Oil_Rent_Intensive_Pre2016_ge15pct,Future_Period,train_to_2015__test_from_2016,ElasticNet,signal_increment,0.006000000000000023,0.0575
M1_Macro_vs_M2_Macro_Oil__primary__Oil_Rent_Intensive_Pre2016_ge15pct,Oil_Rents_GDP_Pct_lag1,primary,Oil_Rent_Intensive_Pre2016_ge15pct,Future_Period,train_to_2015__test_from_2016,ElasticNet,signal_increment,0.006500000000000023,0.0465
M1_Macro_vs_M2_Macro_Oil__primary__Oil_Rent_Intensive_Pre2016_ge15pct,Oil_Rents_GDP_Pct_lag1,primary,Oil_Rent_Intensive_Pre2016_ge15pct,Future_Period,train_to_2015__test_from_2016,ElasticNet,signal_increment,0.0070000000000000236,0.0425
M1_Macro_vs_M2_Macro_Oil__primary__Oil_Rent_Intensive_Pre2016_ge15pct,Oil_Rents_GDP_Pct_lag1,primary,Oil_Rent_Intensive_Pre2016_ge15pct,Future_Period,train_to_2015__test_from_2016,ElasticNet,signal_increment,0.007500000000000024,0.0375
M1_Macro_vs_M2_Macro_Oil__primary__Oil_Rent_Intensive_Pre2016_ge15pct,Oil_Rents_GDP_Pct_lag1,primary,Oil_Rent_Intensive_Pre2016_ge15pct,Future_Period,train_to_2015__test_from_2016,ElasticNet,signal_increment,0.008000000000000024,0.033
M1_Macro_vs_M2_Macro_Oil__primary__Oil_Rent_Intensive_Pre2016_ge15pct,Oil_Rents_GDP_Pct_lag1,primary,Oil_Rent_Intensive_Pre2016_ge15pct,Future_Period,train_to_2015__test_from_2016,ElasticNet,signal_increment,0.008500000000000025,0.0265
M1_Macro_vs_M2_Macro_Oil__primary__Oil_Rent_Intensive_Pre2016_ge15pct,Oil_Rents_GDP_Pct_lag1,primary,Oil_Rent_Intensive_Pre2016_ge15pct,Future_Period,train_to_2015__test_from_2016,ElasticNet,signal_increment,0.009000000000000025,0.0225
M1_Macro_vs_M2_Macro_Oil__primary__Oil_Rent_Intensive_Pre2016_ge15pct,Oil_Rents_GDP_Pct_lag1,primary,Oil_Rent_Intensive_Pre2016_ge15pct,Future_Period,train_to_2015__test_from_2016,ElasticNet,signal_increment,0.009500000000000026,0.019
M1_Macro_vs_M2_Macro_Oil__primary__Oil_Rent_Intensive_Pre2016_ge15pct,Oil_Rents_GDP_Pct_lag1,primary,Oil_Rent_Intensive_Pre2016_ge15pct,Future_Period,train_to_2015__test_from_2016,ElasticNet,signal_increment,0.010000000000000026,0.016
M1_Macro_vs_M2_Macro_Oil__primary__Oil_Rent_Intensive_Pre2016_ge15pct,Oil_Rents_GDP_Pct_lag1,primary,Oil_Rent_Intensive_Pre2016_ge15pct,Future_Period,train_to_2015__test_from_2016,ElasticNet,signal_increment,0.010500000000000027,0.0135
M1_Macro_vs_M2_Macro_Oil__primary__Oil_Rent_Intensive_Pre2016_ge15pct,Oil_Rents_GDP_Pct_lag1,primary,Oil_Rent_Intensive_Pre2016_ge15pct,Future_Period,train_to_2015__test_from_2016,ElasticNet,signal_increment,0.011000000000000027,0.0125
M1_Macro_vs_M2_Macro_Oil__primary__Oil_Rent_Intensive_Pre2016_ge15pct,Oil_Rents_GDP_Pct_lag1,primary,Oil_Rent_Intensive_Pre2016_ge15pct,Future_Period,train_to_2015__test_from_2016,ElasticNet,signal_increment,0.011500000000000028,0.01
M1_Macro_vs_M2_Macro_Oil__primary__Oil_Rent_Intensive_Pre2016_ge15pct,Oil_Rents_GDP_Pct_lag1,primary,Oil_Rent_Intensive_Pre2016_ge15pct,Future_Period,train_to_2015__test_from_2016,ElasticNet,signal_increment,0.012000000000000028,0.009
M1_Macro_vs_M2_Macro_Oil__primary__Oil_Rent_Intensive_Pre2016_ge15pct,Oil_Rents_GDP_Pct_lag1,primary,Oil_Rent_Intensive_Pre2016_ge15pct,Future_Period,train_to_2015__test_from_2016,ElasticNet,signal_increment,0.012500000000000028,0.007
M1_Macro_vs_M2_Macro_Oil__primary__Oil_Rent_Intensive_Pre2016_ge15pct,Oil_Rents_GDP_Pct_lag1,primary,Oil_Rent_Intensive_Pre2016_ge15pct,Future_Period,train_to_2015__test_from_2016,ElasticNet,signal_increment,0.013000000000000029,0.0065
M1_Macro_vs_M2_Macro_Oil__primary__Oil_Rent_Intensive_Pre2016_ge15pct,Oil_Rents_GDP_Pct_lag1,primary,Oil_Rent_Intensive_Pre2016_ge15pct,Future_Period,train_to_2015__test_from_2016,ElasticNet,signal_increment,0.01350000000000003,0.0055
M1_Macro_vs_M2_Macro_Oil__primary__Oil_Rent_Intensive_Pre2016_ge15pct,Oil_Rents_GDP_Pct_lag1,primary,Oil_Rent_Intensive_Pre2016_ge15pct,Future_Period,train_to_2015__test_from_2016,ElasticNet,signal_increment,0.01400000000000003,0.005
M1_Macro_vs_M2_Macro_Oil__primary__Oil_Rent_Intensive_Pre2016_ge15pct,Oil_Rents_GDP_Pct_lag1,primary,Oil_Rent_Intensive_Pre2016_ge15pct,Future_Period,train_to_2015__test_from_2016,ElasticNet,signal_increment,0.01450000000000003,0.0045
M1_Macro_vs_M2_Macro_Oil__primary__Oil_Rent_Intensive_Pre2016_ge15pct,Oil_Rents_GDP_Pct_lag1,primary,Oil_Rent_Intensive_Pre2016_ge15pct,Future_Period,train_to_2015__test_from_2016,ElasticNet,signal_increment,0.01500000000000003,0.004
M1_Macro_vs_M2_Macro_Oil__primary__Oil_Rent_Intensive_Pre2016_ge15pct,Oil_Rents_GDP_Pct_lag1,primary,Oil_Rent_Intensive_Pre2016_ge15pct,Future_Period,train_to_2015__test_from_2016,ElasticNet,signal_increment,0.015500000000000031,0.004
M1_Macro_vs_M2_Macro_Oil__primary__Oil_Rent_Intensive_Pre2016_ge15pct,Oil_Rents_GDP_Pct_lag1,primary,Oil_Rent_Intensive_Pre2016_ge15pct,Future_Period,train_to_2015__test_from_2016,ElasticNet,signal_increment,0.01600000000000003,0.0035
M1_Macro_vs_M2_Macro_Oil__primary__Oil_Rent_Intensive_Pre2016_ge15pct,Oil_Rents_GDP_Pct_lag1,primary,Oil_Rent_Intensive_Pre2016_ge15pct,Future_Period,train_to_2015__test_from_2016,ElasticNet,signal_increment,0.016500000000000032,0.003
M1_Macro_vs_M2_Macro_Oil__primary__Oil_Rent_Intensive_Pre2016_ge15pct,Oil_Rents_GDP_Pct_lag1,primary,Oil_Rent_Intensive_Pre2016_ge15pct,Future_Period,train_to_2015__test_from_2016,ElasticNet,signal_increment,0.017000000000000032,0.003
M1_Macro_vs_M2_Macro_Oil__primary__Oil_Rent_Intensive_Pre2016_ge15pct,Oil_Rents_GDP_Pct_lag1,primary,Oil_Rent_Intensive_Pre2016_ge15pct,Future_Period,train_to_2015__test_from_2016,ElasticNet,signal_increment,0.017500000000000033,0.003
M1_Macro_vs_M2_Macro_Oil__primary__Oil_Rent_Intensive_Pre2016_ge15pct,Oil_Rents_GDP_Pct_lag1,primary,Oil_Rent_Intensive_Pre2016_ge15pct,Future_Period,train_to_2015__test_from_2016,ElasticNet,signal_increment,0.018000000000000033,0.0025
M1_Macro_vs_M2_Macro_Oil__primary__Oil_Rent_Intensive_Pre2016_ge15pct,Oil_Rents_GDP_Pct_lag1,primary,Oil_Rent_Intensive_Pre2016_ge15pct,Future_Period,train_to_2015__test_from_2016,ElasticNet,signal_increment,0.018500000000000034,0.0025
M1_Macro_vs_M2_Macro_Oil__primary__Oil_Rent_Intensive_Pre2016_ge15pct,Oil_Rents_GDP_Pct_lag1,primary,Oil_Rent_Intensive_Pre2016_ge15pct,Future_Period,train_to_2015__test_from_2016,ElasticNet,signal_increment,0.019000000000000034,0.002
M1_Macro_vs_M2_Macro_Oil__primary__Oil_Rent_Intensive_Pre2016_ge15pct,Oil_Rents_GDP_Pct_lag1,primary,Oil_Rent_Intensive_Pre2016_ge15pct,Future_Period,train_to_2015__test_from_2016,ElasticNet,signal_increment,0.019500000000000035,0.0015
M1_Macro_vs_M2_Macro_Oil__primary__Oil_Rent_Intensive_Pre2016_ge15pct,Oil_Rents_GDP_Pct_lag1,primary,Oil_Rent_Intensive_Pre2016_ge15pct,Future_Period,train_to_2015__test_from_2016,ElasticNet,signal_increment,0.020000000000000035,0.001
M1_Macro_vs_M2_Macro_Oil__primary__Oil_Rent_Intensive_Pre2016_ge15pct,Oil_Rents_GDP_Pct_lag1,primary,Oil_Rent_Intensive_Pre2016_ge15pct,Future_Period,train_to_2015__test_from_2016,ElasticNet,signal_increment,0.020500000000000036,0.0005
M1_Macro_vs_M2_Macro_Oil__primary__Oil_Rent_Intensive_Pre2016_ge15pct,Oil_Rents_GDP_Pct_lag1,primary,Oil_Rent_Intensive_Pre2016_ge15pct,Future_Period,train_to_2015__test_from_2016,ElasticNet,signal_increment,0.021000000000000036,0.0005
M1_Macro_vs_M2_Macro_Oil__primary__Oil_Rent_Intensive_Pre2016_ge15pct,Oil_Rents_GDP_Pct_lag1,primary,Oil_Rent_Intensive_Pre2016_ge15pct,Future_Period,train_to_2015__test_from_2016,ElasticNet,signal_increment,0.021500000000000036,0.0005
M1_Macro_vs_M2_Macro_Oil__primary__Oil_Rent_Intensive_Pre2016_ge15pct,Oil_Rents_GDP_Pct_lag1,primary,Oil_Rent_Intensive_Pre2016_ge15pct,Future_Period,train_to_2015__test_from_2016,ElasticNet,signal_increment,0.022000000000000037,0.0005
M1_Macro_vs_M2_Macro_Oil__primary__Oil_Rent_Intensive_Pre2016_ge15pct,Oil_Rents_GDP_Pct_lag1,primary,Oil_Rent_Intensive_Pre2016_ge15pct,Future_Period,train_to_2015__test_from_2016,ElasticNet,signal_increment,0.022500000000000037,0.0005
M1_Macro_vs_M2_Macro_Oil__primary__Oil_Rent_Intensive_Pre2016_ge15pct,Oil_Rents_GDP_Pct_lag1,primary,Oil_Rent_Intensive_Pre2016_ge15pct,Future_Period,train_to_2015__test_from_2016,ElasticNet,signal_increment,0.023000000000000038,0.0005
M1_Macro_vs_M2_Macro_Oil__primary__Oil_Rent_Intensive_Pre2016_ge15pct,Oil_Rents_GDP_Pct_lag1,primary,Oil_Rent_Intensive_Pre2016_ge15pct,Future_Period,train_to_2015__test_from_2016,ElasticNet,signal_increment,0.023500000000000038,0.0005
M1_Macro_vs_M2_Macro_Oil__primary__Oil_Rent_Intensive_Pre2016_ge15pct,Oil_Rents_GDP_Pct_lag1,primary,Oil_Rent_Intensive_Pre2016_ge15pct,Future_Period,train_to_2015__test_from_2016,ElasticNet,signal_increment,0.02400000000000004,0.0
M1_Macro_vs_M2_Macro_Oil__primary__Oil_Rent_Intensive_Pre2016_ge15pct,Oil_Rents_GDP_Pct_lag1,primary,Oil_Rent_Intensive_Pre2016_ge15pct,Future_Period,train_to_2015__test_from_2016,ElasticNet,signal_increment,0.02450000000000004,0.0
M1_Macro_vs_M2_Macro_Oil__primary__Oil_Rent_Intensive_Pre2016_ge15pct,Oil_Rents_GDP_Pct_lag1,primary,Oil_Rent_Intensive_Pre2016_ge15pct,Future_Period,train_to_2015__test_from_2016,ElasticNet,signal_increment,0.02500000000000004,0.0
M1_Macro_vs_M2_Macro_Oil__primary__Oil_Rent_Intensive_Pre2016_ge15pct,Oil_Rents_GDP_Pct_lag1,primary,Oil_Rent_Intensive_Pre2016_ge15pct,Future_Period,train_to_2015__test_from_2016,ElasticNet,signal_increment,0.02550000000000004,0.0
M1_Macro_vs_M2_Macro_Oil__primary__Oil_Rent_Intensive_Pre2016_ge15pct,Oil_Rents_GDP_Pct_lag1,primary,Oil_Rent_Intensive_Pre2016_ge15pct,Future_Period,train_to_2015__test_from_2016,ElasticNet,signal_increment,0.02600000000000004,0.0
M1_Macro_vs_M2_Macro_Oil__primary__Oil_Rent_Intensive_Pre2016_ge15pct,Oil_Rents_GDP_Pct_lag1,primary,Oil_Rent_Intensive_Pre2016_ge15pct,Future_Period,train_to_2015__test_from_2016,ElasticNet,signal_increment,0.02650000000000004,0.0
M1_Macro_vs_M2_Macro_Oil__primary__Oil_Rent_Intensive_Pre2016_ge15pct,Oil_Rents_GDP_Pct_lag1,primary,Oil_Rent_Intensive_Pre2016_ge15pct,Future_Period,train_to_2015__test_from_2016,ElasticNet,signal_increment,0.02700000000000004,0.0
M1_Macro_vs_M2_Macro_Oil__primary__Oil_Rent_Intensive_Pre2016_ge15pct,Oil_Rents_GDP_Pct_lag1,primary,Oil_Rent_Intensive_Pre2016_ge15pct,Future_Period,train_to_2015__test_from_2016,ElasticNet,signal_increment,0.027500000000000042,0.0
M1_Macro_vs_M2_Macro_Oil__primary__Oil_Rent_Intensive_Pre2016_ge15pct,Oil_Rents_GDP_Pct_lag1,primary,Oil_Rent_Intensive_Pre2016_ge15pct,Future_Period,train_to_2015__test_from_2016,ElasticNet,signal_increment,0.028000000000000042,0.0
M1_Macro_vs_M2_Macro_Oil__primary__Oil_Rent_Intensive_Pre2016_ge15pct,Oil_Rents_GDP_Pct_lag1,primary,Oil_Rent_Intensive_Pre2016_ge15pct,Future_Period,train_to_2015__test_from_2016,ElasticNet,signal_increment,0.028500000000000043,0.0
M1_Macro_vs_M2_Macro_Oil__primary__Oil_Rent_Intensive_Pre2016_ge15pct,Oil_Rents_GDP_Pct_lag1,primary,Oil_Rent_Intensive_Pre2016_ge15pct,Future_Period,train_to_2015__test_from_2016,ElasticNet,signal_increment,0.029000000000000043,0.0
M1_Macro_vs_M2_Macro_Oil__primary__Oil_Rent_Intensive_Pre2016_ge15pct,Oil_Rents_GDP_Pct_lag1,primary,Oil_Rent_Intensive_Pre2016_ge15pct,Future_Period,train_to_2015__test_from_2016,ElasticNet,signal_increment,0.029500000000000044,0.0
M1_Macro_vs_M2_Macro_Oil__primary__Oil_Rent_Intensive_Pre2016_ge15pct,Oil_Rents_GDP_Pct_lag1,primary,Oil_Rent_Intensive_Pre2016_ge15pct,Future_Period,train_to_2015__test_from_2016,ElasticNet,signal_increment,0.030000000000000044,0.0
M1_Macro_vs_M2_Macro_Oil__primary__Oil_Rent_Intensive_Pre2016_ge15pct,Oil_Rents_GDP_Pct_lag1,primary,Oil_Rent_Intensive_Pre2016_ge15pct,Future_Period,train_to_2015__test_from_2016,ElasticNet,added_model_vs_strongest_benchmark,-0.02,0.824
M1_Macro_vs_M2_Macro_Oil__primary__Oil_Rent_Intensive_Pre2016_ge15pct,Oil_Rents_GDP_Pct_lag1,primary,Oil_Rent_Intensive_Pre2016_ge15pct,Future_Period,train_to_2015__test_from_2016,ElasticNet,added_model_vs_strongest_benchmark,-0.0195,0.823
M1_Macro_vs_M2_Macro_Oil__primary__Oil_Rent_Intensive_Pre2016_ge15pct,Oil_Rents_GDP_Pct_lag1,primary,Oil_Rent_Intensive_Pre2016_ge15pct,Future_Period,train_to_2015__test_from_2016,ElasticNet,added_model_vs_strongest_benchmark,-0.019,0.822
M1_Macro_vs_M2_Macro_Oil__primary__Oil_Rent_Intensive_Pre2016_ge15pct,Oil_Rents_GDP_Pct_lag1,primary,Oil_Rent_Intensive_Pre2016_ge15pct,Future_Period,train_to_2015__test_from_2016,ElasticNet,added_model_vs_strongest_benchmark,-0.0185,0.8205
M1_Macro_vs_M2_Macro_Oil__primary__Oil_Rent_Intensive_Pre2016_ge15pct,Oil_Rents_GDP_Pct_lag1,primary,Oil_Rent_Intensive_Pre2016_ge15pct,Future_Period,train_to_2015__test_from_2016,ElasticNet,added_model_vs_strongest_benchmark,-0.018,0.818
M1_Macro_vs_M2_Macro_Oil__primary__Oil_Rent_Intensive_Pre2016_ge15pct,Oil_Rents_GDP_Pct_lag1,primary,Oil_Rent_Intensive_Pre2016_ge15pct,Future_Period,train_to_2015__test_from_2016,ElasticNet,added_model_vs_strongest_benchmark,-0.017499999999999998,0.815
M1_Macro_vs_M2_Macro_Oil__primary__Oil_Rent_Intensive_Pre2016_ge15pct,Oil_Rents_GDP_Pct_lag1,primary,Oil_Rent_Intensive_Pre2016_ge15pct,Future_Period,train_to_2015__test_from_2016,ElasticNet,added_model_vs_strongest_benchmark,-0.016999999999999998,0.814
M1_Macro_vs_M2_Macro_Oil__primary__Oil_Rent_Intensive_Pre2016_ge15pct,Oil_Rents_GDP_Pct_lag1,primary,Oil_Rent_Intensive_Pre2016_ge15pct,Future_Period,train_to_2015__test_from_2016,ElasticNet,added_model_vs_strongest_benchmark,-0.016499999999999997,0.8125
M1_Macro_vs_M2_Macro_Oil__primary__Oil_Rent_Intensive_Pre2016_ge15pct,Oil_Rents_GDP_Pct_lag1,primary,Oil_Rent_Intensive_Pre2016_ge15pct,Future_Period,train_to_2015__test_from_2016,ElasticNet,added_model_vs_strongest_benchmark,-0.015999999999999997,0.811
M1_Macro_vs_M2_Macro_Oil__primary__Oil_Rent_Intensive_Pre2016_ge15pct,Oil_Rents_GDP_Pct_lag1,primary,Oil_Rent_Intensive_Pre2016_ge15pct,Future_Period,train_to_2015__test_from_2016,ElasticNet,added_model_vs_strongest_benchmark,-0.015499999999999996,0.81
M1_Macro_vs_M2_Macro_Oil__primary__Oil_Rent_Intensive_Pre2016_ge15pct,Oil_Rents_GDP_Pct_lag1,primary,Oil_Rent_Intensive_Pre2016_ge15pct,Future_Period,train_to_2015__test_from_2016,ElasticNet,added_model_vs_strongest_benchmark,-0.014999999999999996,0.808
M1_Macro_vs_M2_Macro_Oil__primary__Oil_Rent_Intensive_Pre2016_ge15pct,Oil_Rents_GDP_Pct_lag1,primary,Oil_Rent_Intensive_Pre2016_ge15pct,Future_Period,train_to_2015__test_from_2016,ElasticNet,added_model_vs_strongest_benchmark,-0.014499999999999996,0.8045
M1_Macro_vs_M2_Macro_Oil__primary__Oil_Rent_Intensive_Pre2016_ge15pct,Oil_Rents_GDP_Pct_lag1,primary,Oil_Rent_Intensive_Pre2016_ge15pct,Future_Period,train_to_2015__test_from_2016,ElasticNet,added_model_vs_strongest_benchmark,-0.013999999999999995,0.8045
M1_Macro_vs_M2_Macro_Oil__primary__Oil_Rent_Intensive_Pre2016_ge15pct,Oil_Rents_GDP_Pct_lag1,primary,Oil_Rent_Intensive_Pre2016_ge15pct,Future_Period,train_to_2015__test_from_2016,ElasticNet,added_model_vs_strongest_benchmark,-0.013499999999999995,0.803
M1_Macro_vs_M2_Macro_Oil__primary__Oil_Rent_Intensive_Pre2016_ge15pct,Oil_Rents_GDP_Pct_lag1,primary,Oil_Rent_Intensive_Pre2016_ge15pct,Future_Period,train_to_2015__test_from_2016,ElasticNet,added_model_vs_strongest_benchmark,-0.012999999999999994,0.8015
M1_Macro_vs_M2_Macro_Oil__primary__Oil_Rent_Intensive_Pre2016_ge15pct,Oil_Rents_GDP_Pct_lag1,primary,Oil_Rent_Intensive_Pre2016_ge15pct,Future_Period,train_to_2015__test_from_2016,ElasticNet,added_model_vs_strongest_benchmark,-0.012499999999999994,0.8
M1_Macro_vs_M2_Macro_Oil__primary__Oil_Rent_Intensive_Pre2016_ge15pct,Oil_Rents_GDP_Pct_lag1,primary,Oil_Rent_Intensive_Pre2016_ge15pct,Future_Period,train_to_2015__test_from_2016,ElasticNet,added_model_vs_strongest_benchmark,-0.011999999999999993,0.799
M1_Macro_vs_M2_Macro_Oil__primary__Oil_Rent_Intensive_Pre2016_ge15pct,Oil_Rents_GDP_Pct_lag1,primary,Oil_Rent_Intensive_Pre2016_ge15pct,Future_Period,train_to_2015__test_from_2016,ElasticNet,added_model_vs_strongest_benchmark,-0.011499999999999993,0.796
M1_Macro_vs_M2_Macro_Oil__primary__Oil_Rent_Intensive_Pre2016_ge15pct,Oil_Rents_GDP_Pct_lag1,primary,Oil_Rent_Intensive_Pre2016_ge15pct,Future_Period,train_to_2015__test_from_2016,ElasticNet,added_model_vs_strongest_benchmark,-0.010999999999999992,0.795
M1_Macro_vs_M2_Macro_Oil__primary__Oil_Rent_Intensive_Pre2016_ge15pct,Oil_Rents_GDP_Pct_lag1,primary,Oil_Rent_Intensive_Pre2016_ge15pct,Future_Period,train_to_2015__test_from_2016,ElasticNet,added_model_vs_strongest_benchmark,-0.010499999999999992,0.794
M1_Macro_vs_M2_Macro_Oil__primary__Oil_Rent_Intensive_Pre2016_ge15pct,Oil_Rents_GDP_Pct_lag1,primary,Oil_Rent_Intensive_Pre2016_ge15pct,Future_Period,train_to_2015__test_from_2016,ElasticNet,added_model_vs_strongest_benchmark,-0.009999999999999992,0.7925
M1_Macro_vs_M2_Macro_Oil__primary__Oil_Rent_Intensive_Pre2016_ge15pct,Oil_Rents_GDP_Pct_lag1,primary,Oil_Rent_Intensive_Pre2016_ge15pct,Future_Period,train_to_2015__test_from_2016,ElasticNet,added_model_vs_strongest_benchmark,-0.009499999999999991,0.791
M1_Macro_vs_M2_Macro_Oil__primary__Oil_Rent_Intensive_Pre2016_ge15pct,Oil_Rents_GDP_Pct_lag1,primary,Oil_Rent_Intensive_Pre2016_ge15pct,Future_Period,train_to_2015__test_from_2016,ElasticNet,added_model_vs_strongest_benchmark,-0.00899999999999999,0.788
M1_Macro_vs_M2_Macro_Oil__primary__Oil_Rent_Intensive_Pre2016_ge15pct,Oil_Rents_GDP_Pct_lag1,primary,Oil_Rent_Intensive_Pre2016_ge15pct,Future_Period,train_to_2015__test_from_2016,ElasticNet,added_model_vs_strongest_benchmark,-0.00849999999999999,0.7845
M1_Macro_vs_M2_Macro_Oil__primary__Oil_Rent_Intensive_Pre2016_ge15pct,Oil_Rents_GDP_Pct_lag1,primary,Oil_Rent_Intensive_Pre2016_ge15pct,Future_Period,train_to_2015__test_from_2016,ElasticNet,added_model_vs_strongest_benchmark,-0.00799999999999999,0.7825
M1_Macro_vs_M2_Macro_Oil__primary__Oil_Rent_Intensive_Pre2016_ge15pct,Oil_Rents_GDP_Pct_lag1,primary,Oil_Rent_Intensive_Pre2016_ge15pct,Future_Period,train_to_2015__test_from_2016,ElasticNet,added_model_vs_strongest_benchmark,-0.007499999999999989,0.7815
M1_Macro_vs_M2_Macro_Oil__primary__Oil_Rent_Intensive_Pre2016_ge15pct,Oil_Rents_GDP_Pct_lag1,primary,Oil_Rent_Intensive_Pre2016_ge15pct,Future_Period,train_to_2015__test_from_2016,ElasticNet,added_model_vs_strongest_benchmark,-0.006999999999999989,0.7805
M1_Macro_vs_M2_Macro_Oil__primary__Oil_Rent_Intensive_Pre2016_ge15pct,Oil_Rents_GDP_Pct_lag1,primary,Oil_Rent_Intensive_Pre2016_ge15pct,Future_Period,train_to_2015__test_from_2016,ElasticNet,added_model_vs_strongest_benchmark,-0.006499999999999988,0.7795
M1_Macro_vs_M2_Macro_Oil__primary__Oil_Rent_Intensive_Pre2016_ge15pct,Oil_Rents_GDP_Pct_lag1,primary,Oil_Rent_Intensive_Pre2016_ge15pct,Future_Period,train_to_2015__test_from_2016,ElasticNet,added_model_vs_strongest_benchmark,-0.005999999999999988,0.7775
M1_Macro_vs_M2_Macro_Oil__primary__Oil_Rent_Intensive_Pre2016_ge15pct,Oil_Rents_GDP_Pct_lag1,primary,Oil_Rent_Intensive_Pre2016_ge15pct,Future_Period,train_to_2015__test_from_2016,ElasticNet,added_model_vs_strongest_benchmark,-0.0054999999999999875,0.7765
M1_Macro_vs_M2_Macro_Oil__primary__Oil_Rent_Intensive_Pre2016_ge15pct,Oil_Rents_GDP_Pct_lag1,primary,Oil_Rent_Intensive_Pre2016_ge15pct,Future_Period,train_to_2015__test_from_2016,ElasticNet,added_model_vs_strongest_benchmark,-0.004999999999999987,0.776
M1_Macro_vs_M2_Macro_Oil__primary__Oil_Rent_Intensive_Pre2016_ge15pct,Oil_Rents_GDP_Pct_lag1,primary,Oil_Rent_Intensive_Pre2016_ge15pct,Future_Period,train_to_2015__test_from_2016,ElasticNet,added_model_vs_strongest_benchmark,-0.004499999999999987,0.7735
M1_Macro_vs_M2_Macro_Oil__primary__Oil_Rent_Intensive_Pre2016_ge15pct,Oil_Rents_GDP_Pct_lag1,primary,Oil_Rent_Intensive_Pre2016_ge15pct,Future_Period,train_to_2015__test_from_2016,ElasticNet,added_model_vs_strongest_benchmark,-0.003999999999999986,0.7725
M1_Macro_vs_M2_Macro_Oil__primary__Oil_Rent_Intensive_Pre2016_ge15pct,Oil_Rents_GDP_Pct_lag1,primary,Oil_Rent_Intensive_Pre2016_ge15pct,Future_Period,train_to_2015__test_from_2016,ElasticNet,added_model_vs_strongest_benchmark,-0.0034999999999999858,0.7705
M1_Macro_vs_M2_Macro_Oil__primary__Oil_Rent_Intensive_Pre2016_ge15pct,Oil_Rents_GDP_Pct_lag1,primary,Oil_Rent_Intensive_Pre2016_ge15pct,Future_Period,train_to_2015__test_from_2016,ElasticNet,added_model_vs_strongest_benchmark,-0.0029999999999999853,0.767
M1_Macro_vs_M2_Macro_Oil__primary__Oil_Rent_Intensive_Pre2016_ge15pct,Oil_Rents_GDP_Pct_lag1,primary,Oil_Rent_Intensive_Pre2016_ge15pct,Future_Period,train_to_2015__test_from_2016,ElasticNet,added_model_vs_strongest_benchmark,-0.002499999999999985,0.7665
M1_Macro_vs_M2_Macro_Oil__primary__Oil_Rent_Intensive_Pre2016_ge15pct,Oil_Rents_GDP_Pct_lag1,primary,Oil_Rent_Intensive_Pre2016_ge15pct,Future_Period,train_to_2015__test_from_2016,ElasticNet,added_model_vs_strongest_benchmark,-0.0019999999999999844,0.7665
M1_Macro_vs_M2_Macro_Oil__primary__Oil_Rent_Intensive_Pre2016_ge15pct,Oil_Rents_GDP_Pct_lag1,primary,Oil_Rent_Intensive_Pre2016_ge15pct,Future_Period,train_to_2015__test_from_2016,ElasticNet,added_model_vs_strongest_benchmark,-0.001499999999999984,0.763
M1_Macro_vs_M2_Macro_Oil__primary__Oil_Rent_Intensive_Pre2016_ge15pct,Oil_Rents_GDP_Pct_lag1,primary,Oil_Rent_Intensive_Pre2016_ge15pct,Future_Period,train_to_2015__test_from_2016,ElasticNet,added_model_vs_strongest_benchmark,-0.0009999999999999835,0.7625
M1_Macro_vs_M2_Macro_Oil__primary__Oil_Rent_Intensive_Pre2016_ge15pct,Oil_Rents_GDP_Pct_lag1,primary,Oil_Rent_Intensive_Pre2016_ge15pct,Future_Period,train_to_2015__test_from_2016,ElasticNet,added_model_vs_strongest_benchmark,-0.0004999999999999831,0.7605
M1_Macro_vs_M2_Macro_Oil__primary__Oil_Rent_Intensive_Pre2016_ge15pct,Oil_Rents_GDP_Pct_lag1,primary,Oil_Rent_Intensive_Pre2016_ge15pct,Future_Period,train_to_2015__test_from_2016,ElasticNet,added_model_vs_strongest_benchmark,1.734723475976807e-17,0.7595
M1_Macro_vs_M2_Macro_Oil__primary__Oil_Rent_Intensive_Pre2016_ge15pct,Oil_Rents_GDP_Pct_lag1,primary,Oil_Rent_Intensive_Pre2016_ge15pct,Future_Period,train_to_2015__test_from_2016,ElasticNet,added_model_vs_strongest_benchmark,0.0005000000000000178,0.7575
M1_Macro_vs_M2_Macro_Oil__primary__Oil_Rent_Intensive_Pre2016_ge15pct,Oil_Rents_GDP_Pct_lag1,primary,Oil_Rent_Intensive_Pre2016_ge15pct,Future_Period,train_to_2015__test_from_2016,ElasticNet,added_model_vs_strongest_benchmark,0.0010000000000000182,0.755
M1_Macro_vs_M2_Macro_Oil__primary__Oil_Rent_Intensive_Pre2016_ge15pct,Oil_Rents_GDP_Pct_lag1,primary,Oil_Rent_Intensive_Pre2016_ge15pct,Future_Period,train_to_2015__test_from_2016,ElasticNet,added_model_vs_strongest_benchmark,0.0015000000000000187,0.754
M1_Macro_vs_M2_Macro_Oil__primary__Oil_Rent_Intensive_Pre2016_ge15pct,Oil_Rents_GDP_Pct_lag1,primary,Oil_Rent_Intensive_Pre2016_ge15pct,Future_Period,train_to_2015__test_from_2016,ElasticNet,added_model_vs_strongest_benchmark,0.002000000000000019,0.753
M1_Macro_vs_M2_Macro_Oil__primary__Oil_Rent_Intensive_Pre2016_ge15pct,Oil_Rents_GDP_Pct_lag1,primary,Oil_Rent_Intensive_Pre2016_ge15pct,Future_Period,train_to_2015__test_from_2016,ElasticNet,added_model_vs_strongest_benchmark,0.0025000000000000196,0.7505
M1_Macro_vs_M2_Macro_Oil__primary__Oil_Rent_Intensive_Pre2016_ge15pct,Oil_Rents_GDP_Pct_lag1,primary,Oil_Rent_Intensive_Pre2016_ge15pct,Future_Period,train_to_2015__test_from_2016,ElasticNet,added_model_vs_strongest_benchmark,0.00300000000000002,0.7485
M1_Macro_vs_M2_Macro_Oil__primary__Oil_Rent_Intensive_Pre2016_ge15pct,Oil_Rents_GDP_Pct_lag1,primary,Oil_Rent_Intensive_Pre2016_ge15pct,Future_Period,train_to_2015__test_from_2016,ElasticNet,added_model_vs_strongest_benchmark,0.0035000000000000205,0.745
M1_Macro_vs_M2_Macro_Oil__primary__Oil_Rent_Intensive_Pre2016_ge15pct,Oil_Rents_GDP_Pct_lag1,primary,Oil_Rent_Intensive_Pre2016_ge15pct,Future_Period,train_to_2015__test_from_2016,ElasticNet,added_model_vs_strongest_benchmark,0.004000000000000021,0.743
M1_Macro_vs_M2_Macro_Oil__primary__Oil_Rent_Intensive_Pre2016_ge15pct,Oil_Rents_GDP_Pct_lag1,primary,Oil_Rent_Intensive_Pre2016_ge15pct,Future_Period,train_to_2015__test_from_2016,ElasticNet,added_model_vs_strongest_benchmark,0.004500000000000021,0.742
M1_Macro_vs_M2_Macro_Oil__primary__Oil_Rent_Intensive_Pre2016_ge15pct,Oil_Rents_GDP_Pct_lag1,primary,Oil_Rent_Intensive_Pre2016_ge15pct,Future_Period,train_to_2015__test_from_2016,ElasticNet,added_model_vs_strongest_benchmark,0.005000000000000022,0.7415
M1_Macro_vs_M2_Macro_Oil__primary__Oil_Rent_Intensive_Pre2016_ge15pct,Oil_Rents_GDP_Pct_lag1,primary,Oil_Rent_Intensive_Pre2016_ge15pct,Future_Period,train_to_2015__test_from_2016,ElasticNet,added_model_vs_strongest_benchmark,0.005500000000000022,0.7365
M1_Macro_vs_M2_Macro_Oil__primary__Oil_Rent_Intensive_Pre2016_ge15pct,Oil_Rents_GDP_Pct_lag1,primary,Oil_Rent_Intensive_Pre2016_ge15pct,Future_Period,train_to_2015__test_from_2016,ElasticNet,added_model_vs_strongest_benchmark,0.006000000000000023,0.734
M1_Macro_vs_M2_Macro_Oil__primary__Oil_Rent_Intensive_Pre2016_ge15pct,Oil_Rents_GDP_Pct_lag1,primary,Oil_Rent_Intensive_Pre2016_ge15pct,Future_Period,train_to_2015__test_from_2016,ElasticNet,added_model_vs_strongest_benchmark,0.006500000000000023,0.732
M1_Macro_vs_M2_Macro_Oil__primary__Oil_Rent_Intensive_Pre2016_ge15pct,Oil_Rents_GDP_Pct_lag1,primary,Oil_Rent_Intensive_Pre2016_ge15pct,Future_Period,train_to_2015__test_from_2016,ElasticNet,added_model_vs_strongest_benchmark,0.0070000000000000236,0.7305
M1_Macro_vs_M2_Macro_Oil__primary__Oil_Rent_Intensive_Pre2016_ge15pct,Oil_Rents_GDP_Pct_lag1,primary,Oil_Rent_Intensive_Pre2016_ge15pct,Future_Period,train_to_2015__test_from_2016,ElasticNet,added_model_vs_strongest_benchmark,0.007500000000000024,0.729
M1_Macro_vs_M2_Macro_Oil__primary__Oil_Rent_Intensive_Pre2016_ge15pct,Oil_Rents_GDP_Pct_lag1,primary,Oil_Rent_Intensive_Pre2016_ge15pct,Future_Period,train_to_2015__test_from_2016,ElasticNet,added_model_vs_strongest_benchmark,0.008000000000000024,0.7275
M1_Macro_vs_M2_Macro_Oil__primary__Oil_Rent_Intensive_Pre2016_ge15pct,Oil_Rents_GDP_Pct_lag1,primary,Oil_Rent_Intensive_Pre2016_ge15pct,Future_Period,train_to_2015__test_from_2016,ElasticNet,added_model_vs_strongest_benchmark,0.008500000000000025,0.726
M1_Macro_vs_M2_Macro_Oil__primary__Oil_Rent_Intensive_Pre2016_ge15pct,Oil_Rents_GDP_Pct_lag1,primary,Oil_Rent_Intensive_Pre2016_ge15pct,Future_Period,train_to_2015__test_from_2016,ElasticNet,added_model_vs_strongest_benchmark,0.009000000000000025,0.7235
M1_Macro_vs_M2_Macro_Oil__primary__Oil_Rent_Intensive_Pre2016_ge15pct,Oil_Rents_GDP_Pct_lag1,primary,Oil_Rent_Intensive_Pre2016_ge15pct,Future_Period,train_to_2015__test_from_2016,ElasticNet,added_model_vs_strongest_benchmark,0.009500000000000026,0.7225
M1_Macro_vs_M2_Macro_Oil__primary__Oil_Rent_Intensive_Pre2016_ge15pct,Oil_Rents_GDP_Pct_lag1,primary,Oil_Rent_Intensive_Pre2016_ge15pct,Future_Period,train_to_2015__test_from_2016,ElasticNet,added_model_vs_strongest_benchmark,0.010000000000000026,0.722
M1_Macro_vs_M2_Macro_Oil__primary__Oil_Rent_Intensive_Pre2016_ge15pct,Oil_Rents_GDP_Pct_lag1,primary,Oil_Rent_Intensive_Pre2016_ge15pct,Future_Period,train_to_2015__test_from_2016,ElasticNet,added_model_vs_strongest_benchmark,0.010500000000000027,0.721
M1_Macro_vs_M2_Macro_Oil__primary__Oil_Rent_Intensive_Pre2016_ge15pct,Oil_Rents_GDP_Pct_lag1,primary,Oil_Rent_Intensive_Pre2016_ge15pct,Future_Period,train_to_2015__test_from_2016,ElasticNet,added_model_vs_strongest_benchmark,0.011000000000000027,0.7185
M1_Macro_vs_M2_Macro_Oil__primary__Oil_Rent_Intensive_Pre2016_ge15pct,Oil_Rents_GDP_Pct_lag1,primary,Oil_Rent_Intensive_Pre2016_ge15pct,Future_Period,train_to_2015__test_from_2016,ElasticNet,added_model_vs_strongest_benchmark,0.011500000000000028,0.717
M1_Macro_vs_M2_Macro_Oil__primary__Oil_Rent_Intensive_Pre2016_ge15pct,Oil_Rents_GDP_Pct_lag1,primary,Oil_Rent_Intensive_Pre2016_ge15pct,Future_Period,train_to_2015__test_from_2016,ElasticNet,added_model_vs_strongest_benchmark,0.012000000000000028,0.715
M1_Macro_vs_M2_Macro_Oil__primary__Oil_Rent_Intensive_Pre2016_ge15pct,Oil_Rents_GDP_Pct_lag1,primary,Oil_Rent_Intensive_Pre2016_ge15pct,Future_Period,train_to_2015__test_from_2016,ElasticNet,added_model_vs_strongest_benchmark,0.012500000000000028,0.712
M1_Macro_vs_M2_Macro_Oil__primary__Oil_Rent_Intensive_Pre2016_ge15pct,Oil_Rents_GDP_Pct_lag1,primary,Oil_Rent_Intensive_Pre2016_ge15pct,Future_Period,train_to_2015__test_from_2016,ElasticNet,added_model_vs_strongest_benchmark,0.013000000000000029,0.711
M1_Macro_vs_M2_Macro_Oil__primary__Oil_Rent_Intensive_Pre2016_ge15pct,Oil_Rents_GDP_Pct_lag1,primary,Oil_Rent_Intensive_Pre2016_ge15pct,Future_Period,train_to_2015__test_from_2016,ElasticNet,added_model_vs_strongest_benchmark,0.01350000000000003,0.71
M1_Macro_vs_M2_Macro_Oil__primary__Oil_Rent_Intensive_Pre2016_ge15pct,Oil_Rents_GDP_Pct_lag1,primary,Oil_Rent_Intensive_Pre2016_ge15pct,Future_Period,train_to_2015__test_from_2016,ElasticNet,added_model_vs_strongest_benchmark,0.01400000000000003,0.709
M1_Macro_vs_M2_Macro_Oil__primary__Oil_Rent_Intensive_Pre2016_ge15pct,Oil_Rents_GDP_Pct_lag1,primary,Oil_Rent_Intensive_Pre2016_ge15pct,Future_Period,train_to_2015__test_from_2016,ElasticNet,added_model_vs_strongest_benchmark,0.01450000000000003,0.707
M1_Macro_vs_M2_Macro_Oil__primary__Oil_Rent_Intensive_Pre2016_ge15pct,Oil_Rents_GDP_Pct_lag1,primary,Oil_Rent_Intensive_Pre2016_ge15pct,Future_Period,train_to_2015__test_from_2016,ElasticNet,added_model_vs_strongest_benchmark,0.01500000000000003,0.7055
M1_Macro_vs_M2_Macro_Oil__primary__Oil_Rent_Intensive_Pre2016_ge15pct,Oil_Rents_GDP_Pct_lag1,primary,Oil_Rent_Intensive_Pre2016_ge15pct,Future_Period,train_to_2015__test_from_2016,ElasticNet,added_model_vs_strongest_benchmark,0.015500000000000031,0.7055
M1_Macro_vs_M2_Macro_Oil__primary__Oil_Rent_Intensive_Pre2016_ge15pct,Oil_Rents_GDP_Pct_lag1,primary,Oil_Rent_Intensive_Pre2016_ge15pct,Future_Period,train_to_2015__test_from_2016,ElasticNet,added_model_vs_strongest_benchmark,0.01600000000000003,0.705
M1_Macro_vs_M2_Macro_Oil__primary__Oil_Rent_Intensive_Pre2016_ge15pct,Oil_Rents_GDP_Pct_lag1,primary,Oil_Rent_Intensive_Pre2016_ge15pct,Future_Period,train_to_2015__test_from_2016,ElasticNet,added_model_vs_strongest_benchmark,0.016500000000000032,0.7045
M1_Macro_vs_M2_Macro_Oil__primary__Oil_Rent_Intensive_Pre2016_ge15pct,Oil_Rents_GDP_Pct_lag1,primary,Oil_Rent_Intensive_Pre2016_ge15pct,Future_Period,train_to_2015__test_from_2016,ElasticNet,added_model_vs_strongest_benchmark,0.017000000000000032,0.7035
M1_Macro_vs_M2_Macro_Oil__primary__Oil_Rent_Intensive_Pre2016_ge15pct,Oil_Rents_GDP_Pct_lag1,primary,Oil_Rent_Intensive_Pre2016_ge15pct,Future_Period,train_to_2015__test_from_2016,ElasticNet,added_model_vs_strongest_benchmark,0.017500000000000033,0.702
M1_Macro_vs_M2_Macro_Oil__primary__Oil_Rent_Intensive_Pre2016_ge15pct,Oil_Rents_GDP_Pct_lag1,primary,Oil_Rent_Intensive_Pre2016_ge15pct,Future_Period,train_to_2015__test_from_2016,ElasticNet,added_model_vs_strongest_benchmark,0.018000000000000033,0.7
M1_Macro_vs_M2_Macro_Oil__primary__Oil_Rent_Intensive_Pre2016_ge15pct,Oil_Rents_GDP_Pct_lag1,primary,Oil_Rent_Intensive_Pre2016_ge15pct,Future_Period,train_to_2015__test_from_2016,ElasticNet,added_model_vs_strongest_benchmark,0.018500000000000034,0.699
M1_Macro_vs_M2_Macro_Oil__primary__Oil_Rent_Intensive_Pre2016_ge15pct,Oil_Rents_GDP_Pct_lag1,primary,Oil_Rent_Intensive_Pre2016_ge15pct,Future_Period,train_to_2015__test_from_2016,ElasticNet,added_model_vs_strongest_benchmark,0.019000000000000034,0.6945
M1_Macro_vs_M2_Macro_Oil__primary__Oil_Rent_Intensive_Pre2016_ge15pct,Oil_Rents_GDP_Pct_lag1,primary,Oil_Rent_Intensive_Pre2016_ge15pct,Future_Period,train_to_2015__test_from_2016,ElasticNet,added_model_vs_strongest_benchmark,0.019500000000000035,0.6925
M1_Macro_vs_M2_Macro_Oil__primary__Oil_Rent_Intensive_Pre2016_ge15pct,Oil_Rents_GDP_Pct_lag1,primary,Oil_Rent_Intensive_Pre2016_ge15pct,Future_Period,train_to_2015__test_from_2016,ElasticNet,added_model_vs_strongest_benchmark,0.020000000000000035,0.69
M1_Macro_vs_M2_Macro_Oil__primary__Oil_Rent_Intensive_Pre2016_ge15pct,Oil_Rents_GDP_Pct_lag1,primary,Oil_Rent_Intensive_Pre2016_ge15pct,Future_Period,train_to_2015__test_from_2016,ElasticNet,added_model_vs_strongest_benchmark,0.020500000000000036,0.6865
M1_Macro_vs_M2_Macro_Oil__primary__Oil_Rent_Intensive_Pre2016_ge15pct,Oil_Rents_GDP_Pct_lag1,primary,Oil_Rent_Intensive_Pre2016_ge15pct,Future_Period,train_to_2015__test_from_2016,ElasticNet,added_model_vs_strongest_benchmark,0.021000000000000036,0.685
M1_Macro_vs_M2_Macro_Oil__primary__Oil_Rent_Intensive_Pre2016_ge15pct,Oil_Rents_GDP_Pct_lag1,primary,Oil_Rent_Intensive_Pre2016_ge15pct,Future_Period,train_to_2015__test_from_2016,ElasticNet,added_model_vs_strongest_benchmark,0.021500000000000036,0.6835
M1_Macro_vs_M2_Macro_Oil__primary__Oil_Rent_Intensive_Pre2016_ge15pct,Oil_Rents_GDP_Pct_lag1,primary,Oil_Rent_Intensive_Pre2016_ge15pct,Future_Period,train_to_2015__test_from_2016,ElasticNet,added_model_vs_strongest_benchmark,0.022000000000000037,0.682
M1_Macro_vs_M2_Macro_Oil__primary__Oil_Rent_Intensive_Pre2016_ge15pct,Oil_Rents_GDP_Pct_lag1,primary,Oil_Rent_Intensive_Pre2016_ge15pct,Future_Period,train_to_2015__test_from_2016,ElasticNet,added_model_vs_strongest_benchmark,0.022500000000000037,0.6805
M1_Macro_vs_M2_Macro_Oil__primary__Oil_Rent_Intensive_Pre2016_ge15pct,Oil_Rents_GDP_Pct_lag1,primary,Oil_Rent_Intensive_Pre2016_ge15pct,Future_Period,train_to_2015__test_from_2016,ElasticNet,added_model_vs_strongest_benchmark,0.023000000000000038,0.68
M1_Macro_vs_M2_Macro_Oil__primary__Oil_Rent_Intensive_Pre2016_ge15pct,Oil_Rents_GDP_Pct_lag1,primary,Oil_Rent_Intensive_Pre2016_ge15pct,Future_Period,train_to_2015__test_from_2016,ElasticNet,added_model_vs_strongest_benchmark,0.023500000000000038,0.678
M1_Macro_vs_M2_Macro_Oil__primary__Oil_Rent_Intensive_Pre2016_ge15pct,Oil_Rents_GDP_Pct_lag1,primary,Oil_Rent_Intensive_Pre2016_ge15pct,Future_Period,train_to_2015__test_from_2016,ElasticNet,added_model_vs_strongest_benchmark,0.02400000000000004,0.677
M1_Macro_vs_M2_Macro_Oil__primary__Oil_Rent_Intensive_Pre2016_ge15pct,Oil_Rents_GDP_Pct_lag1,primary,Oil_Rent_Intensive_Pre2016_ge15pct,Future_Period,train_to_2015__test_from_2016,ElasticNet,added_model_vs_strongest_benchmark,0.02450000000000004,0.675
M1_Macro_vs_M2_Macro_Oil__primary__Oil_Rent_Intensive_Pre2016_ge15pct,Oil_Rents_GDP_Pct_lag1,primary,Oil_Rent_Intensive_Pre2016_ge15pct,Future_Period,train_to_2015__test_from_2016,ElasticNet,added_model_vs_strongest_benchmark,0.02500000000000004,0.673
M1_Macro_vs_M2_Macro_Oil__primary__Oil_Rent_Intensive_Pre2016_ge15pct,Oil_Rents_GDP_Pct_lag1,primary,Oil_Rent_Intensive_Pre2016_ge15pct,Future_Period,train_to_2015__test_from_2016,ElasticNet,added_model_vs_strongest_benchmark,0.02550000000000004,0.6725
M1_Macro_vs_M2_Macro_Oil__primary__Oil_Rent_Intensive_Pre2016_ge15pct,Oil_Rents_GDP_Pct_lag1,primary,Oil_Rent_Intensive_Pre2016_ge15pct,Future_Period,train_to_2015__test_from_2016,ElasticNet,added_model_vs_strongest_benchmark,0.02600000000000004,0.6715
M1_Macro_vs_M2_Macro_Oil__primary__Oil_Rent_Intensive_Pre2016_ge15pct,Oil_Rents_GDP_Pct_lag1,primary,Oil_Rent_Intensive_Pre2016_ge15pct,Future_Period,train_to_2015__test_from_2016,ElasticNet,added_model_vs_strongest_benchmark,0.02650000000000004,0.6695
M1_Macro_vs_M2_Macro_Oil__primary__Oil_Rent_Intensive_Pre2016_ge15pct,Oil_Rents_GDP_Pct_lag1,primary,Oil_Rent_Intensive_Pre2016_ge15pct,Future_Period,train_to_2015__test_from_2016,ElasticNet,added_model_vs_strongest_benchmark,0.02700000000000004,0.6675
M1_Macro_vs_M2_Macro_Oil__primary__Oil_Rent_Intensive_Pre2016_ge15pct,Oil_Rents_GDP_Pct_lag1,primary,Oil_Rent_Intensive_Pre2016_ge15pct,Future_Period,train_to_2015__test_from_2016,ElasticNet,added_model_vs_strongest_benchmark,0.027500000000000042,0.6665
M1_Macro_vs_M2_Macro_Oil__primary__Oil_Rent_Intensive_Pre2016_ge15pct,Oil_Rents_GDP_Pct_lag1,primary,Oil_Rent_Intensive_Pre2016_ge15pct,Future_Period,train_to_2015__test_from_2016,ElasticNet,added_model_vs_strongest_benchmark,0.028000000000000042,0.6635
M1_Macro_vs_M2_Macro_Oil__primary__Oil_Rent_Intensive_Pre2016_ge15pct,Oil_Rents_GDP_Pct_lag1,primary,Oil_Rent_Intensive_Pre2016_ge15pct,Future_Period,train_to_2015__test_from_2016,ElasticNet,added_model_vs_strongest_benchmark,0.028500000000000043,0.6595
M1_Macro_vs_M2_Macro_Oil__primary__Oil_Rent_Intensive_Pre2016_ge15pct,Oil_Rents_GDP_Pct_lag1,primary,Oil_Rent_Intensive_Pre2016_ge15pct,Future_Period,train_to_2015__test_from_2016,ElasticNet,added_model_vs_strongest_benchmark,0.029000000000000043,0.659
M1_Macro_vs_M2_Macro_Oil__primary__Oil_Rent_Intensive_Pre2016_ge15pct,Oil_Rents_GDP_Pct_lag1,primary,Oil_Rent_Intensive_Pre2016_ge15pct,Future_Period,train_to_2015__test_from_2016,ElasticNet,added_model_vs_strongest_benchmark,0.029500000000000044,0.655
M1_Macro_vs_M2_Macro_Oil__primary__Oil_Rent_Intensive_Pre2016_ge15pct,Oil_Rents_GDP_Pct_lag1,primary,Oil_Rent_Intensive_Pre2016_ge15pct,Future_Period,train_to_2015__test_from_2016,ElasticNet,added_model_vs_strongest_benchmark,0.030000000000000044,0.652
M1_Macro_vs_M2_Macro_Oil__primary__Oil_Rent_Intensive_Pre2016_ge15pct,Oil_Rents_GDP_Pct_lag1,primary,Oil_Rent_Intensive_Pre2016_ge15pct,Future_Period,train_to_2015__test_from_2016,RandomForest,signal_increment,-0.02,0.495
M1_Macro_vs_M2_Macro_Oil__primary__Oil_Rent_Intensive_Pre2016_ge15pct,Oil_Rents_GDP_Pct_lag1,primary,Oil_Rent_Intensive_Pre2016_ge15pct,Future_Period,train_to_2015__test_from_2016,RandomForest,signal_increment,-0.0195,0.4845
M1_Macro_vs_M2_Macro_Oil__primary__Oil_Rent_Intensive_Pre2016_ge15pct,Oil_Rents_GDP_Pct_lag1,primary,Oil_Rent_Intensive_Pre2016_ge15pct,Future_Period,train_to_2015__test_from_2016,RandomForest,signal_increment,-0.019,0.474
M1_Macro_vs_M2_Macro_Oil__primary__Oil_Rent_Intensive_Pre2016_ge15pct,Oil_Rents_GDP_Pct_lag1,primary,Oil_Rent_Intensive_Pre2016_ge15pct,Future_Period,train_to_2015__test_from_2016,RandomForest,signal_increment,-0.0185,0.4645
M1_Macro_vs_M2_Macro_Oil__primary__Oil_Rent_Intensive_Pre2016_ge15pct,Oil_Rents_GDP_Pct_lag1,primary,Oil_Rent_Intensive_Pre2016_ge15pct,Future_Period,train_to_2015__test_from_2016,RandomForest,signal_increment,-0.018,0.4535
M1_Macro_vs_M2_Macro_Oil__primary__Oil_Rent_Intensive_Pre2016_ge15pct,Oil_Rents_GDP_Pct_lag1,primary,Oil_Rent_Intensive_Pre2016_ge15pct,Future_Period,train_to_2015__test_from_2016,RandomForest,signal_increment,-0.017499999999999998,0.442
M1_Macro_vs_M2_Macro_Oil__primary__Oil_Rent_Intensive_Pre2016_ge15pct,Oil_Rents_GDP_Pct_lag1,primary,Oil_Rent_Intensive_Pre2016_ge15pct,Future_Period,train_to_2015__test_from_2016,RandomForest,signal_increment,-0.016999999999999998,0.433
M1_Macro_vs_M2_Macro_Oil__primary__Oil_Rent_Intensive_Pre2016_ge15pct,Oil_Rents_GDP_Pct_lag1,primary,Oil_Rent_Intensive_Pre2016_ge15pct,Future_Period,train_to_2015__test_from_2016,RandomForest,signal_increment,-0.016499999999999997,0.423
M1_Macro_vs_M2_Macro_Oil__primary__Oil_Rent_Intensive_Pre2016_ge15pct,Oil_Rents_GDP_Pct_lag1,primary,Oil_Rent_Intensive_Pre2016_ge15pct,Future_Period,train_to_2015__test_from_2016,RandomForest,signal_increment,-0.015999999999999997,0.4155
M1_Macro_vs_M2_Macro_Oil__primary__Oil_Rent_Intensive_Pre2016_ge15pct,Oil_Rents_GDP_Pct_lag1,primary,Oil_Rent_Intensive_Pre2016_ge15pct,Future_Period,train_to_2015__test_from_2016,RandomForest,signal_increment,-0.015499999999999996,0.4095
M1_Macro_vs_M2_Macro_Oil__primary__Oil_Rent_Intensive_Pre2016_ge15pct,Oil_Rents_GDP_Pct_lag1,primary,Oil_Rent_Intensive_Pre2016_ge15pct,Future_Period,train_to_2015__test_from_2016,RandomForest,signal_increment,-0.014999999999999996,0.396
M1_Macro_vs_M2_Macro_Oil__primary__Oil_Rent_Intensive_Pre2016_ge15pct,Oil_Rents_GDP_Pct_lag1,primary,Oil_Rent_Intensive_Pre2016_ge15pct,Future_Period,train_to_2015__test_from_2016,RandomForest,signal_increment,-0.014499999999999996,0.387
M1_Macro_vs_M2_Macro_Oil__primary__Oil_Rent_Intensive_Pre2016_ge15pct,Oil_Rents_GDP_Pct_lag1,primary,Oil_Rent_Intensive_Pre2016_ge15pct,Future_Period,train_to_2015__test_from_2016,RandomForest,signal_increment,-0.013999999999999995,0.38
M1_Macro_vs_M2_Macro_Oil__primary__Oil_Rent_Intensive_Pre2016_ge15pct,Oil_Rents_GDP_Pct_lag1,primary,Oil_Rent_Intensive_Pre2016_ge15pct,Future_Period,train_to_2015__test_from_2016,RandomForest,signal_increment,-0.013499999999999995,0.374
M1_Macro_vs_M2_Macro_Oil__primary__Oil_Rent_Intensive_Pre2016_ge15pct,Oil_Rents_GDP_Pct_lag1,primary,Oil_Rent_Intensive_Pre2016_ge15pct,Future_Period,train_to_2015__test_from_2016,RandomForest,signal_increment,-0.012999999999999994,0.3675
M1_Macro_vs_M2_Macro_Oil__primary__Oil_Rent_Intensive_Pre2016_ge15pct,Oil_Rents_GDP_Pct_lag1,primary,Oil_Rent_Intensive_Pre2016_ge15pct,Future_Period,train_to_2015__test_from_2016,RandomForest,signal_increment,-0.012499999999999994,0.3555
M1_Macro_vs_M2_Macro_Oil__primary__Oil_Rent_Intensive_Pre2016_ge15pct,Oil_Rents_GDP_Pct_lag1,primary,Oil_Rent_Intensive_Pre2016_ge15pct,Future_Period,train_to_2015__test_from_2016,RandomForest,signal_increment,-0.011999999999999993,0.346
M1_Macro_vs_M2_Macro_Oil__primary__Oil_Rent_Intensive_Pre2016_ge15pct,Oil_Rents_GDP_Pct_lag1,primary,Oil_Rent_Intensive_Pre2016_ge15pct,Future_Period,train_to_2015__test_from_2016,RandomForest,signal_increment,-0.011499999999999993,0.3385
M1_Macro_vs_M2_Macro_Oil__primary__Oil_Rent_Intensive_Pre2016_ge15pct,Oil_Rents_GDP_Pct_lag1,primary,Oil_Rent_Intensive_Pre2016_ge15pct,Future_Period,train_to_2015__test_from_2016,RandomForest,signal_increment,-0.010999999999999992,0.33
M1_Macro_vs_M2_Macro_Oil__primary__Oil_Rent_Intensive_Pre2016_ge15pct,Oil_Rents_GDP_Pct_lag1,primary,Oil_Rent_Intensive_Pre2016_ge15pct,Future_Period,train_to_2015__test_from_2016,RandomForest,signal_increment,-0.010499999999999992,0.3205
M1_Macro_vs_M2_Macro_Oil__primary__Oil_Rent_Intensive_Pre2016_ge15pct,Oil_Rents_GDP_Pct_lag1,primary,Oil_Rent_Intensive_Pre2016_ge15pct,Future_Period,train_to_2015__test_from_2016,RandomForest,signal_increment,-0.009999999999999992,0.3115
M1_Macro_vs_M2_Macro_Oil__primary__Oil_Rent_Intensive_Pre2016_ge15pct,Oil_Rents_GDP_Pct_lag1,primary,Oil_Rent_Intensive_Pre2016_ge15pct,Future_Period,train_to_2015__test_from_2016,RandomForest,signal_increment,-0.009499999999999991,0.3045
M1_Macro_vs_M2_Macro_Oil__primary__Oil_Rent_Intensive_Pre2016_ge15pct,Oil_Rents_GDP_Pct_lag1,primary,Oil_Rent_Intensive_Pre2016_ge15pct,Future_Period,train_to_2015__test_from_2016,RandomForest,signal_increment,-0.00899999999999999,0.2945
M1_Macro_vs_M2_Macro_Oil__primary__Oil_Rent_Intensive_Pre2016_ge15pct,Oil_Rents_GDP_Pct_lag1,primary,Oil_Rent_Intensive_Pre2016_ge15pct,Future_Period,train_to_2015__test_from_2016,RandomForest,signal_increment,-0.00849999999999999,0.2895
M1_Macro_vs_M2_Macro_Oil__primary__Oil_Rent_Intensive_Pre2016_ge15pct,Oil_Rents_GDP_Pct_lag1,primary,Oil_Rent_Intensive_Pre2016_ge15pct,Future_Period,train_to_2015__test_from_2016,RandomForest,signal_increment,-0.00799999999999999,0.2835
M1_Macro_vs_M2_Macro_Oil__primary__Oil_Rent_Intensive_Pre2016_ge15pct,Oil_Rents_GDP_Pct_lag1,primary,Oil_Rent_Intensive_Pre2016_ge15pct,Future_Period,train_to_2015__test_from_2016,RandomForest,signal_increment,-0.007499999999999989,0.2755
M1_Macro_vs_M2_Macro_Oil__primary__Oil_Rent_Intensive_Pre2016_ge15pct,Oil_Rents_GDP_Pct_lag1,primary,Oil_Rent_Intensive_Pre2016_ge15pct,Future_Period,train_to_2015__test_from_2016,RandomForest,signal_increment,-0.006999999999999989,0.269
M1_Macro_vs_M2_Macro_Oil__primary__Oil_Rent_Intensive_Pre2016_ge15pct,Oil_Rents_GDP_Pct_lag1,primary,Oil_Rent_Intensive_Pre2016_ge15pct,Future_Period,train_to_2015__test_from_2016,RandomForest,signal_increment,-0.006499999999999988,0.263
M1_Macro_vs_M2_Macro_Oil__primary__Oil_Rent_Intensive_Pre2016_ge15pct,Oil_Rents_GDP_Pct_lag1,primary,Oil_Rent_Intensive_Pre2016_ge15pct,Future_Period,train_to_2015__test_from_2016,RandomForest,signal_increment,-0.005999999999999988,0.2565
M1_Macro_vs_M2_Macro_Oil__primary__Oil_Rent_Intensive_Pre2016_ge15pct,Oil_Rents_GDP_Pct_lag1,primary,Oil_Rent_Intensive_Pre2016_ge15pct,Future_Period,train_to_2015__test_from_2016,RandomForest,signal_increment,-0.0054999999999999875,0.2505
M1_Macro_vs_M2_Macro_Oil__primary__Oil_Rent_Intensive_Pre2016_ge15pct,Oil_Rents_GDP_Pct_lag1,primary,Oil_Rent_Intensive_Pre2016_ge15pct,Future_Period,train_to_2015__test_from_2016,RandomForest,signal_increment,-0.004999999999999987,0.244
M1_Macro_vs_M2_Macro_Oil__primary__Oil_Rent_Intensive_Pre2016_ge15pct,Oil_Rents_GDP_Pct_lag1,primary,Oil_Rent_Intensive_Pre2016_ge15pct,Future_Period,train_to_2015__test_from_2016,RandomForest,signal_increment,-0.004499999999999987,0.239
M1_Macro_vs_M2_Macro_Oil__primary__Oil_Rent_Intensive_Pre2016_ge15pct,Oil_Rents_GDP_Pct_lag1,primary,Oil_Rent_Intensive_Pre2016_ge15pct,Future_Period,train_to_2015__test_from_2016,RandomForest,signal_increment,-0.003999999999999986,0.236
M1_Macro_vs_M2_Macro_Oil__primary__Oil_Rent_Intensive_Pre2016_ge15pct,Oil_Rents_GDP_Pct_lag1,primary,Oil_Rent_Intensive_Pre2016_ge15pct,Future_Period,train_to_2015__test_from_2016,RandomForest,signal_increment,-0.0034999999999999858,0.23
M1_Macro_vs_M2_Macro_Oil__primary__Oil_Rent_Intensive_Pre2016_ge15pct,Oil_Rents_GDP_Pct_lag1,primary,Oil_Rent_Intensive_Pre2016_ge15pct,Future_Period,train_to_2015__test_from_2016,RandomForest,signal_increment,-0.0029999999999999853,0.224
M1_Macro_vs_M2_Macro_Oil__primary__Oil_Rent_Intensive_Pre2016_ge15pct,Oil_Rents_GDP_Pct_lag1,primary,Oil_Rent_Intensive_Pre2016_ge15pct,Future_Period,train_to_2015__test_from_2016,RandomForest,signal_increment,-0.002499999999999985,0.218
M1_Macro_vs_M2_Macro_Oil__primary__Oil_Rent_Intensive_Pre2016_ge15pct,Oil_Rents_GDP_Pct_lag1,primary,Oil_Rent_Intensive_Pre2016_ge15pct,Future_Period,train_to_2015__test_from_2016,RandomForest,signal_increment,-0.0019999999999999844,0.2075
M1_Macro_vs_M2_Macro_Oil__primary__Oil_Rent_Intensive_Pre2016_ge15pct,Oil_Rents_GDP_Pct_lag1,primary,Oil_Rent_Intensive_Pre2016_ge15pct,Future_Period,train_to_2015__test_from_2016,RandomForest,signal_increment,-0.001499999999999984,0.205
M1_Macro_vs_M2_Macro_Oil__primary__Oil_Rent_Intensive_Pre2016_ge15pct,Oil_Rents_GDP_Pct_lag1,primary,Oil_Rent_Intensive_Pre2016_ge15pct,Future_Period,train_to_2015__test_from_2016,RandomForest,signal_increment,-0.0009999999999999835,0.197
M1_Macro_vs_M2_Macro_Oil__primary__Oil_Rent_Intensive_Pre2016_ge15pct,Oil_Rents_GDP_Pct_lag1,primary,Oil_Rent_Intensive_Pre2016_ge15pct,Future_Period,train_to_2015__test_from_2016,RandomForest,signal_increment,-0.0004999999999999831,0.1895
M1_Macro_vs_M2_Macro_Oil__primary__Oil_Rent_Intensive_Pre2016_ge15pct,Oil_Rents_GDP_Pct_lag1,primary,Oil_Rent_Intensive_Pre2016_ge15pct,Future_Period,train_to_2015__test_from_2016,RandomForest,signal_increment,1.734723475976807e-17,0.1795
M1_Macro_vs_M2_Macro_Oil__primary__Oil_Rent_Intensive_Pre2016_ge15pct,Oil_Rents_GDP_Pct_lag1,primary,Oil_Rent_Intensive_Pre2016_ge15pct,Future_Period,train_to_2015__test_from_2016,RandomForest,signal_increment,0.0005000000000000178,0.1735
M1_Macro_vs_M2_Macro_Oil__primary__Oil_Rent_Intensive_Pre2016_ge15pct,Oil_Rents_GDP_Pct_lag1,primary,Oil_Rent_Intensive_Pre2016_ge15pct,Future_Period,train_to_2015__test_from_2016,RandomForest,signal_increment,0.0010000000000000182,0.1675
M1_Macro_vs_M2_Macro_Oil__primary__Oil_Rent_Intensive_Pre2016_ge15pct,Oil_Rents_GDP_Pct_lag1,primary,Oil_Rent_Intensive_Pre2016_ge15pct,Future_Period,train_to_2015__test_from_2016,RandomForest,signal_increment,0.0015000000000000187,0.162
M1_Macro_vs_M2_Macro_Oil__primary__Oil_Rent_Intensive_Pre2016_ge15pct,Oil_Rents_GDP_Pct_lag1,primary,Oil_Rent_Intensive_Pre2016_ge15pct,Future_Period,train_to_2015__test_from_2016,RandomForest,signal_increment,0.002000000000000019,0.1555
M1_Macro_vs_M2_Macro_Oil__primary__Oil_Rent_Intensive_Pre2016_ge15pct,Oil_Rents_GDP_Pct_lag1,primary,Oil_Rent_Intensive_Pre2016_ge15pct,Future_Period,train_to_2015__test_from_2016,RandomForest,signal_increment,0.0025000000000000196,0.1505
M1_Macro_vs_M2_Macro_Oil__primary__Oil_Rent_Intensive_Pre2016_ge15pct,Oil_Rents_GDP_Pct_lag1,primary,Oil_Rent_Intensive_Pre2016_ge15pct,Future_Period,train_to_2015__test_from_2016,RandomForest,signal_increment,0.00300000000000002,0.1475
M1_Macro_vs_M2_Macro_Oil__primary__Oil_Rent_Intensive_Pre2016_ge15pct,Oil_Rents_GDP_Pct_lag1,primary,Oil_Rent_Intensive_Pre2016_ge15pct,Future_Period,train_to_2015__test_from_2016,RandomForest,signal_increment,0.0035000000000000205,0.145
M1_Macro_vs_M2_Macro_Oil__primary__Oil_Rent_Intensive_Pre2016_ge15pct,Oil_Rents_GDP_Pct_lag1,primary,Oil_Rent_Intensive_Pre2016_ge15pct,Future_Period,train_to_2015__test_from_2016,RandomForest,signal_increment,0.004000000000000021,0.14
M1_Macro_vs_M2_Macro_Oil__primary__Oil_Rent_Intensive_Pre2016_ge15pct,Oil_Rents_GDP_Pct_lag1,primary,Oil_Rent_Intensive_Pre2016_ge15pct,Future_Period,train_to_2015__test_from_2016,RandomForest,signal_increment,0.004500000000000021,0.1355
M1_Macro_vs_M2_Macro_Oil__primary__Oil_Rent_Intensive_Pre2016_ge15pct,Oil_Rents_GDP_Pct_lag1,primary,Oil_Rent_Intensive_Pre2016_ge15pct,Future_Period,train_to_2015__test_from_2016,RandomForest,signal_increment,0.005000000000000022,0.1315
M1_Macro_vs_M2_Macro_Oil__primary__Oil_Rent_Intensive_Pre2016_ge15pct,Oil_Rents_GDP_Pct_lag1,primary,Oil_Rent_Intensive_Pre2016_ge15pct,Future_Period,train_to_2015__test_from_2016,RandomForest,signal_increment,0.005500000000000022,0.126
M1_Macro_vs_M2_Macro_Oil__primary__Oil_Rent_Intensive_Pre2016_ge15pct,Oil_Rents_GDP_Pct_lag1,primary,Oil_Rent_Intensive_Pre2016_ge15pct,Future_Period,train_to_2015__test_from_2016,RandomForest,signal_increment,0.006000000000000023,0.1225
M1_Macro_vs_M2_Macro_Oil__primary__Oil_Rent_Intensive_Pre2016_ge15pct,Oil_Rents_GDP_Pct_lag1,primary,Oil_Rent_Intensive_Pre2016_ge15pct,Future_Period,train_to_2015__test_from_2016,RandomForest,signal_increment,0.006500000000000023,0.117
M1_Macro_vs_M2_Macro_Oil__primary__Oil_Rent_Intensive_Pre2016_ge15pct,Oil_Rents_GDP_Pct_lag1,primary,Oil_Rent_Intensive_Pre2016_ge15pct,Future_Period,train_to_2015__test_from_2016,RandomForest,signal_increment,0.0070000000000000236,0.113
M1_Macro_vs_M2_Macro_Oil__primary__Oil_Rent_Intensive_Pre2016_ge15pct,Oil_Rents_GDP_Pct_lag1,primary,Oil_Rent_Intensive_Pre2016_ge15pct,Future_Period,train_to_2015__test_from_2016,RandomForest,signal_increment,0.007500000000000024,0.109
M1_Macro_vs_M2_Macro_Oil__primary__Oil_Rent_Intensive_Pre2016_ge15pct,Oil_Rents_GDP_Pct_lag1,primary,Oil_Rent_Intensive_Pre2016_ge15pct,Future_Period,train_to_2015__test_from_2016,RandomForest,signal_increment,0.008000000000000024,0.1045
M1_Macro_vs_M2_Macro_Oil__primary__Oil_Rent_Intensive_Pre2016_ge15pct,Oil_Rents_GDP_Pct_lag1,primary,Oil_Rent_Intensive_Pre2016_ge15pct,Future_Period,train_to_2015__test_from_2016,RandomForest,signal_increment,0.008500000000000025,0.101
M1_Macro_vs_M2_Macro_Oil__primary__Oil_Rent_Intensive_Pre2016_ge15pct,Oil_Rents_GDP_Pct_lag1,primary,Oil_Rent_Intensive_Pre2016_ge15pct,Future_Period,train_to_2015__test_from_2016,RandomForest,signal_increment,0.009000000000000025,0.097
M1_Macro_vs_M2_Macro_Oil__primary__Oil_Rent_Intensive_Pre2016_ge15pct,Oil_Rents_GDP_Pct_lag1,primary,Oil_Rent_Intensive_Pre2016_ge15pct,Future_Period,train_to_2015__test_from_2016,RandomForest,signal_increment,0.009500000000000026,0.095
M1_Macro_vs_M2_Macro_Oil__primary__Oil_Rent_Intensive_Pre2016_ge15pct,Oil_Rents_GDP_Pct_lag1,primary,Oil_Rent_Intensive_Pre2016_ge15pct,Future_Period,train_to_2015__test_from_2016,RandomForest,signal_increment,0.010000000000000026,0.094
M1_Macro_vs_M2_Macro_Oil__primary__Oil_Rent_Intensive_Pre2016_ge15pct,Oil_Rents_GDP_Pct_lag1,primary,Oil_Rent_Intensive_Pre2016_ge15pct,Future_Period,train_to_2015__test_from_2016,RandomForest,signal_increment,0.010500000000000027,0.0915
M1_Macro_vs_M2_Macro_Oil__primary__Oil_Rent_Intensive_Pre2016_ge15pct,Oil_Rents_GDP_Pct_lag1,primary,Oil_Rent_Intensive_Pre2016_ge15pct,Future_Period,train_to_2015__test_from_2016,RandomForest,signal_increment,0.011000000000000027,0.0885
M1_Macro_vs_M2_Macro_Oil__primary__Oil_Rent_Intensive_Pre2016_ge15pct,Oil_Rents_GDP_Pct_lag1,primary,Oil_Rent_Intensive_Pre2016_ge15pct,Future_Period,train_to_2015__test_from_2016,RandomForest,signal_increment,0.011500000000000028,0.0865
M1_Macro_vs_M2_Macro_Oil__primary__Oil_Rent_Intensive_Pre2016_ge15pct,Oil_Rents_GDP_Pct_lag1,primary,Oil_Rent_Intensive_Pre2016_ge15pct,Future_Period,train_to_2015__test_from_2016,RandomForest,signal_increment,0.012000000000000028,0.085
M1_Macro_vs_M2_Macro_Oil__primary__Oil_Rent_Intensive_Pre2016_ge15pct,Oil_Rents_GDP_Pct_lag1,primary,Oil_Rent_Intensive_Pre2016_ge15pct,Future_Period,train_to_2015__test_from_2016,RandomForest,signal_increment,0.012500000000000028,0.0815
M1_Macro_vs_M2_Macro_Oil__primary__Oil_Rent_Intensive_Pre2016_ge15pct,Oil_Rents_GDP_Pct_lag1,primary,Oil_Rent_Intensive_Pre2016_ge15pct,Future_Period,train_to_2015__test_from_2016,RandomForest,signal_increment,0.013000000000000029,0.079
M1_Macro_vs_M2_Macro_Oil__primary__Oil_Rent_Intensive_Pre2016_ge15pct,Oil_Rents_GDP_Pct_lag1,primary,Oil_Rent_Intensive_Pre2016_ge15pct,Future_Period,train_to_2015__test_from_2016,RandomForest,signal_increment,0.01350000000000003,0.077
M1_Macro_vs_M2_Macro_Oil__primary__Oil_Rent_Intensive_Pre2016_ge15pct,Oil_Rents_GDP_Pct_lag1,primary,Oil_Rent_Intensive_Pre2016_ge15pct,Future_Period,train_to_2015__test_from_2016,RandomForest,signal_increment,0.01400000000000003,0.0755
M1_Macro_vs_M2_Macro_Oil__primary__Oil_Rent_Intensive_Pre2016_ge15pct,Oil_Rents_GDP_Pct_lag1,primary,Oil_Rent_Intensive_Pre2016_ge15pct,Future_Period,train_to_2015__test_from_2016,RandomForest,signal_increment,0.01450000000000003,0.073
M1_Macro_vs_M2_Macro_Oil__primary__Oil_Rent_Intensive_Pre2016_ge15pct,Oil_Rents_GDP_Pct_lag1,primary,Oil_Rent_Intensive_Pre2016_ge15pct,Future_Period,train_to_2015__test_from_2016,RandomForest,signal_increment,0.01500000000000003,0.071
M1_Macro_vs_M2_Macro_Oil__primary__Oil_Rent_Intensive_Pre2016_ge15pct,Oil_Rents_GDP_Pct_lag1,primary,Oil_Rent_Intensive_Pre2016_ge15pct,Future_Period,train_to_2015__test_from_2016,RandomForest,signal_increment,0.015500000000000031,0.0695
M1_Macro_vs_M2_Macro_Oil__primary__Oil_Rent_Intensive_Pre2016_ge15pct,Oil_Rents_GDP_Pct_lag1,primary,Oil_Rent_Intensive_Pre2016_ge15pct,Future_Period,train_to_2015__test_from_2016,RandomForest,signal_increment,0.01600000000000003,0.066
M1_Macro_vs_M2_Macro_Oil__primary__Oil_Rent_Intensive_Pre2016_ge15pct,Oil_Rents_GDP_Pct_lag1,primary,Oil_Rent_Intensive_Pre2016_ge15pct,Future_Period,train_to_2015__test_from_2016,RandomForest,signal_increment,0.016500000000000032,0.064
M1_Macro_vs_M2_Macro_Oil__primary__Oil_Rent_Intensive_Pre2016_ge15pct,Oil_Rents_GDP_Pct_lag1,primary,Oil_Rent_Intensive_Pre2016_ge15pct,Future_Period,train_to_2015__test_from_2016,RandomForest,signal_increment,0.017000000000000032,0.0615
M1_Macro_vs_M2_Macro_Oil__primary__Oil_Rent_Intensive_Pre2016_ge15pct,Oil_Rents_GDP_Pct_lag1,primary,Oil_Rent_Intensive_Pre2016_ge15pct,Future_Period,train_to_2015__test_from_2016,RandomForest,signal_increment,0.017500000000000033,0.061
M1_Macro_vs_M2_Macro_Oil__primary__Oil_Rent_Intensive_Pre2016_ge15pct,Oil_Rents_GDP_Pct_lag1,primary,Oil_Rent_Intensive_Pre2016_ge15pct,Future_Period,train_to_2015__test_from_2016,RandomForest,signal_increment,0.018000000000000033,0.06
M1_Macro_vs_M2_Macro_Oil__primary__Oil_Rent_Intensive_Pre2016_ge15pct,Oil_Rents_GDP_Pct_lag1,primary,Oil_Rent_Intensive_Pre2016_ge15pct,Future_Period,train_to_2015__test_from_2016,RandomForest,signal_increment,0.018500000000000034,0.058
M1_Macro_vs_M2_Macro_Oil__primary__Oil_Rent_Intensive_Pre2016_ge15pct,Oil_Rents_GDP_Pct_lag1,primary,Oil_Rent_Intensive_Pre2016_ge15pct,Future_Period,train_to_2015__test_from_2016,RandomForest,signal_increment,0.019000000000000034,0.0565
M1_Macro_vs_M2_Macro_Oil__primary__Oil_Rent_Intensive_Pre2016_ge15pct,Oil_Rents_GDP_Pct_lag1,primary,Oil_Rent_Intensive_Pre2016_ge15pct,Future_Period,train_to_2015__test_from_2016,RandomForest,signal_increment,0.019500000000000035,0.053
M1_Macro_vs_M2_Macro_Oil__primary__Oil_Rent_Intensive_Pre2016_ge15pct,Oil_Rents_GDP_Pct_lag1,primary,Oil_Rent_Intensive_Pre2016_ge15pct,Future_Period,train_to_2015__test_from_2016,RandomForest,signal_increment,0.020000000000000035,0.0525
M1_Macro_vs_M2_Macro_Oil__primary__Oil_Rent_Intensive_Pre2016_ge15pct,Oil_Rents_GDP_Pct_lag1,primary,Oil_Rent_Intensive_Pre2016_ge15pct,Future_Period,train_to_2015__test_from_2016,RandomForest,signal_increment,0.020500000000000036,0.0485
M1_Macro_vs_M2_Macro_Oil__primary__Oil_Rent_Intensive_Pre2016_ge15pct,Oil_Rents_GDP_Pct_lag1,primary,Oil_Rent_Intensive_Pre2016_ge15pct,Future_Period,train_to_2015__test_from_2016,RandomForest,signal_increment,0.021000000000000036,0.0465
M1_Macro_vs_M2_Macro_Oil__primary__Oil_Rent_Intensive_Pre2016_ge15pct,Oil_Rents_GDP_Pct_lag1,primary,Oil_Rent_Intensive_Pre2016_ge15pct,Future_Period,train_to_2015__test_from_2016,RandomForest,signal_increment,0.021500000000000036,0.0435
M1_Macro_vs_M2_Macro_Oil__primary__Oil_Rent_Intensive_Pre2016_ge15pct,Oil_Rents_GDP_Pct_lag1,primary,Oil_Rent_Intensive_Pre2016_ge15pct,Future_Period,train_to_2015__test_from_2016,RandomForest,signal_increment,0.022000000000000037,0.043
M1_Macro_vs_M2_Macro_Oil__primary__Oil_Rent_Intensive_Pre2016_ge15pct,Oil_Rents_GDP_Pct_lag1,primary,Oil_Rent_Intensive_Pre2016_ge15pct,Future_Period,train_to_2015__test_from_2016,RandomForest,signal_increment,0.022500000000000037,0.042
M1_Macro_vs_M2_Macro_Oil__primary__Oil_Rent_Intensive_Pre2016_ge15pct,Oil_Rents_GDP_Pct_lag1,primary,Oil_Rent_Intensive_Pre2016_ge15pct,Future_Period,train_to_2015__test_from_2016,RandomForest,signal_increment,0.023000000000000038,0.041
M1_Macro_vs_M2_Macro_Oil__primary__Oil_Rent_Intensive_Pre2016_ge15pct,Oil_Rents_GDP_Pct_lag1,primary,Oil_Rent_Intensive_Pre2016_ge15pct,Future_Period,train_to_2015__test_from_2016,RandomForest,signal_increment,0.023500000000000038,0.0405
M1_Macro_vs_M2_Macro_Oil__primary__Oil_Rent_Intensive_Pre2016_ge15pct,Oil_Rents_GDP_Pct_lag1,primary,Oil_Rent_Intensive_Pre2016_ge15pct,Future_Period,train_to_2015__test_from_2016,RandomForest,signal_increment,0.02400000000000004,0.04
M1_Macro_vs_M2_Macro_Oil__primary__Oil_Rent_Intensive_Pre2016_ge15pct,Oil_Rents_GDP_Pct_lag1,primary,Oil_Rent_Intensive_Pre2016_ge15pct,Future_Period,train_to_2015__test_from_2016,RandomForest,signal_increment,0.02450000000000004,0.04
M1_Macro_vs_M2_Macro_Oil__primary__Oil_Rent_Intensive_Pre2016_ge15pct,Oil_Rents_GDP_Pct_lag1,primary,Oil_Rent_Intensive_Pre2016_ge15pct,Future_Period,train_to_2015__test_from_2016,RandomForest,signal_increment,0.02500000000000004,0.0385
M1_Macro_vs_M2_Macro_Oil__primary__Oil_Rent_Intensive_Pre2016_ge15pct,Oil_Rents_GDP_Pct_lag1,primary,Oil_Rent_Intensive_Pre2016_ge15pct,Future_Period,train_to_2015__test_from_2016,RandomForest,signal_increment,0.02550000000000004,0.0365
M1_Macro_vs_M2_Macro_Oil__primary__Oil_Rent_Intensive_Pre2016_ge15pct,Oil_Rents_GDP_Pct_lag1,primary,Oil_Rent_Intensive_Pre2016_ge15pct,Future_Period,train_to_2015__test_from_2016,RandomForest,signal_increment,0.02600000000000004,0.0325
M1_Macro_vs_M2_Macro_Oil__primary__Oil_Rent_Intensive_Pre2016_ge15pct,Oil_Rents_GDP_Pct_lag1,primary,Oil_Rent_Intensive_Pre2016_ge15pct,Future_Period,train_to_2015__test_from_2016,RandomForest,signal_increment,0.02650000000000004,0.03
M1_Macro_vs_M2_Macro_Oil__primary__Oil_Rent_Intensive_Pre2016_ge15pct,Oil_Rents_GDP_Pct_lag1,primary,Oil_Rent_Intensive_Pre2016_ge15pct,Future_Period,train_to_2015__test_from_2016,RandomForest,signal_increment,0.02700000000000004,0.028
M1_Macro_vs_M2_Macro_Oil__primary__Oil_Rent_Intensive_Pre2016_ge15pct,Oil_Rents_GDP_Pct_lag1,primary,Oil_Rent_Intensive_Pre2016_ge15pct,Future_Period,train_to_2015__test_from_2016,RandomForest,signal_increment,0.027500000000000042,0.0275
M1_Macro_vs_M2_Macro_Oil__primary__Oil_Rent_Intensive_Pre2016_ge15pct,Oil_Rents_GDP_Pct_lag1,primary,Oil_Rent_Intensive_Pre2016_ge15pct,Future_Period,train_to_2015__test_from_2016,RandomForest,signal_increment,0.028000000000000042,0.027
M1_Macro_vs_M2_Macro_Oil__primary__Oil_Rent_Intensive_Pre2016_ge15pct,Oil_Rents_GDP_Pct_lag1,primary,Oil_Rent_Intensive_Pre2016_ge15pct,Future_Period,train_to_2015__test_from_2016,RandomForest,signal_increment,0.028500000000000043,0.024
M1_Macro_vs_M2_Macro_Oil__primary__Oil_Rent_Intensive_Pre2016_ge15pct,Oil_Rents_GDP_Pct_lag1,primary,Oil_Rent_Intensive_Pre2016_ge15pct,Future_Period,train_to_2015__test_from_2016,RandomForest,signal_increment,0.029000000000000043,0.022
M1_Macro_vs_M2_Macro_Oil__primary__Oil_Rent_Intensive_Pre2016_ge15pct,Oil_Rents_GDP_Pct_lag1,primary,Oil_Rent_Intensive_Pre2016_ge15pct,Future_Period,train_to_2015__test_from_2016,RandomForest,signal_increment,0.029500000000000044,0.0215
M1_Macro_vs_M2_Macro_Oil__primary__Oil_Rent_Intensive_Pre2016_ge15pct,Oil_Rents_GDP_Pct_lag1,primary,Oil_Rent_Intensive_Pre2016_ge15pct,Future_Period,train_to_2015__test_from_2016,RandomForest,signal_increment,0.030000000000000044,0.0205
M1_Macro_vs_M2_Macro_Oil__primary__Oil_Rent_Intensive_Pre2016_ge15pct,Oil_Rents_GDP_Pct_lag1,primary,Oil_Rent_Intensive_Pre2016_ge15pct,Future_Period,train_to_2015__test_from_2016,RandomForest,added_model_vs_strongest_benchmark,-0.02,0.9315
M1_Macro_vs_M2_Macro_Oil__primary__Oil_Rent_Intensive_Pre2016_ge15pct,Oil_Rents_GDP_Pct_lag1,primary,Oil_Rent_Intensive_Pre2016_ge15pct,Future_Period,train_to_2015__test_from_2016,RandomForest,added_model_vs_strongest_benchmark,-0.0195,0.9305
M1_Macro_vs_M2_Macro_Oil__primary__Oil_Rent_Intensive_Pre2016_ge15pct,Oil_Rents_GDP_Pct_lag1,primary,Oil_Rent_Intensive_Pre2016_ge15pct,Future_Period,train_to_2015__test_from_2016,RandomForest,added_model_vs_strongest_benchmark,-0.019,0.9305
M1_Macro_vs_M2_Macro_Oil__primary__Oil_Rent_Intensive_Pre2016_ge15pct,Oil_Rents_GDP_Pct_lag1,primary,Oil_Rent_Intensive_Pre2016_ge15pct,Future_Period,train_to_2015__test_from_2016,RandomForest,added_model_vs_strongest_benchmark,-0.0185,0.9285
M1_Macro_vs_M2_Macro_Oil__primary__Oil_Rent_Intensive_Pre2016_ge15pct,Oil_Rents_GDP_Pct_lag1,primary,Oil_Rent_Intensive_Pre2016_ge15pct,Future_Period,train_to_2015__test_from_2016,RandomForest,added_model_vs_strongest_benchmark,-0.018,0.9285
M1_Macro_vs_M2_Macro_Oil__primary__Oil_Rent_Intensive_Pre2016_ge15pct,Oil_Rents_GDP_Pct_lag1,primary,Oil_Rent_Intensive_Pre2016_ge15pct,Future_Period,train_to_2015__test_from_2016,RandomForest,added_model_vs_strongest_benchmark,-0.017499999999999998,0.928
M1_Macro_vs_M2_Macro_Oil__primary__Oil_Rent_Intensive_Pre2016_ge15pct,Oil_Rents_GDP_Pct_lag1,primary,Oil_Rent_Intensive_Pre2016_ge15pct,Future_Period,train_to_2015__test_from_2016,RandomForest,added_model_vs_strongest_benchmark,-0.016999999999999998,0.928
M1_Macro_vs_M2_Macro_Oil__primary__Oil_Rent_Intensive_Pre2016_ge15pct,Oil_Rents_GDP_Pct_lag1,primary,Oil_Rent_Intensive_Pre2016_ge15pct,Future_Period,train_to_2015__test_from_2016,RandomForest,added_model_vs_strongest_benchmark,-0.016499999999999997,0.927
M1_Macro_vs_M2_Macro_Oil__primary__Oil_Rent_Intensive_Pre2016_ge15pct,Oil_Rents_GDP_Pct_lag1,primary,Oil_Rent_Intensive_Pre2016_ge15pct,Future_Period,train_to_2015__test_from_2016,RandomForest,added_model_vs_strongest_benchmark,-0.015999999999999997,0.9265
M1_Macro_vs_M2_Macro_Oil__primary__Oil_Rent_Intensive_Pre2016_ge15pct,Oil_Rents_GDP_Pct_lag1,primary,Oil_Rent_Intensive_Pre2016_ge15pct,Future_Period,train_to_2015__test_from_2016,RandomForest,added_model_vs_strongest_benchmark,-0.015499999999999996,0.9245
M1_Macro_vs_M2_Macro_Oil__primary__Oil_Rent_Intensive_Pre2016_ge15pct,Oil_Rents_GDP_Pct_lag1,primary,Oil_Rent_Intensive_Pre2016_ge15pct,Future_Period,train_to_2015__test_from_2016,RandomForest,added_model_vs_strongest_benchmark,-0.014999999999999996,0.923
M1_Macro_vs_M2_Macro_Oil__primary__Oil_Rent_Intensive_Pre2016_ge15pct,Oil_Rents_GDP_Pct_lag1,primary,Oil_Rent_Intensive_Pre2016_ge15pct,Future_Period,train_to_2015__test_from_2016,RandomForest,added_model_vs_strongest_benchmark,-0.014499999999999996,0.922
M1_Macro_vs_M2_Macro_Oil__primary__Oil_Rent_Intensive_Pre2016_ge15pct,Oil_Rents_GDP_Pct_lag1,primary,Oil_Rent_Intensive_Pre2016_ge15pct,Future_Period,train_to_2015__test_from_2016,RandomForest,added_model_vs_strongest_benchmark,-0.013999999999999995,0.922
M1_Macro_vs_M2_Macro_Oil__primary__Oil_Rent_Intensive_Pre2016_ge15pct,Oil_Rents_GDP_Pct_lag1,primary,Oil_Rent_Intensive_Pre2016_ge15pct,Future_Period,train_to_2015__test_from_2016,RandomForest,added_model_vs_strongest_benchmark,-0.013499999999999995,0.9215
M1_Macro_vs_M2_Macro_Oil__primary__Oil_Rent_Intensive_Pre2016_ge15pct,Oil_Rents_GDP_Pct_lag1,primary,Oil_Rent_Intensive_Pre2016_ge15pct,Future_Period,train_to_2015__test_from_2016,RandomForest,added_model_vs_strongest_benchmark,-0.012999999999999994,0.9205
M1_Macro_vs_M2_Macro_Oil__primary__Oil_Rent_Intensive_Pre2016_ge15pct,Oil_Rents_GDP_Pct_lag1,primary,Oil_Rent_Intensive_Pre2016_ge15pct,Future_Period,train_to_2015__test_from_2016,RandomForest,added_model_vs_strongest_benchmark,-0.012499999999999994,0.9205
M1_Macro_vs_M2_Macro_Oil__primary__Oil_Rent_Intensive_Pre2016_ge15pct,Oil_Rents_GDP_Pct_lag1,primary,Oil_Rent_Intensive_Pre2016_ge15pct,Future_Period,train_to_2015__test_from_2016,RandomForest,added_model_vs_strongest_benchmark,-0.011999999999999993,0.918
M1_Macro_vs_M2_Macro_Oil__primary__Oil_Rent_Intensive_Pre2016_ge15pct,Oil_Rents_GDP_Pct_lag1,primary,Oil_Rent_Intensive_Pre2016_ge15pct,Future_Period,train_to_2015__test_from_2016,RandomForest,added_model_vs_strongest_benchmark,-0.011499999999999993,0.9165
M1_Macro_vs_M2_Macro_Oil__primary__Oil_Rent_Intensive_Pre2016_ge15pct,Oil_Rents_GDP_Pct_lag1,primary,Oil_Rent_Intensive_Pre2016_ge15pct,Future_Period,train_to_2015__test_from_2016,RandomForest,added_model_vs_strongest_benchmark,-0.010999999999999992,0.915
M1_Macro_vs_M2_Macro_Oil__primary__Oil_Rent_Intensive_Pre2016_ge15pct,Oil_Rents_GDP_Pct_lag1,primary,Oil_Rent_Intensive_Pre2016_ge15pct,Future_Period,train_to_2015__test_from_2016,RandomForest,added_model_vs_strongest_benchmark,-0.010499999999999992,0.9145
M1_Macro_vs_M2_Macro_Oil__primary__Oil_Rent_Intensive_Pre2016_ge15pct,Oil_Rents_GDP_Pct_lag1,primary,Oil_Rent_Intensive_Pre2016_ge15pct,Future_Period,train_to_2015__test_from_2016,RandomForest,added_model_vs_strongest_benchmark,-0.009999999999999992,0.9135
M1_Macro_vs_M2_Macro_Oil__primary__Oil_Rent_Intensive_Pre2016_ge15pct,Oil_Rents_GDP_Pct_lag1,primary,Oil_Rent_Intensive_Pre2016_ge15pct,Future_Period,train_to_2015__test_from_2016,RandomForest,added_model_vs_strongest_benchmark,-0.009499999999999991,0.912
M1_Macro_vs_M2_Macro_Oil__primary__Oil_Rent_Intensive_Pre2016_ge15pct,Oil_Rents_GDP_Pct_lag1,primary,Oil_Rent_Intensive_Pre2016_ge15pct,Future_Period,train_to_2015__test_from_2016,RandomForest,added_model_vs_strongest_benchmark,-0.00899999999999999,0.9115
M1_Macro_vs_M2_Macro_Oil__primary__Oil_Rent_Intensive_Pre2016_ge15pct,Oil_Rents_GDP_Pct_lag1,primary,Oil_Rent_Intensive_Pre2016_ge15pct,Future_Period,train_to_2015__test_from_2016,RandomForest,added_model_vs_strongest_benchmark,-0.00849999999999999,0.9115
M1_Macro_vs_M2_Macro_Oil__primary__Oil_Rent_Intensive_Pre2016_ge15pct,Oil_Rents_GDP_Pct_lag1,primary,Oil_Rent_Intensive_Pre2016_ge15pct,Future_Period,train_to_2015__test_from_2016,RandomForest,added_model_vs_strongest_benchmark,-0.00799999999999999,0.911
M1_Macro_vs_M2_Macro_Oil__primary__Oil_Rent_Intensive_Pre2016_ge15pct,Oil_Rents_GDP_Pct_lag1,primary,Oil_Rent_Intensive_Pre2016_ge15pct,Future_Period,train_to_2015__test_from_2016,RandomForest,added_model_vs_strongest_benchmark,-0.007499999999999989,0.9085
M1_Macro_vs_M2_Macro_Oil__primary__Oil_Rent_Intensive_Pre2016_ge15pct,Oil_Rents_GDP_Pct_lag1,primary,Oil_Rent_Intensive_Pre2016_ge15pct,Future_Period,train_to_2015__test_from_2016,RandomForest,added_model_vs_strongest_benchmark,-0.006999999999999989,0.906
M1_Macro_vs_M2_Macro_Oil__primary__Oil_Rent_Intensive_Pre2016_ge15pct,Oil_Rents_GDP_Pct_lag1,primary,Oil_Rent_Intensive_Pre2016_ge15pct,Future_Period,train_to_2015__test_from_2016,RandomForest,added_model_vs_strongest_benchmark,-0.006499999999999988,0.904
M1_Macro_vs_M2_Macro_Oil__primary__Oil_Rent_Intensive_Pre2016_ge15pct,Oil_Rents_GDP_Pct_lag1,primary,Oil_Rent_Intensive_Pre2016_ge15pct,Future_Period,train_to_2015__test_from_2016,RandomForest,added_model_vs_strongest_benchmark,-0.005999999999999988,0.904
M1_Macro_vs_M2_Macro_Oil__primary__Oil_Rent_Intensive_Pre2016_ge15pct,Oil_Rents_GDP_Pct_lag1,primary,Oil_Rent_Intensive_Pre2016_ge15pct,Future_Period,train_to_2015__test_from_2016,RandomForest,added_model_vs_strongest_benchmark,-0.0054999999999999875,0.903
M1_Macro_vs_M2_Macro_Oil__primary__Oil_Rent_Intensive_Pre2016_ge15pct,Oil_Rents_GDP_Pct_lag1,primary,Oil_Rent_Intensive_Pre2016_ge15pct,Future_Period,train_to_2015__test_from_2016,RandomForest,added_model_vs_strongest_benchmark,-0.004999999999999987,0.902
M1_Macro_vs_M2_Macro_Oil__primary__Oil_Rent_Intensive_Pre2016_ge15pct,Oil_Rents_GDP_Pct_lag1,primary,Oil_Rent_Intensive_Pre2016_ge15pct,Future_Period,train_to_2015__test_from_2016,RandomForest,added_model_vs_strongest_benchmark,-0.004499999999999987,0.901
M1_Macro_vs_M2_Macro_Oil__primary__Oil_Rent_Intensive_Pre2016_ge15pct,Oil_Rents_GDP_Pct_lag1,primary,Oil_Rent_Intensive_Pre2016_ge15pct,Future_Period,train_to_2015__test_from_2016,RandomForest,added_model_vs_strongest_benchmark,-0.003999999999999986,0.901
M1_Macro_vs_M2_Macro_Oil__primary__Oil_Rent_Intensive_Pre2016_ge15pct,Oil_Rents_GDP_Pct_lag1,primary,Oil_Rent_Intensive_Pre2016_ge15pct,Future_Period,train_to_2015__test_from_2016,RandomForest,added_model_vs_strongest_benchmark,-0.0034999999999999858,0.8985
M1_Macro_vs_M2_Macro_Oil__primary__Oil_Rent_Intensive_Pre2016_ge15pct,Oil_Rents_GDP_Pct_lag1,primary,Oil_Rent_Intensive_Pre2016_ge15pct,Future_Period,train_to_2015__test_from_2016,RandomForest,added_model_vs_strongest_benchmark,-0.0029999999999999853,0.898
M1_Macro_vs_M2_Macro_Oil__primary__Oil_Rent_Intensive_Pre2016_ge15pct,Oil_Rents_GDP_Pct_lag1,primary,Oil_Rent_Intensive_Pre2016_ge15pct,Future_Period,train_to_2015__test_from_2016,RandomForest,added_model_vs_strongest_benchmark,-0.002499999999999985,0.8965
M1_Macro_vs_M2_Macro_Oil__primary__Oil_Rent_Intensive_Pre2016_ge15pct,Oil_Rents_GDP_Pct_lag1,primary,Oil_Rent_Intensive_Pre2016_ge15pct,Future_Period,train_to_2015__test_from_2016,RandomForest,added_model_vs_strongest_benchmark,-0.0019999999999999844,0.8955
M1_Macro_vs_M2_Macro_Oil__primary__Oil_Rent_Intensive_Pre2016_ge15pct,Oil_Rents_GDP_Pct_lag1,primary,Oil_Rent_Intensive_Pre2016_ge15pct,Future_Period,train_to_2015__test_from_2016,RandomForest,added_model_vs_strongest_benchmark,-0.001499999999999984,0.8945
M1_Macro_vs_M2_Macro_Oil__primary__Oil_Rent_Intensive_Pre2016_ge15pct,Oil_Rents_GDP_Pct_lag1,primary,Oil_Rent_Intensive_Pre2016_ge15pct,Future_Period,train_to_2015__test_from_2016,RandomForest,added_model_vs_strongest_benchmark,-0.0009999999999999835,0.8935
M1_Macro_vs_M2_Macro_Oil__primary__Oil_Rent_Intensive_Pre2016_ge15pct,Oil_Rents_GDP_Pct_lag1,primary,Oil_Rent_Intensive_Pre2016_ge15pct,Future_Period,train_to_2015__test_from_2016,RandomForest,added_model_vs_strongest_benchmark,-0.0004999999999999831,0.892
M1_Macro_vs_M2_Macro_Oil__primary__Oil_Rent_Intensive_Pre2016_ge15pct,Oil_Rents_GDP_Pct_lag1,primary,Oil_Rent_Intensive_Pre2016_ge15pct,Future_Period,train_to_2015__test_from_2016,RandomForest,added_model_vs_strongest_benchmark,1.734723475976807e-17,0.89
M1_Macro_vs_M2_Macro_Oil__primary__Oil_Rent_Intensive_Pre2016_ge15pct,Oil_Rents_GDP_Pct_lag1,primary,Oil_Rent_Intensive_Pre2016_ge15pct,Future_Period,train_to_2015__test_from_2016,RandomForest,added_model_vs_strongest_benchmark,0.0005000000000000178,0.888
M1_Macro_vs_M2_Macro_Oil__primary__Oil_Rent_Intensive_Pre2016_ge15pct,Oil_Rents_GDP_Pct_lag1,primary,Oil_Rent_Intensive_Pre2016_ge15pct,Future_Period,train_to_2015__test_from_2016,RandomForest,added_model_vs_strongest_benchmark,0.0010000000000000182,0.8865
M1_Macro_vs_M2_Macro_Oil__primary__Oil_Rent_Intensive_Pre2016_ge15pct,Oil_Rents_GDP_Pct_lag1,primary,Oil_Rent_Intensive_Pre2016_ge15pct,Future_Period,train_to_2015__test_from_2016,RandomForest,added_model_vs_strongest_benchmark,0.0015000000000000187,0.8855
M1_Macro_vs_M2_Macro_Oil__primary__Oil_Rent_Intensive_Pre2016_ge15pct,Oil_Rents_GDP_Pct_lag1,primary,Oil_Rent_Intensive_Pre2016_ge15pct,Future_Period,train_to_2015__test_from_2016,RandomForest,added_model_vs_strongest_benchmark,0.002000000000000019,0.885
M1_Macro_vs_M2_Macro_Oil__primary__Oil_Rent_Intensive_Pre2016_ge15pct,Oil_Rents_GDP_Pct_lag1,primary,Oil_Rent_Intensive_Pre2016_ge15pct,Future_Period,train_to_2015__test_from_2016,RandomForest,added_model_vs_strongest_benchmark,0.0025000000000000196,0.884
M1_Macro_vs_M2_Macro_Oil__primary__Oil_Rent_Intensive_Pre2016_ge15pct,Oil_Rents_GDP_Pct_lag1,primary,Oil_Rent_Intensive_Pre2016_ge15pct,Future_Period,train_to_2015__test_from_2016,RandomForest,added_model_vs_strongest_benchmark,0.00300000000000002,0.883
M1_Macro_vs_M2_Macro_Oil__primary__Oil_Rent_Intensive_Pre2016_ge15pct,Oil_Rents_GDP_Pct_lag1,primary,Oil_Rent_Intensive_Pre2016_ge15pct,Future_Period,train_to_2015__test_from_2016,RandomForest,added_model_vs_strongest_benchmark,0.0035000000000000205,0.883
M1_Macro_vs_M2_Macro_Oil__primary__Oil_Rent_Intensive_Pre2016_ge15pct,Oil_Rents_GDP_Pct_lag1,primary,Oil_Rent_Intensive_Pre2016_ge15pct,Future_Period,train_to_2015__test_from_2016,RandomForest,added_model_vs_strongest_benchmark,0.004000000000000021,0.8805
M1_Macro_vs_M2_Macro_Oil__primary__Oil_Rent_Intensive_Pre2016_ge15pct,Oil_Rents_GDP_Pct_lag1,primary,Oil_Rent_Intensive_Pre2016_ge15pct,Future_Period,train_to_2015__test_from_2016,RandomForest,added_model_vs_strongest_benchmark,0.004500000000000021,0.879
M1_Macro_vs_M2_Macro_Oil__primary__Oil_Rent_Intensive_Pre2016_ge15pct,Oil_Rents_GDP_Pct_lag1,primary,Oil_Rent_Intensive_Pre2016_ge15pct,Future_Period,train_to_2015__test_from_2016,RandomForest,added_model_vs_strongest_benchmark,0.005000000000000022,0.8775
M1_Macro_vs_M2_Macro_Oil__primary__Oil_Rent_Intensive_Pre2016_ge15pct,Oil_Rents_GDP_Pct_lag1,primary,Oil_Rent_Intensive_Pre2016_ge15pct,Future_Period,train_to_2015__test_from_2016,RandomForest,added_model_vs_strongest_benchmark,0.005500000000000022,0.876
M1_Macro_vs_M2_Macro_Oil__primary__Oil_Rent_Intensive_Pre2016_ge15pct,Oil_Rents_GDP_Pct_lag1,primary,Oil_Rent_Intensive_Pre2016_ge15pct,Future_Period,train_to_2015__test_from_2016,RandomForest,added_model_vs_strongest_benchmark,0.006000000000000023,0.875
M1_Macro_vs_M2_Macro_Oil__primary__Oil_Rent_Intensive_Pre2016_ge15pct,Oil_Rents_GDP_Pct_lag1,primary,Oil_Rent_Intensive_Pre2016_ge15pct,Future_Period,train_to_2015__test_from_2016,RandomForest,added_model_vs_strongest_benchmark,0.006500000000000023,0.8735
M1_Macro_vs_M2_Macro_Oil__primary__Oil_Rent_Intensive_Pre2016_ge15pct,Oil_Rents_GDP_Pct_lag1,primary,Oil_Rent_Intensive_Pre2016_ge15pct,Future_Period,train_to_2015__test_from_2016,RandomForest,added_model_vs_strongest_benchmark,0.0070000000000000236,0.8715
M1_Macro_vs_M2_Macro_Oil__primary__Oil_Rent_Intensive_Pre2016_ge15pct,Oil_Rents_GDP_Pct_lag1,primary,Oil_Rent_Intensive_Pre2016_ge15pct,Future_Period,train_to_2015__test_from_2016,RandomForest,added_model_vs_strongest_benchmark,0.007500000000000024,0.8685
M1_Macro_vs_M2_Macro_Oil__primary__Oil_Rent_Intensive_Pre2016_ge15pct,Oil_Rents_GDP_Pct_lag1,primary,Oil_Rent_Intensive_Pre2016_ge15pct,Future_Period,train_to_2015__test_from_2016,RandomForest,added_model_vs_strongest_benchmark,0.008000000000000024,0.868
M1_Macro_vs_M2_Macro_Oil__primary__Oil_Rent_Intensive_Pre2016_ge15pct,Oil_Rents_GDP_Pct_lag1,primary,Oil_Rent_Intensive_Pre2016_ge15pct,Future_Period,train_to_2015__test_from_2016,RandomForest,added_model_vs_strongest_benchmark,0.008500000000000025,0.8655
M1_Macro_vs_M2_Macro_Oil__primary__Oil_Rent_Intensive_Pre2016_ge15pct,Oil_Rents_GDP_Pct_lag1,primary,Oil_Rent_Intensive_Pre2016_ge15pct,Future_Period,train_to_2015__test_from_2016,RandomForest,added_model_vs_strongest_benchmark,0.009000000000000025,0.863
M1_Macro_vs_M2_Macro_Oil__primary__Oil_Rent_Intensive_Pre2016_ge15pct,Oil_Rents_GDP_Pct_lag1,primary,Oil_Rent_Intensive_Pre2016_ge15pct,Future_Period,train_to_2015__test_from_2016,RandomForest,added_model_vs_strongest_benchmark,0.009500000000000026,0.8595
M1_Macro_vs_M2_Macro_Oil__primary__Oil_Rent_Intensive_Pre2016_ge15pct,Oil_Rents_GDP_Pct_lag1,primary,Oil_Rent_Intensive_Pre2016_ge15pct,Future_Period,train_to_2015__test_from_2016,RandomForest,added_model_vs_strongest_benchmark,0.010000000000000026,0.858
M1_Macro_vs_M2_Macro_Oil__primary__Oil_Rent_Intensive_Pre2016_ge15pct,Oil_Rents_GDP_Pct_lag1,primary,Oil_Rent_Intensive_Pre2016_ge15pct,Future_Period,train_to_2015__test_from_2016,RandomForest,added_model_vs_strongest_benchmark,0.010500000000000027,0.857
M1_Macro_vs_M2_Macro_Oil__primary__Oil_Rent_Intensive_Pre2016_ge15pct,Oil_Rents_GDP_Pct_lag1,primary,Oil_Rent_Intensive_Pre2016_ge15pct,Future_Period,train_to_2015__test_from_2016,RandomForest,added_model_vs_strongest_benchmark,0.011000000000000027,0.8545
M1_Macro_vs_M2_Macro_Oil__primary__Oil_Rent_Intensive_Pre2016_ge15pct,Oil_Rents_GDP_Pct_lag1,primary,Oil_Rent_Intensive_Pre2016_ge15pct,Future_Period,train_to_2015__test_from_2016,RandomForest,added_model_vs_strongest_benchmark,0.011500000000000028,0.8515
M1_Macro_vs_M2_Macro_Oil__primary__Oil_Rent_Intensive_Pre2016_ge15pct,Oil_Rents_GDP_Pct_lag1,primary,Oil_Rent_Intensive_Pre2016_ge15pct,Future_Period,train_to_2015__test_from_2016,RandomForest,added_model_vs_strongest_benchmark,0.012000000000000028,0.851
M1_Macro_vs_M2_Macro_Oil__primary__Oil_Rent_Intensive_Pre2016_ge15pct,Oil_Rents_GDP_Pct_lag1,primary,Oil_Rent_Intensive_Pre2016_ge15pct,Future_Period,train_to_2015__test_from_2016,RandomForest,added_model_vs_strongest_benchmark,0.012500000000000028,0.8495
M1_Macro_vs_M2_Macro_Oil__primary__Oil_Rent_Intensive_Pre2016_ge15pct,Oil_Rents_GDP_Pct_lag1,primary,Oil_Rent_Intensive_Pre2016_ge15pct,Future_Period,train_to_2015__test_from_2016,RandomForest,added_model_vs_strongest_benchmark,0.013000000000000029,0.848
M1_Macro_vs_M2_Macro_Oil__primary__Oil_Rent_Intensive_Pre2016_ge15pct,Oil_Rents_GDP_Pct_lag1,primary,Oil_Rent_Intensive_Pre2016_ge15pct,Future_Period,train_to_2015__test_from_2016,RandomForest,added_model_vs_strongest_benchmark,0.01350000000000003,0.845
M1_Macro_vs_M2_Macro_Oil__primary__Oil_Rent_Intensive_Pre2016_ge15pct,Oil_Rents_GDP_Pct_lag1,primary,Oil_Rent_Intensive_Pre2016_ge15pct,Future_Period,train_to_2015__test_from_2016,RandomForest,added_model_vs_strongest_benchmark,0.01400000000000003,0.8435
M1_Macro_vs_M2_Macro_Oil__primary__Oil_Rent_Intensive_Pre2016_ge15pct,Oil_Rents_GDP_Pct_lag1,primary,Oil_Rent_Intensive_Pre2016_ge15pct,Future_Period,train_to_2015__test_from_2016,RandomForest,added_model_vs_strongest_benchmark,0.01450000000000003,0.843
M1_Macro_vs_M2_Macro_Oil__primary__Oil_Rent_Intensive_Pre2016_ge15pct,Oil_Rents_GDP_Pct_lag1,primary,Oil_Rent_Intensive_Pre2016_ge15pct,Future_Period,train_to_2015__test_from_2016,RandomForest,added_model_vs_strongest_benchmark,0.01500000000000003,0.842
M1_Macro_vs_M2_Macro_Oil__primary__Oil_Rent_Intensive_Pre2016_ge15pct,Oil_Rents_GDP_Pct_lag1,primary,Oil_Rent_Intensive_Pre2016_ge15pct,Future_Period,train_to_2015__test_from_2016,RandomForest,added_model_vs_strongest_benchmark,0.015500000000000031,0.8405
M1_Macro_vs_M2_Macro_Oil__primary__Oil_Rent_Intensive_Pre2016_ge15pct,Oil_Rents_GDP_Pct_lag1,primary,Oil_Rent_Intensive_Pre2016_ge15pct,Future_Period,train_to_2015__test_from_2016,RandomForest,added_model_vs_strongest_benchmark,0.01600000000000003,0.8395
M1_Macro_vs_M2_Macro_Oil__primary__Oil_Rent_Intensive_Pre2016_ge15pct,Oil_Rents_GDP_Pct_lag1,primary,Oil_Rent_Intensive_Pre2016_ge15pct,Future_Period,train_to_2015__test_from_2016,RandomForest,added_model_vs_strongest_benchmark,0.016500000000000032,0.838
M1_Macro_vs_M2_Macro_Oil__primary__Oil_Rent_Intensive_Pre2016_ge15pct,Oil_Rents_GDP_Pct_lag1,primary,Oil_Rent_Intensive_Pre2016_ge15pct,Future_Period,train_to_2015__test_from_2016,RandomForest,added_model_vs_strongest_benchmark,0.017000000000000032,0.8355
M1_Macro_vs_M2_Macro_Oil__primary__Oil_Rent_Intensive_Pre2016_ge15pct,Oil_Rents_GDP_Pct_lag1,primary,Oil_Rent_Intensive_Pre2016_ge15pct,Future_Period,train_to_2015__test_from_2016,RandomForest,added_model_vs_strongest_benchmark,0.017500000000000033,0.8335
M1_Macro_vs_M2_Macro_Oil__primary__Oil_Rent_Intensive_Pre2016_ge15pct,Oil_Rents_GDP_Pct_lag1,primary,Oil_Rent_Intensive_Pre2016_ge15pct,Future_Period,train_to_2015__test_from_2016,RandomForest,added_model_vs_strongest_benchmark,0.018000000000000033,0.8315
M1_Macro_vs_M2_Macro_Oil__primary__Oil_Rent_Intensive_Pre2016_ge15pct,Oil_Rents_GDP_Pct_lag1,primary,Oil_Rent_Intensive_Pre2016_ge15pct,Future_Period,train_to_2015__test_from_2016,RandomForest,added_model_vs_strongest_benchmark,0.018500000000000034,0.83
M1_Macro_vs_M2_Macro_Oil__primary__Oil_Rent_Intensive_Pre2016_ge15pct,Oil_Rents_GDP_Pct_lag1,primary,Oil_Rent_Intensive_Pre2016_ge15pct,Future_Period,train_to_2015__test_from_2016,RandomForest,added_model_vs_strongest_benchmark,0.019000000000000034,0.829
M1_Macro_vs_M2_Macro_Oil__primary__Oil_Rent_Intensive_Pre2016_ge15pct,Oil_Rents_GDP_Pct_lag1,primary,Oil_Rent_Intensive_Pre2016_ge15pct,Future_Period,train_to_2015__test_from_2016,RandomForest,added_model_vs_strongest_benchmark,0.019500000000000035,0.828
M1_Macro_vs_M2_Macro_Oil__primary__Oil_Rent_Intensive_Pre2016_ge15pct,Oil_Rents_GDP_Pct_lag1,primary,Oil_Rent_Intensive_Pre2016_ge15pct,Future_Period,train_to_2015__test_from_2016,RandomForest,added_model_vs_strongest_benchmark,0.020000000000000035,0.826
M1_Macro_vs_M2_Macro_Oil__primary__Oil_Rent_Intensive_Pre2016_ge15pct,Oil_Rents_GDP_Pct_lag1,primary,Oil_Rent_Intensive_Pre2016_ge15pct,Future_Period,train_to_2015__test_from_2016,RandomForest,added_model_vs_strongest_benchmark,0.020500000000000036,0.8255
M1_Macro_vs_M2_Macro_Oil__primary__Oil_Rent_Intensive_Pre2016_ge15pct,Oil_Rents_GDP_Pct_lag1,primary,Oil_Rent_Intensive_Pre2016_ge15pct,Future_Period,train_to_2015__test_from_2016,RandomForest,added_model_vs_strongest_benchmark,0.021000000000000036,0.8235
M1_Macro_vs_M2_Macro_Oil__primary__Oil_Rent_Intensive_Pre2016_ge15pct,Oil_Rents_GDP_Pct_lag1,primary,Oil_Rent_Intensive_Pre2016_ge15pct,Future_Period,train_to_2015__test_from_2016,RandomForest,added_model_vs_strongest_benchmark,0.021500000000000036,0.8215
M1_Macro_vs_M2_Macro_Oil__primary__Oil_Rent_Intensive_Pre2016_ge15pct,Oil_Rents_GDP_Pct_lag1,primary,Oil_Rent_Intensive_Pre2016_ge15pct,Future_Period,train_to_2015__test_from_2016,RandomForest,added_model_vs_strongest_benchmark,0.022000000000000037,0.82
M1_Macro_vs_M2_Macro_Oil__primary__Oil_Rent_Intensive_Pre2016_ge15pct,Oil_Rents_GDP_Pct_lag1,primary,Oil_Rent_Intensive_Pre2016_ge15pct,Future_Period,train_to_2015__test_from_2016,RandomForest,added_model_vs_strongest_benchmark,0.022500000000000037,0.816
M1_Macro_vs_M2_Macro_Oil__primary__Oil_Rent_Intensive_Pre2016_ge15pct,Oil_Rents_GDP_Pct_lag1,primary,Oil_Rent_Intensive_Pre2016_ge15pct,Future_Period,train_to_2015__test_from_2016,RandomForest,added_model_vs_strongest_benchmark,0.023000000000000038,0.8135
M1_Macro_vs_M2_Macro_Oil__primary__Oil_Rent_Intensive_Pre2016_ge15pct,Oil_Rents_GDP_Pct_lag1,primary,Oil_Rent_Intensive_Pre2016_ge15pct,Future_Period,train_to_2015__test_from_2016,RandomForest,added_model_vs_strongest_benchmark,0.023500000000000038,0.8105
M1_Macro_vs_M2_Macro_Oil__primary__Oil_Rent_Intensive_Pre2016_ge15pct,Oil_Rents_GDP_Pct_lag1,primary,Oil_Rent_Intensive_Pre2016_ge15pct,Future_Period,train_to_2015__test_from_2016,RandomForest,added_model_vs_strongest_benchmark,0.02400000000000004,0.8095
M1_Macro_vs_M2_Macro_Oil__primary__Oil_Rent_Intensive_Pre2016_ge15pct,Oil_Rents_GDP_Pct_lag1,primary,Oil_Rent_Intensive_Pre2016_ge15pct,Future_Period,train_to_2015__test_from_2016,RandomForest,added_model_vs_strongest_benchmark,0.02450000000000004,0.8075
M1_Macro_vs_M2_Macro_Oil__primary__Oil_Rent_Intensive_Pre2016_ge15pct,Oil_Rents_GDP_Pct_lag1,primary,Oil_Rent_Intensive_Pre2016_ge15pct,Future_Period,train_to_2015__test_from_2016,RandomForest,added_model_vs_strongest_benchmark,0.02500000000000004,0.8065
M1_Macro_vs_M2_Macro_Oil__primary__Oil_Rent_Intensive_Pre2016_ge15pct,Oil_Rents_GDP_Pct_lag1,primary,Oil_Rent_Intensive_Pre2016_ge15pct,Future_Period,train_to_2015__test_from_2016,RandomForest,added_model_vs_strongest_benchmark,0.02550000000000004,0.8045
M1_Macro_vs_M2_Macro_Oil__primary__Oil_Rent_Intensive_Pre2016_ge15pct,Oil_Rents_GDP_Pct_lag1,primary,Oil_Rent_Intensive_Pre2016_ge15pct,Future_Period,train_to_2015__test_from_2016,RandomForest,added_model_vs_strongest_benchmark,0.02600000000000004,0.8015
M1_Macro_vs_M2_Macro_Oil__primary__Oil_Rent_Intensive_Pre2016_ge15pct,Oil_Rents_GDP_Pct_lag1,primary,Oil_Rent_Intensive_Pre2016_ge15pct,Future_Period,train_to_2015__test_from_2016,RandomForest,added_model_vs_strongest_benchmark,0.02650000000000004,0.8015
M1_Macro_vs_M2_Macro_Oil__primary__Oil_Rent_Intensive_Pre2016_ge15pct,Oil_Rents_GDP_Pct_lag1,primary,Oil_Rent_Intensive_Pre2016_ge15pct,Future_Period,train_to_2015__test_from_2016,RandomForest,added_model_vs_strongest_benchmark,0.02700000000000004,0.7995
M1_Macro_vs_M2_Macro_Oil__primary__Oil_Rent_Intensive_Pre2016_ge15pct,Oil_Rents_GDP_Pct_lag1,primary,Oil_Rent_Intensive_Pre2016_ge15pct,Future_Period,train_to_2015__test_from_2016,RandomForest,added_model_vs_strongest_benchmark,0.027500000000000042,0.798
M1_Macro_vs_M2_Macro_Oil__primary__Oil_Rent_Intensive_Pre2016_ge15pct,Oil_Rents_GDP_Pct_lag1,primary,Oil_Rent_Intensive_Pre2016_ge15pct,Future_Period,train_to_2015__test_from_2016,RandomForest,added_model_vs_strongest_benchmark,0.028000000000000042,0.7945
M1_Macro_vs_M2_Macro_Oil__primary__Oil_Rent_Intensive_Pre2016_ge15pct,Oil_Rents_GDP_Pct_lag1,primary,Oil_Rent_Intensive_Pre2016_ge15pct,Future_Period,train_to_2015__test_from_2016,RandomForest,added_model_vs_strongest_benchmark,0.028500000000000043,0.7925
M1_Macro_vs_M2_Macro_Oil__primary__Oil_Rent_Intensive_Pre2016_ge15pct,Oil_Rents_GDP_Pct_lag1,primary,Oil_Rent_Intensive_Pre2016_ge15pct,Future_Period,train_to_2015__test_from_2016,RandomForest,added_model_vs_strongest_benchmark,0.029000000000000043,0.7885
M1_Macro_vs_M2_Macro_Oil__primary__Oil_Rent_Intensive_Pre2016_ge15pct,Oil_Rents_GDP_Pct_lag1,primary,Oil_Rent_Intensive_Pre2016_ge15pct,Future_Period,train_to_2015__test_from_2016,RandomForest,added_model_vs_strongest_benchmark,0.029500000000000044,0.7855
M1_Macro_vs_M2_Macro_Oil__primary__Oil_Rent_Intensive_Pre2016_ge15pct,Oil_Rents_GDP_Pct_lag1,primary,Oil_Rent_Intensive_Pre2016_ge15pct,Future_Period,train_to_2015__test_from_2016,RandomForest,added_model_vs_strongest_benchmark,0.030000000000000044,0.784
M1_Macro_vs_M2_Macro_Oil__primary__Oil_Rent_Intensive_Pre2016_ge15pct,Oil_Rents_GDP_Pct_lag1,primary,Oil_Rent_Intensive_Pre2016_ge15pct,Future_Period,train_to_2016__test_from_2017,Ridge,signal_increment,-0.02,0.997
M1_Macro_vs_M2_Macro_Oil__primary__Oil_Rent_Intensive_Pre2016_ge15pct,Oil_Rents_GDP_Pct_lag1,primary,Oil_Rent_Intensive_Pre2016_ge15pct,Future_Period,train_to_2016__test_from_2017,Ridge,signal_increment,-0.0195,0.9965
M1_Macro_vs_M2_Macro_Oil__primary__Oil_Rent_Intensive_Pre2016_ge15pct,Oil_Rents_GDP_Pct_lag1,primary,Oil_Rent_Intensive_Pre2016_ge15pct,Future_Period,train_to_2016__test_from_2017,Ridge,signal_increment,-0.019,0.9955
M1_Macro_vs_M2_Macro_Oil__primary__Oil_Rent_Intensive_Pre2016_ge15pct,Oil_Rents_GDP_Pct_lag1,primary,Oil_Rent_Intensive_Pre2016_ge15pct,Future_Period,train_to_2016__test_from_2017,Ridge,signal_increment,-0.0185,0.994
M1_Macro_vs_M2_Macro_Oil__primary__Oil_Rent_Intensive_Pre2016_ge15pct,Oil_Rents_GDP_Pct_lag1,primary,Oil_Rent_Intensive_Pre2016_ge15pct,Future_Period,train_to_2016__test_from_2017,Ridge,signal_increment,-0.018,0.9925
M1_Macro_vs_M2_Macro_Oil__primary__Oil_Rent_Intensive_Pre2016_ge15pct,Oil_Rents_GDP_Pct_lag1,primary,Oil_Rent_Intensive_Pre2016_ge15pct,Future_Period,train_to_2016__test_from_2017,Ridge,signal_increment,-0.017499999999999998,0.991
M1_Macro_vs_M2_Macro_Oil__primary__Oil_Rent_Intensive_Pre2016_ge15pct,Oil_Rents_GDP_Pct_lag1,primary,Oil_Rent_Intensive_Pre2016_ge15pct,Future_Period,train_to_2016__test_from_2017,Ridge,signal_increment,-0.016999999999999998,0.9865
M1_Macro_vs_M2_Macro_Oil__primary__Oil_Rent_Intensive_Pre2016_ge15pct,Oil_Rents_GDP_Pct_lag1,primary,Oil_Rent_Intensive_Pre2016_ge15pct,Future_Period,train_to_2016__test_from_2017,Ridge,signal_increment,-0.016499999999999997,0.985
M1_Macro_vs_M2_Macro_Oil__primary__Oil_Rent_Intensive_Pre2016_ge15pct,Oil_Rents_GDP_Pct_lag1,primary,Oil_Rent_Intensive_Pre2016_ge15pct,Future_Period,train_to_2016__test_from_2017,Ridge,signal_increment,-0.015999999999999997,0.981
M1_Macro_vs_M2_Macro_Oil__primary__Oil_Rent_Intensive_Pre2016_ge15pct,Oil_Rents_GDP_Pct_lag1,primary,Oil_Rent_Intensive_Pre2016_ge15pct,Future_Period,train_to_2016__test_from_2017,Ridge,signal_increment,-0.015499999999999996,0.9775
M1_Macro_vs_M2_Macro_Oil__primary__Oil_Rent_Intensive_Pre2016_ge15pct,Oil_Rents_GDP_Pct_lag1,primary,Oil_Rent_Intensive_Pre2016_ge15pct,Future_Period,train_to_2016__test_from_2017,Ridge,signal_increment,-0.014999999999999996,0.9735
M1_Macro_vs_M2_Macro_Oil__primary__Oil_Rent_Intensive_Pre2016_ge15pct,Oil_Rents_GDP_Pct_lag1,primary,Oil_Rent_Intensive_Pre2016_ge15pct,Future_Period,train_to_2016__test_from_2017,Ridge,signal_increment,-0.014499999999999996,0.9675
M1_Macro_vs_M2_Macro_Oil__primary__Oil_Rent_Intensive_Pre2016_ge15pct,Oil_Rents_GDP_Pct_lag1,primary,Oil_Rent_Intensive_Pre2016_ge15pct,Future_Period,train_to_2016__test_from_2017,Ridge,signal_increment,-0.013999999999999995,0.959
M1_Macro_vs_M2_Macro_Oil__primary__Oil_Rent_Intensive_Pre2016_ge15pct,Oil_Rents_GDP_Pct_lag1,primary,Oil_Rent_Intensive_Pre2016_ge15pct,Future_Period,train_to_2016__test_from_2017,Ridge,signal_increment,-0.013499999999999995,0.951
M1_Macro_vs_M2_Macro_Oil__primary__Oil_Rent_Intensive_Pre2016_ge15pct,Oil_Rents_GDP_Pct_lag1,primary,Oil_Rent_Intensive_Pre2016_ge15pct,Future_Period,train_to_2016__test_from_2017,Ridge,signal_increment,-0.012999999999999994,0.945
M1_Macro_vs_M2_Macro_Oil__primary__Oil_Rent_Intensive_Pre2016_ge15pct,Oil_Rents_GDP_Pct_lag1,primary,Oil_Rent_Intensive_Pre2016_ge15pct,Future_Period,train_to_2016__test_from_2017,Ridge,signal_increment,-0.012499999999999994,0.9395
M1_Macro_vs_M2_Macro_Oil__primary__Oil_Rent_Intensive_Pre2016_ge15pct,Oil_Rents_GDP_Pct_lag1,primary,Oil_Rent_Intensive_Pre2016_ge15pct,Future_Period,train_to_2016__test_from_2017,Ridge,signal_increment,-0.011999999999999993,0.93
M1_Macro_vs_M2_Macro_Oil__primary__Oil_Rent_Intensive_Pre2016_ge15pct,Oil_Rents_GDP_Pct_lag1,primary,Oil_Rent_Intensive_Pre2016_ge15pct,Future_Period,train_to_2016__test_from_2017,Ridge,signal_increment,-0.011499999999999993,0.9165
M1_Macro_vs_M2_Macro_Oil__primary__Oil_Rent_Intensive_Pre2016_ge15pct,Oil_Rents_GDP_Pct_lag1,primary,Oil_Rent_Intensive_Pre2016_ge15pct,Future_Period,train_to_2016__test_from_2017,Ridge,signal_increment,-0.010999999999999992,0.9035
M1_Macro_vs_M2_Macro_Oil__primary__Oil_Rent_Intensive_Pre2016_ge15pct,Oil_Rents_GDP_Pct_lag1,primary,Oil_Rent_Intensive_Pre2016_ge15pct,Future_Period,train_to_2016__test_from_2017,Ridge,signal_increment,-0.010499999999999992,0.894
M1_Macro_vs_M2_Macro_Oil__primary__Oil_Rent_Intensive_Pre2016_ge15pct,Oil_Rents_GDP_Pct_lag1,primary,Oil_Rent_Intensive_Pre2016_ge15pct,Future_Period,train_to_2016__test_from_2017,Ridge,signal_increment,-0.009999999999999992,0.8765
M1_Macro_vs_M2_Macro_Oil__primary__Oil_Rent_Intensive_Pre2016_ge15pct,Oil_Rents_GDP_Pct_lag1,primary,Oil_Rent_Intensive_Pre2016_ge15pct,Future_Period,train_to_2016__test_from_2017,Ridge,signal_increment,-0.009499999999999991,0.855
M1_Macro_vs_M2_Macro_Oil__primary__Oil_Rent_Intensive_Pre2016_ge15pct,Oil_Rents_GDP_Pct_lag1,primary,Oil_Rent_Intensive_Pre2016_ge15pct,Future_Period,train_to_2016__test_from_2017,Ridge,signal_increment,-0.00899999999999999,0.8365
M1_Macro_vs_M2_Macro_Oil__primary__Oil_Rent_Intensive_Pre2016_ge15pct,Oil_Rents_GDP_Pct_lag1,primary,Oil_Rent_Intensive_Pre2016_ge15pct,Future_Period,train_to_2016__test_from_2017,Ridge,signal_increment,-0.00849999999999999,0.8185
M1_Macro_vs_M2_Macro_Oil__primary__Oil_Rent_Intensive_Pre2016_ge15pct,Oil_Rents_GDP_Pct_lag1,primary,Oil_Rent_Intensive_Pre2016_ge15pct,Future_Period,train_to_2016__test_from_2017,Ridge,signal_increment,-0.00799999999999999,0.7965
M1_Macro_vs_M2_Macro_Oil__primary__Oil_Rent_Intensive_Pre2016_ge15pct,Oil_Rents_GDP_Pct_lag1,primary,Oil_Rent_Intensive_Pre2016_ge15pct,Future_Period,train_to_2016__test_from_2017,Ridge,signal_increment,-0.007499999999999989,0.772
M1_Macro_vs_M2_Macro_Oil__primary__Oil_Rent_Intensive_Pre2016_ge15pct,Oil_Rents_GDP_Pct_lag1,primary,Oil_Rent_Intensive_Pre2016_ge15pct,Future_Period,train_to_2016__test_from_2017,Ridge,signal_increment,-0.006999999999999989,0.743
M1_Macro_vs_M2_Macro_Oil__primary__Oil_Rent_Intensive_Pre2016_ge15pct,Oil_Rents_GDP_Pct_lag1,primary,Oil_Rent_Intensive_Pre2016_ge15pct,Future_Period,train_to_2016__test_from_2017,Ridge,signal_increment,-0.006499999999999988,0.719
M1_Macro_vs_M2_Macro_Oil__primary__Oil_Rent_Intensive_Pre2016_ge15pct,Oil_Rents_GDP_Pct_lag1,primary,Oil_Rent_Intensive_Pre2016_ge15pct,Future_Period,train_to_2016__test_from_2017,Ridge,signal_increment,-0.005999999999999988,0.694
M1_Macro_vs_M2_Macro_Oil__primary__Oil_Rent_Intensive_Pre2016_ge15pct,Oil_Rents_GDP_Pct_lag1,primary,Oil_Rent_Intensive_Pre2016_ge15pct,Future_Period,train_to_2016__test_from_2017,Ridge,signal_increment,-0.0054999999999999875,0.6675
M1_Macro_vs_M2_Macro_Oil__primary__Oil_Rent_Intensive_Pre2016_ge15pct,Oil_Rents_GDP_Pct_lag1,primary,Oil_Rent_Intensive_Pre2016_ge15pct,Future_Period,train_to_2016__test_from_2017,Ridge,signal_increment,-0.004999999999999987,0.6325
M1_Macro_vs_M2_Macro_Oil__primary__Oil_Rent_Intensive_Pre2016_ge15pct,Oil_Rents_GDP_Pct_lag1,primary,Oil_Rent_Intensive_Pre2016_ge15pct,Future_Period,train_to_2016__test_from_2017,Ridge,signal_increment,-0.004499999999999987,0.599
M1_Macro_vs_M2_Macro_Oil__primary__Oil_Rent_Intensive_Pre2016_ge15pct,Oil_Rents_GDP_Pct_lag1,primary,Oil_Rent_Intensive_Pre2016_ge15pct,Future_Period,train_to_2016__test_from_2017,Ridge,signal_increment,-0.003999999999999986,0.569
M1_Macro_vs_M2_Macro_Oil__primary__Oil_Rent_Intensive_Pre2016_ge15pct,Oil_Rents_GDP_Pct_lag1,primary,Oil_Rent_Intensive_Pre2016_ge15pct,Future_Period,train_to_2016__test_from_2017,Ridge,signal_increment,-0.0034999999999999858,0.5345
M1_Macro_vs_M2_Macro_Oil__primary__Oil_Rent_Intensive_Pre2016_ge15pct,Oil_Rents_GDP_Pct_lag1,primary,Oil_Rent_Intensive_Pre2016_ge15pct,Future_Period,train_to_2016__test_from_2017,Ridge,signal_increment,-0.0029999999999999853,0.5045
M1_Macro_vs_M2_Macro_Oil__primary__Oil_Rent_Intensive_Pre2016_ge15pct,Oil_Rents_GDP_Pct_lag1,primary,Oil_Rent_Intensive_Pre2016_ge15pct,Future_Period,train_to_2016__test_from_2017,Ridge,signal_increment,-0.002499999999999985,0.4695
M1_Macro_vs_M2_Macro_Oil__primary__Oil_Rent_Intensive_Pre2016_ge15pct,Oil_Rents_GDP_Pct_lag1,primary,Oil_Rent_Intensive_Pre2016_ge15pct,Future_Period,train_to_2016__test_from_2017,Ridge,signal_increment,-0.0019999999999999844,0.4365
M1_Macro_vs_M2_Macro_Oil__primary__Oil_Rent_Intensive_Pre2016_ge15pct,Oil_Rents_GDP_Pct_lag1,primary,Oil_Rent_Intensive_Pre2016_ge15pct,Future_Period,train_to_2016__test_from_2017,Ridge,signal_increment,-0.001499999999999984,0.4085
M1_Macro_vs_M2_Macro_Oil__primary__Oil_Rent_Intensive_Pre2016_ge15pct,Oil_Rents_GDP_Pct_lag1,primary,Oil_Rent_Intensive_Pre2016_ge15pct,Future_Period,train_to_2016__test_from_2017,Ridge,signal_increment,-0.0009999999999999835,0.3735
M1_Macro_vs_M2_Macro_Oil__primary__Oil_Rent_Intensive_Pre2016_ge15pct,Oil_Rents_GDP_Pct_lag1,primary,Oil_Rent_Intensive_Pre2016_ge15pct,Future_Period,train_to_2016__test_from_2017,Ridge,signal_increment,-0.0004999999999999831,0.3405
M1_Macro_vs_M2_Macro_Oil__primary__Oil_Rent_Intensive_Pre2016_ge15pct,Oil_Rents_GDP_Pct_lag1,primary,Oil_Rent_Intensive_Pre2016_ge15pct,Future_Period,train_to_2016__test_from_2017,Ridge,signal_increment,1.734723475976807e-17,0.3075
M1_Macro_vs_M2_Macro_Oil__primary__Oil_Rent_Intensive_Pre2016_ge15pct,Oil_Rents_GDP_Pct_lag1,primary,Oil_Rent_Intensive_Pre2016_ge15pct,Future_Period,train_to_2016__test_from_2017,Ridge,signal_increment,0.0005000000000000178,0.283
M1_Macro_vs_M2_Macro_Oil__primary__Oil_Rent_Intensive_Pre2016_ge15pct,Oil_Rents_GDP_Pct_lag1,primary,Oil_Rent_Intensive_Pre2016_ge15pct,Future_Period,train_to_2016__test_from_2017,Ridge,signal_increment,0.0010000000000000182,0.2525
M1_Macro_vs_M2_Macro_Oil__primary__Oil_Rent_Intensive_Pre2016_ge15pct,Oil_Rents_GDP_Pct_lag1,primary,Oil_Rent_Intensive_Pre2016_ge15pct,Future_Period,train_to_2016__test_from_2017,Ridge,signal_increment,0.0015000000000000187,0.228
M1_Macro_vs_M2_Macro_Oil__primary__Oil_Rent_Intensive_Pre2016_ge15pct,Oil_Rents_GDP_Pct_lag1,primary,Oil_Rent_Intensive_Pre2016_ge15pct,Future_Period,train_to_2016__test_from_2017,Ridge,signal_increment,0.002000000000000019,0.2065
M1_Macro_vs_M2_Macro_Oil__primary__Oil_Rent_Intensive_Pre2016_ge15pct,Oil_Rents_GDP_Pct_lag1,primary,Oil_Rent_Intensive_Pre2016_ge15pct,Future_Period,train_to_2016__test_from_2017,Ridge,signal_increment,0.0025000000000000196,0.1855
M1_Macro_vs_M2_Macro_Oil__primary__Oil_Rent_Intensive_Pre2016_ge15pct,Oil_Rents_GDP_Pct_lag1,primary,Oil_Rent_Intensive_Pre2016_ge15pct,Future_Period,train_to_2016__test_from_2017,Ridge,signal_increment,0.00300000000000002,0.167
M1_Macro_vs_M2_Macro_Oil__primary__Oil_Rent_Intensive_Pre2016_ge15pct,Oil_Rents_GDP_Pct_lag1,primary,Oil_Rent_Intensive_Pre2016_ge15pct,Future_Period,train_to_2016__test_from_2017,Ridge,signal_increment,0.0035000000000000205,0.146
M1_Macro_vs_M2_Macro_Oil__primary__Oil_Rent_Intensive_Pre2016_ge15pct,Oil_Rents_GDP_Pct_lag1,primary,Oil_Rent_Intensive_Pre2016_ge15pct,Future_Period,train_to_2016__test_from_2017,Ridge,signal_increment,0.004000000000000021,0.128
M1_Macro_vs_M2_Macro_Oil__primary__Oil_Rent_Intensive_Pre2016_ge15pct,Oil_Rents_GDP_Pct_lag1,primary,Oil_Rent_Intensive_Pre2016_ge15pct,Future_Period,train_to_2016__test_from_2017,Ridge,signal_increment,0.004500000000000021,0.109
M1_Macro_vs_M2_Macro_Oil__primary__Oil_Rent_Intensive_Pre2016_ge15pct,Oil_Rents_GDP_Pct_lag1,primary,Oil_Rent_Intensive_Pre2016_ge15pct,Future_Period,train_to_2016__test_from_2017,Ridge,signal_increment,0.005000000000000022,0.0935
M1_Macro_vs_M2_Macro_Oil__primary__Oil_Rent_Intensive_Pre2016_ge15pct,Oil_Rents_GDP_Pct_lag1,primary,Oil_Rent_Intensive_Pre2016_ge15pct,Future_Period,train_to_2016__test_from_2017,Ridge,signal_increment,0.005500000000000022,0.0865
M1_Macro_vs_M2_Macro_Oil__primary__Oil_Rent_Intensive_Pre2016_ge15pct,Oil_Rents_GDP_Pct_lag1,primary,Oil_Rent_Intensive_Pre2016_ge15pct,Future_Period,train_to_2016__test_from_2017,Ridge,signal_increment,0.006000000000000023,0.072
M1_Macro_vs_M2_Macro_Oil__primary__Oil_Rent_Intensive_Pre2016_ge15pct,Oil_Rents_GDP_Pct_lag1,primary,Oil_Rent_Intensive_Pre2016_ge15pct,Future_Period,train_to_2016__test_from_2017,Ridge,signal_increment,0.006500000000000023,0.0615
M1_Macro_vs_M2_Macro_Oil__primary__Oil_Rent_Intensive_Pre2016_ge15pct,Oil_Rents_GDP_Pct_lag1,primary,Oil_Rent_Intensive_Pre2016_ge15pct,Future_Period,train_to_2016__test_from_2017,Ridge,signal_increment,0.0070000000000000236,0.0525
M1_Macro_vs_M2_Macro_Oil__primary__Oil_Rent_Intensive_Pre2016_ge15pct,Oil_Rents_GDP_Pct_lag1,primary,Oil_Rent_Intensive_Pre2016_ge15pct,Future_Period,train_to_2016__test_from_2017,Ridge,signal_increment,0.007500000000000024,0.0445
M1_Macro_vs_M2_Macro_Oil__primary__Oil_Rent_Intensive_Pre2016_ge15pct,Oil_Rents_GDP_Pct_lag1,primary,Oil_Rent_Intensive_Pre2016_ge15pct,Future_Period,train_to_2016__test_from_2017,Ridge,signal_increment,0.008000000000000024,0.038
M1_Macro_vs_M2_Macro_Oil__primary__Oil_Rent_Intensive_Pre2016_ge15pct,Oil_Rents_GDP_Pct_lag1,primary,Oil_Rent_Intensive_Pre2016_ge15pct,Future_Period,train_to_2016__test_from_2017,Ridge,signal_increment,0.008500000000000025,0.033
M1_Macro_vs_M2_Macro_Oil__primary__Oil_Rent_Intensive_Pre2016_ge15pct,Oil_Rents_GDP_Pct_lag1,primary,Oil_Rent_Intensive_Pre2016_ge15pct,Future_Period,train_to_2016__test_from_2017,Ridge,signal_increment,0.009000000000000025,0.027
M1_Macro_vs_M2_Macro_Oil__primary__Oil_Rent_Intensive_Pre2016_ge15pct,Oil_Rents_GDP_Pct_lag1,primary,Oil_Rent_Intensive_Pre2016_ge15pct,Future_Period,train_to_2016__test_from_2017,Ridge,signal_increment,0.009500000000000026,0.0245
M1_Macro_vs_M2_Macro_Oil__primary__Oil_Rent_Intensive_Pre2016_ge15pct,Oil_Rents_GDP_Pct_lag1,primary,Oil_Rent_Intensive_Pre2016_ge15pct,Future_Period,train_to_2016__test_from_2017,Ridge,signal_increment,0.010000000000000026,0.0205
M1_Macro_vs_M2_Macro_Oil__primary__Oil_Rent_Intensive_Pre2016_ge15pct,Oil_Rents_GDP_Pct_lag1,primary,Oil_Rent_Intensive_Pre2016_ge15pct,Future_Period,train_to_2016__test_from_2017,Ridge,signal_increment,0.010500000000000027,0.016
M1_Macro_vs_M2_Macro_Oil__primary__Oil_Rent_Intensive_Pre2016_ge15pct,Oil_Rents_GDP_Pct_lag1,primary,Oil_Rent_Intensive_Pre2016_ge15pct,Future_Period,train_to_2016__test_from_2017,Ridge,signal_increment,0.011000000000000027,0.014
M1_Macro_vs_M2_Macro_Oil__primary__Oil_Rent_Intensive_Pre2016_ge15pct,Oil_Rents_GDP_Pct_lag1,primary,Oil_Rent_Intensive_Pre2016_ge15pct,Future_Period,train_to_2016__test_from_2017,Ridge,signal_increment,0.011500000000000028,0.0115
M1_Macro_vs_M2_Macro_Oil__primary__Oil_Rent_Intensive_Pre2016_ge15pct,Oil_Rents_GDP_Pct_lag1,primary,Oil_Rent_Intensive_Pre2016_ge15pct,Future_Period,train_to_2016__test_from_2017,Ridge,signal_increment,0.012000000000000028,0.0095
M1_Macro_vs_M2_Macro_Oil__primary__Oil_Rent_Intensive_Pre2016_ge15pct,Oil_Rents_GDP_Pct_lag1,primary,Oil_Rent_Intensive_Pre2016_ge15pct,Future_Period,train_to_2016__test_from_2017,Ridge,signal_increment,0.012500000000000028,0.007
M1_Macro_vs_M2_Macro_Oil__primary__Oil_Rent_Intensive_Pre2016_ge15pct,Oil_Rents_GDP_Pct_lag1,primary,Oil_Rent_Intensive_Pre2016_ge15pct,Future_Period,train_to_2016__test_from_2017,Ridge,signal_increment,0.013000000000000029,0.006
M1_Macro_vs_M2_Macro_Oil__primary__Oil_Rent_Intensive_Pre2016_ge15pct,Oil_Rents_GDP_Pct_lag1,primary,Oil_Rent_Intensive_Pre2016_ge15pct,Future_Period,train_to_2016__test_from_2017,Ridge,signal_increment,0.01350000000000003,0.005
M1_Macro_vs_M2_Macro_Oil__primary__Oil_Rent_Intensive_Pre2016_ge15pct,Oil_Rents_GDP_Pct_lag1,primary,Oil_Rent_Intensive_Pre2016_ge15pct,Future_Period,train_to_2016__test_from_2017,Ridge,signal_increment,0.01400000000000003,0.0045
M1_Macro_vs_M2_Macro_Oil__primary__Oil_Rent_Intensive_Pre2016_ge15pct,Oil_Rents_GDP_Pct_lag1,primary,Oil_Rent_Intensive_Pre2016_ge15pct,Future_Period,train_to_2016__test_from_2017,Ridge,signal_increment,0.01450000000000003,0.0035
M1_Macro_vs_M2_Macro_Oil__primary__Oil_Rent_Intensive_Pre2016_ge15pct,Oil_Rents_GDP_Pct_lag1,primary,Oil_Rent_Intensive_Pre2016_ge15pct,Future_Period,train_to_2016__test_from_2017,Ridge,signal_increment,0.01500000000000003,0.003
M1_Macro_vs_M2_Macro_Oil__primary__Oil_Rent_Intensive_Pre2016_ge15pct,Oil_Rents_GDP_Pct_lag1,primary,Oil_Rent_Intensive_Pre2016_ge15pct,Future_Period,train_to_2016__test_from_2017,Ridge,signal_increment,0.015500000000000031,0.0025
M1_Macro_vs_M2_Macro_Oil__primary__Oil_Rent_Intensive_Pre2016_ge15pct,Oil_Rents_GDP_Pct_lag1,primary,Oil_Rent_Intensive_Pre2016_ge15pct,Future_Period,train_to_2016__test_from_2017,Ridge,signal_increment,0.01600000000000003,0.0015
M1_Macro_vs_M2_Macro_Oil__primary__Oil_Rent_Intensive_Pre2016_ge15pct,Oil_Rents_GDP_Pct_lag1,primary,Oil_Rent_Intensive_Pre2016_ge15pct,Future_Period,train_to_2016__test_from_2017,Ridge,signal_increment,0.016500000000000032,0.0015
M1_Macro_vs_M2_Macro_Oil__primary__Oil_Rent_Intensive_Pre2016_ge15pct,Oil_Rents_GDP_Pct_lag1,primary,Oil_Rent_Intensive_Pre2016_ge15pct,Future_Period,train_to_2016__test_from_2017,Ridge,signal_increment,0.017000000000000032,0.001
M1_Macro_vs_M2_Macro_Oil__primary__Oil_Rent_Intensive_Pre2016_ge15pct,Oil_Rents_GDP_Pct_lag1,primary,Oil_Rent_Intensive_Pre2016_ge15pct,Future_Period,train_to_2016__test_from_2017,Ridge,signal_increment,0.017500000000000033,0.001
M1_Macro_vs_M2_Macro_Oil__primary__Oil_Rent_Intensive_Pre2016_ge15pct,Oil_Rents_GDP_Pct_lag1,primary,Oil_Rent_Intensive_Pre2016_ge15pct,Future_Period,train_to_2016__test_from_2017,Ridge,signal_increment,0.018000000000000033,0.001
M1_Macro_vs_M2_Macro_Oil__primary__Oil_Rent_Intensive_Pre2016_ge15pct,Oil_Rents_GDP_Pct_lag1,primary,Oil_Rent_Intensive_Pre2016_ge15pct,Future_Period,train_to_2016__test_from_2017,Ridge,signal_increment,0.018500000000000034,0.001
M1_Macro_vs_M2_Macro_Oil__primary__Oil_Rent_Intensive_Pre2016_ge15pct,Oil_Rents_GDP_Pct_lag1,primary,Oil_Rent_Intensive_Pre2016_ge15pct,Future_Period,train_to_2016__test_from_2017,Ridge,signal_increment,0.019000000000000034,0.0005
M1_Macro_vs_M2_Macro_Oil__primary__Oil_Rent_Intensive_Pre2016_ge15pct,Oil_Rents_GDP_Pct_lag1,primary,Oil_Rent_Intensive_Pre2016_ge15pct,Future_Period,train_to_2016__test_from_2017,Ridge,signal_increment,0.019500000000000035,0.0005
M1_Macro_vs_M2_Macro_Oil__primary__Oil_Rent_Intensive_Pre2016_ge15pct,Oil_Rents_GDP_Pct_lag1,primary,Oil_Rent_Intensive_Pre2016_ge15pct,Future_Period,train_to_2016__test_from_2017,Ridge,signal_increment,0.020000000000000035,0.0005
M1_Macro_vs_M2_Macro_Oil__primary__Oil_Rent_Intensive_Pre2016_ge15pct,Oil_Rents_GDP_Pct_lag1,primary,Oil_Rent_Intensive_Pre2016_ge15pct,Future_Period,train_to_2016__test_from_2017,Ridge,signal_increment,0.020500000000000036,0.0005
M1_Macro_vs_M2_Macro_Oil__primary__Oil_Rent_Intensive_Pre2016_ge15pct,Oil_Rents_GDP_Pct_lag1,primary,Oil_Rent_Intensive_Pre2016_ge15pct,Future_Period,train_to_2016__test_from_2017,Ridge,signal_increment,0.021000000000000036,0.0005
M1_Macro_vs_M2_Macro_Oil__primary__Oil_Rent_Intensive_Pre2016_ge15pct,Oil_Rents_GDP_Pct_lag1,primary,Oil_Rent_Intensive_Pre2016_ge15pct,Future_Period,train_to_2016__test_from_2017,Ridge,signal_increment,0.021500000000000036,0.0005
M1_Macro_vs_M2_Macro_Oil__primary__Oil_Rent_Intensive_Pre2016_ge15pct,Oil_Rents_GDP_Pct_lag1,primary,Oil_Rent_Intensive_Pre2016_ge15pct,Future_Period,train_to_2016__test_from_2017,Ridge,signal_increment,0.022000000000000037,0.0
M1_Macro_vs_M2_Macro_Oil__primary__Oil_Rent_Intensive_Pre2016_ge15pct,Oil_Rents_GDP_Pct_lag1,primary,Oil_Rent_Intensive_Pre2016_ge15pct,Future_Period,train_to_2016__test_from_2017,Ridge,signal_increment,0.022500000000000037,0.0
M1_Macro_vs_M2_Macro_Oil__primary__Oil_Rent_Intensive_Pre2016_ge15pct,Oil_Rents_GDP_Pct_lag1,primary,Oil_Rent_Intensive_Pre2016_ge15pct,Future_Period,train_to_2016__test_from_2017,Ridge,signal_increment,0.023000000000000038,0.0
M1_Macro_vs_M2_Macro_Oil__primary__Oil_Rent_Intensive_Pre2016_ge15pct,Oil_Rents_GDP_Pct_lag1,primary,Oil_Rent_Intensive_Pre2016_ge15pct,Future_Period,train_to_2016__test_from_2017,Ridge,signal_increment,0.023500000000000038,0.0
M1_Macro_vs_M2_Macro_Oil__primary__Oil_Rent_Intensive_Pre2016_ge15pct,Oil_Rents_GDP_Pct_lag1,primary,Oil_Rent_Intensive_Pre2016_ge15pct,Future_Period,train_to_2016__test_from_2017,Ridge,signal_increment,0.02400000000000004,0.0
M1_Macro_vs_M2_Macro_Oil__primary__Oil_Rent_Intensive_Pre2016_ge15pct,Oil_Rents_GDP_Pct_lag1,primary,Oil_Rent_Intensive_Pre2016_ge15pct,Future_Period,train_to_2016__test_from_2017,Ridge,signal_increment,0.02450000000000004,0.0
M1_Macro_vs_M2_Macro_Oil__primary__Oil_Rent_Intensive_Pre2016_ge15pct,Oil_Rents_GDP_Pct_lag1,primary,Oil_Rent_Intensive_Pre2016_ge15pct,Future_Period,train_to_2016__test_from_2017,Ridge,signal_increment,0.02500000000000004,0.0
M1_Macro_vs_M2_Macro_Oil__primary__Oil_Rent_Intensive_Pre2016_ge15pct,Oil_Rents_GDP_Pct_lag1,primary,Oil_Rent_Intensive_Pre2016_ge15pct,Future_Period,train_to_2016__test_from_2017,Ridge,signal_increment,0.02550000000000004,0.0
M1_Macro_vs_M2_Macro_Oil__primary__Oil_Rent_Intensive_Pre2016_ge15pct,Oil_Rents_GDP_Pct_lag1,primary,Oil_Rent_Intensive_Pre2016_ge15pct,Future_Period,train_to_2016__test_from_2017,Ridge,signal_increment,0.02600000000000004,0.0
M1_Macro_vs_M2_Macro_Oil__primary__Oil_Rent_Intensive_Pre2016_ge15pct,Oil_Rents_GDP_Pct_lag1,primary,Oil_Rent_Intensive_Pre2016_ge15pct,Future_Period,train_to_2016__test_from_2017,Ridge,signal_increment,0.02650000000000004,0.0
M1_Macro_vs_M2_Macro_Oil__primary__Oil_Rent_Intensive_Pre2016_ge15pct,Oil_Rents_GDP_Pct_lag1,primary,Oil_Rent_Intensive_Pre2016_ge15pct,Future_Period,train_to_2016__test_from_2017,Ridge,signal_increment,0.02700000000000004,0.0
M1_Macro_vs_M2_Macro_Oil__primary__Oil_Rent_Intensive_Pre2016_ge15pct,Oil_Rents_GDP_Pct_lag1,primary,Oil_Rent_Intensive_Pre2016_ge15pct,Future_Period,train_to_2016__test_from_2017,Ridge,signal_increment,0.027500000000000042,0.0
M1_Macro_vs_M2_Macro_Oil__primary__Oil_Rent_Intensive_Pre2016_ge15pct,Oil_Rents_GDP_Pct_lag1,primary,Oil_Rent_Intensive_Pre2016_ge15pct,Future_Period,train_to_2016__test_from_2017,Ridge,signal_increment,0.028000000000000042,0.0
M1_Macro_vs_M2_Macro_Oil__primary__Oil_Rent_Intensive_Pre2016_ge15pct,Oil_Rents_GDP_Pct_lag1,primary,Oil_Rent_Intensive_Pre2016_ge15pct,Future_Period,train_to_2016__test_from_2017,Ridge,signal_increment,0.028500000000000043,0.0
M1_Macro_vs_M2_Macro_Oil__primary__Oil_Rent_Intensive_Pre2016_ge15pct,Oil_Rents_GDP_Pct_lag1,primary,Oil_Rent_Intensive_Pre2016_ge15pct,Future_Period,train_to_2016__test_from_2017,Ridge,signal_increment,0.029000000000000043,0.0
M1_Macro_vs_M2_Macro_Oil__primary__Oil_Rent_Intensive_Pre2016_ge15pct,Oil_Rents_GDP_Pct_lag1,primary,Oil_Rent_Intensive_Pre2016_ge15pct,Future_Period,train_to_2016__test_from_2017,Ridge,signal_increment,0.029500000000000044,0.0
M1_Macro_vs_M2_Macro_Oil__primary__Oil_Rent_Intensive_Pre2016_ge15pct,Oil_Rents_GDP_Pct_lag1,primary,Oil_Rent_Intensive_Pre2016_ge15pct,Future_Period,train_to_2016__test_from_2017,Ridge,signal_increment,0.030000000000000044,0.0
M1_Macro_vs_M2_Macro_Oil__primary__Oil_Rent_Intensive_Pre2016_ge15pct,Oil_Rents_GDP_Pct_lag1,primary,Oil_Rent_Intensive_Pre2016_ge15pct,Future_Period,train_to_2016__test_from_2017,Ridge,added_model_vs_strongest_benchmark,-0.02,0.644
M1_Macro_vs_M2_Macro_Oil__primary__Oil_Rent_Intensive_Pre2016_ge15pct,Oil_Rents_GDP_Pct_lag1,primary,Oil_Rent_Intensive_Pre2016_ge15pct,Future_Period,train_to_2016__test_from_2017,Ridge,added_model_vs_strongest_benchmark,-0.0195,0.6435
M1_Macro_vs_M2_Macro_Oil__primary__Oil_Rent_Intensive_Pre2016_ge15pct,Oil_Rents_GDP_Pct_lag1,primary,Oil_Rent_Intensive_Pre2016_ge15pct,Future_Period,train_to_2016__test_from_2017,Ridge,added_model_vs_strongest_benchmark,-0.019,0.6425
M1_Macro_vs_M2_Macro_Oil__primary__Oil_Rent_Intensive_Pre2016_ge15pct,Oil_Rents_GDP_Pct_lag1,primary,Oil_Rent_Intensive_Pre2016_ge15pct,Future_Period,train_to_2016__test_from_2017,Ridge,added_model_vs_strongest_benchmark,-0.0185,0.6405
M1_Macro_vs_M2_Macro_Oil__primary__Oil_Rent_Intensive_Pre2016_ge15pct,Oil_Rents_GDP_Pct_lag1,primary,Oil_Rent_Intensive_Pre2016_ge15pct,Future_Period,train_to_2016__test_from_2017,Ridge,added_model_vs_strongest_benchmark,-0.018,0.637
M1_Macro_vs_M2_Macro_Oil__primary__Oil_Rent_Intensive_Pre2016_ge15pct,Oil_Rents_GDP_Pct_lag1,primary,Oil_Rent_Intensive_Pre2016_ge15pct,Future_Period,train_to_2016__test_from_2017,Ridge,added_model_vs_strongest_benchmark,-0.017499999999999998,0.6355
M1_Macro_vs_M2_Macro_Oil__primary__Oil_Rent_Intensive_Pre2016_ge15pct,Oil_Rents_GDP_Pct_lag1,primary,Oil_Rent_Intensive_Pre2016_ge15pct,Future_Period,train_to_2016__test_from_2017,Ridge,added_model_vs_strongest_benchmark,-0.016999999999999998,0.6345
M1_Macro_vs_M2_Macro_Oil__primary__Oil_Rent_Intensive_Pre2016_ge15pct,Oil_Rents_GDP_Pct_lag1,primary,Oil_Rent_Intensive_Pre2016_ge15pct,Future_Period,train_to_2016__test_from_2017,Ridge,added_model_vs_strongest_benchmark,-0.016499999999999997,0.632
M1_Macro_vs_M2_Macro_Oil__primary__Oil_Rent_Intensive_Pre2016_ge15pct,Oil_Rents_GDP_Pct_lag1,primary,Oil_Rent_Intensive_Pre2016_ge15pct,Future_Period,train_to_2016__test_from_2017,Ridge,added_model_vs_strongest_benchmark,-0.015999999999999997,0.6305
M1_Macro_vs_M2_Macro_Oil__primary__Oil_Rent_Intensive_Pre2016_ge15pct,Oil_Rents_GDP_Pct_lag1,primary,Oil_Rent_Intensive_Pre2016_ge15pct,Future_Period,train_to_2016__test_from_2017,Ridge,added_model_vs_strongest_benchmark,-0.015499999999999996,0.628
M1_Macro_vs_M2_Macro_Oil__primary__Oil_Rent_Intensive_Pre2016_ge15pct,Oil_Rents_GDP_Pct_lag1,primary,Oil_Rent_Intensive_Pre2016_ge15pct,Future_Period,train_to_2016__test_from_2017,Ridge,added_model_vs_strongest_benchmark,-0.014999999999999996,0.6255
M1_Macro_vs_M2_Macro_Oil__primary__Oil_Rent_Intensive_Pre2016_ge15pct,Oil_Rents_GDP_Pct_lag1,primary,Oil_Rent_Intensive_Pre2016_ge15pct,Future_Period,train_to_2016__test_from_2017,Ridge,added_model_vs_strongest_benchmark,-0.014499999999999996,0.621
M1_Macro_vs_M2_Macro_Oil__primary__Oil_Rent_Intensive_Pre2016_ge15pct,Oil_Rents_GDP_Pct_lag1,primary,Oil_Rent_Intensive_Pre2016_ge15pct,Future_Period,train_to_2016__test_from_2017,Ridge,added_model_vs_strongest_benchmark,-0.013999999999999995,0.62
M1_Macro_vs_M2_Macro_Oil__primary__Oil_Rent_Intensive_Pre2016_ge15pct,Oil_Rents_GDP_Pct_lag1,primary,Oil_Rent_Intensive_Pre2016_ge15pct,Future_Period,train_to_2016__test_from_2017,Ridge,added_model_vs_strongest_benchmark,-0.013499999999999995,0.619
M1_Macro_vs_M2_Macro_Oil__primary__Oil_Rent_Intensive_Pre2016_ge15pct,Oil_Rents_GDP_Pct_lag1,primary,Oil_Rent_Intensive_Pre2016_ge15pct,Future_Period,train_to_2016__test_from_2017,Ridge,added_model_vs_strongest_benchmark,-0.012999999999999994,0.616
M1_Macro_vs_M2_Macro_Oil__primary__Oil_Rent_Intensive_Pre2016_ge15pct,Oil_Rents_GDP_Pct_lag1,primary,Oil_Rent_Intensive_Pre2016_ge15pct,Future_Period,train_to_2016__test_from_2017,Ridge,added_model_vs_strongest_benchmark,-0.012499999999999994,0.6125
M1_Macro_vs_M2_Macro_Oil__primary__Oil_Rent_Intensive_Pre2016_ge15pct,Oil_Rents_GDP_Pct_lag1,primary,Oil_Rent_Intensive_Pre2016_ge15pct,Future_Period,train_to_2016__test_from_2017,Ridge,added_model_vs_strongest_benchmark,-0.011999999999999993,0.6125
M1_Macro_vs_M2_Macro_Oil__primary__Oil_Rent_Intensive_Pre2016_ge15pct,Oil_Rents_GDP_Pct_lag1,primary,Oil_Rent_Intensive_Pre2016_ge15pct,Future_Period,train_to_2016__test_from_2017,Ridge,added_model_vs_strongest_benchmark,-0.011499999999999993,0.61
M1_Macro_vs_M2_Macro_Oil__primary__Oil_Rent_Intensive_Pre2016_ge15pct,Oil_Rents_GDP_Pct_lag1,primary,Oil_Rent_Intensive_Pre2016_ge15pct,Future_Period,train_to_2016__test_from_2017,Ridge,added_model_vs_strongest_benchmark,-0.010999999999999992,0.6085
M1_Macro_vs_M2_Macro_Oil__primary__Oil_Rent_Intensive_Pre2016_ge15pct,Oil_Rents_GDP_Pct_lag1,primary,Oil_Rent_Intensive_Pre2016_ge15pct,Future_Period,train_to_2016__test_from_2017,Ridge,added_model_vs_strongest_benchmark,-0.010499999999999992,0.6055
M1_Macro_vs_M2_Macro_Oil__primary__Oil_Rent_Intensive_Pre2016_ge15pct,Oil_Rents_GDP_Pct_lag1,primary,Oil_Rent_Intensive_Pre2016_ge15pct,Future_Period,train_to_2016__test_from_2017,Ridge,added_model_vs_strongest_benchmark,-0.009999999999999992,0.604
M1_Macro_vs_M2_Macro_Oil__primary__Oil_Rent_Intensive_Pre2016_ge15pct,Oil_Rents_GDP_Pct_lag1,primary,Oil_Rent_Intensive_Pre2016_ge15pct,Future_Period,train_to_2016__test_from_2017,Ridge,added_model_vs_strongest_benchmark,-0.009499999999999991,0.6015
M1_Macro_vs_M2_Macro_Oil__primary__Oil_Rent_Intensive_Pre2016_ge15pct,Oil_Rents_GDP_Pct_lag1,primary,Oil_Rent_Intensive_Pre2016_ge15pct,Future_Period,train_to_2016__test_from_2017,Ridge,added_model_vs_strongest_benchmark,-0.00899999999999999,0.601
M1_Macro_vs_M2_Macro_Oil__primary__Oil_Rent_Intensive_Pre2016_ge15pct,Oil_Rents_GDP_Pct_lag1,primary,Oil_Rent_Intensive_Pre2016_ge15pct,Future_Period,train_to_2016__test_from_2017,Ridge,added_model_vs_strongest_benchmark,-0.00849999999999999,0.598
M1_Macro_vs_M2_Macro_Oil__primary__Oil_Rent_Intensive_Pre2016_ge15pct,Oil_Rents_GDP_Pct_lag1,primary,Oil_Rent_Intensive_Pre2016_ge15pct,Future_Period,train_to_2016__test_from_2017,Ridge,added_model_vs_strongest_benchmark,-0.00799999999999999,0.597
M1_Macro_vs_M2_Macro_Oil__primary__Oil_Rent_Intensive_Pre2016_ge15pct,Oil_Rents_GDP_Pct_lag1,primary,Oil_Rent_Intensive_Pre2016_ge15pct,Future_Period,train_to_2016__test_from_2017,Ridge,added_model_vs_strongest_benchmark,-0.007499999999999989,0.5955
M1_Macro_vs_M2_Macro_Oil__primary__Oil_Rent_Intensive_Pre2016_ge15pct,Oil_Rents_GDP_Pct_lag1,primary,Oil_Rent_Intensive_Pre2016_ge15pct,Future_Period,train_to_2016__test_from_2017,Ridge,added_model_vs_strongest_benchmark,-0.006999999999999989,0.5945
M1_Macro_vs_M2_Macro_Oil__primary__Oil_Rent_Intensive_Pre2016_ge15pct,Oil_Rents_GDP_Pct_lag1,primary,Oil_Rent_Intensive_Pre2016_ge15pct,Future_Period,train_to_2016__test_from_2017,Ridge,added_model_vs_strongest_benchmark,-0.006499999999999988,0.593
M1_Macro_vs_M2_Macro_Oil__primary__Oil_Rent_Intensive_Pre2016_ge15pct,Oil_Rents_GDP_Pct_lag1,primary,Oil_Rent_Intensive_Pre2016_ge15pct,Future_Period,train_to_2016__test_from_2017,Ridge,added_model_vs_strongest_benchmark,-0.005999999999999988,0.591
M1_Macro_vs_M2_Macro_Oil__primary__Oil_Rent_Intensive_Pre2016_ge15pct,Oil_Rents_GDP_Pct_lag1,primary,Oil_Rent_Intensive_Pre2016_ge15pct,Future_Period,train_to_2016__test_from_2017,Ridge,added_model_vs_strongest_benchmark,-0.0054999999999999875,0.586
M1_Macro_vs_M2_Macro_Oil__primary__Oil_Rent_Intensive_Pre2016_ge15pct,Oil_Rents_GDP_Pct_lag1,primary,Oil_Rent_Intensive_Pre2016_ge15pct,Future_Period,train_to_2016__test_from_2017,Ridge,added_model_vs_strongest_benchmark,-0.004999999999999987,0.584
M1_Macro_vs_M2_Macro_Oil__primary__Oil_Rent_Intensive_Pre2016_ge15pct,Oil_Rents_GDP_Pct_lag1,primary,Oil_Rent_Intensive_Pre2016_ge15pct,Future_Period,train_to_2016__test_from_2017,Ridge,added_model_vs_strongest_benchmark,-0.004499999999999987,0.583
M1_Macro_vs_M2_Macro_Oil__primary__Oil_Rent_Intensive_Pre2016_ge15pct,Oil_Rents_GDP_Pct_lag1,primary,Oil_Rent_Intensive_Pre2016_ge15pct,Future_Period,train_to_2016__test_from_2017,Ridge,added_model_vs_strongest_benchmark,-0.003999999999999986,0.579
M1_Macro_vs_M2_Macro_Oil__primary__Oil_Rent_Intensive_Pre2016_ge15pct,Oil_Rents_GDP_Pct_lag1,primary,Oil_Rent_Intensive_Pre2016_ge15pct,Future_Period,train_to_2016__test_from_2017,Ridge,added_model_vs_strongest_benchmark,-0.0034999999999999858,0.5775
M1_Macro_vs_M2_Macro_Oil__primary__Oil_Rent_Intensive_Pre2016_ge15pct,Oil_Rents_GDP_Pct_lag1,primary,Oil_Rent_Intensive_Pre2016_ge15pct,Future_Period,train_to_2016__test_from_2017,Ridge,added_model_vs_strongest_benchmark,-0.0029999999999999853,0.576
M1_Macro_vs_M2_Macro_Oil__primary__Oil_Rent_Intensive_Pre2016_ge15pct,Oil_Rents_GDP_Pct_lag1,primary,Oil_Rent_Intensive_Pre2016_ge15pct,Future_Period,train_to_2016__test_from_2017,Ridge,added_model_vs_strongest_benchmark,-0.002499999999999985,0.575
M1_Macro_vs_M2_Macro_Oil__primary__Oil_Rent_Intensive_Pre2016_ge15pct,Oil_Rents_GDP_Pct_lag1,primary,Oil_Rent_Intensive_Pre2016_ge15pct,Future_Period,train_to_2016__test_from_2017,Ridge,added_model_vs_strongest_benchmark,-0.0019999999999999844,0.573
M1_Macro_vs_M2_Macro_Oil__primary__Oil_Rent_Intensive_Pre2016_ge15pct,Oil_Rents_GDP_Pct_lag1,primary,Oil_Rent_Intensive_Pre2016_ge15pct,Future_Period,train_to_2016__test_from_2017,Ridge,added_model_vs_strongest_benchmark,-0.001499999999999984,0.5715
M1_Macro_vs_M2_Macro_Oil__primary__Oil_Rent_Intensive_Pre2016_ge15pct,Oil_Rents_GDP_Pct_lag1,primary,Oil_Rent_Intensive_Pre2016_ge15pct,Future_Period,train_to_2016__test_from_2017,Ridge,added_model_vs_strongest_benchmark,-0.0009999999999999835,0.57
M1_Macro_vs_M2_Macro_Oil__primary__Oil_Rent_Intensive_Pre2016_ge15pct,Oil_Rents_GDP_Pct_lag1,primary,Oil_Rent_Intensive_Pre2016_ge15pct,Future_Period,train_to_2016__test_from_2017,Ridge,added_model_vs_strongest_benchmark,-0.0004999999999999831,0.5675
M1_Macro_vs_M2_Macro_Oil__primary__Oil_Rent_Intensive_Pre2016_ge15pct,Oil_Rents_GDP_Pct_lag1,primary,Oil_Rent_Intensive_Pre2016_ge15pct,Future_Period,train_to_2016__test_from_2017,Ridge,added_model_vs_strongest_benchmark,1.734723475976807e-17,0.5655
M1_Macro_vs_M2_Macro_Oil__primary__Oil_Rent_Intensive_Pre2016_ge15pct,Oil_Rents_GDP_Pct_lag1,primary,Oil_Rent_Intensive_Pre2016_ge15pct,Future_Period,train_to_2016__test_from_2017,Ridge,added_model_vs_strongest_benchmark,0.0005000000000000178,0.564
M1_Macro_vs_M2_Macro_Oil__primary__Oil_Rent_Intensive_Pre2016_ge15pct,Oil_Rents_GDP_Pct_lag1,primary,Oil_Rent_Intensive_Pre2016_ge15pct,Future_Period,train_to_2016__test_from_2017,Ridge,added_model_vs_strongest_benchmark,0.0010000000000000182,0.563
M1_Macro_vs_M2_Macro_Oil__primary__Oil_Rent_Intensive_Pre2016_ge15pct,Oil_Rents_GDP_Pct_lag1,primary,Oil_Rent_Intensive_Pre2016_ge15pct,Future_Period,train_to_2016__test_from_2017,Ridge,added_model_vs_strongest_benchmark,0.0015000000000000187,0.5595
M1_Macro_vs_M2_Macro_Oil__primary__Oil_Rent_Intensive_Pre2016_ge15pct,Oil_Rents_GDP_Pct_lag1,primary,Oil_Rent_Intensive_Pre2016_ge15pct,Future_Period,train_to_2016__test_from_2017,Ridge,added_model_vs_strongest_benchmark,0.002000000000000019,0.5585
M1_Macro_vs_M2_Macro_Oil__primary__Oil_Rent_Intensive_Pre2016_ge15pct,Oil_Rents_GDP_Pct_lag1,primary,Oil_Rent_Intensive_Pre2016_ge15pct,Future_Period,train_to_2016__test_from_2017,Ridge,added_model_vs_strongest_benchmark,0.0025000000000000196,0.556
M1_Macro_vs_M2_Macro_Oil__primary__Oil_Rent_Intensive_Pre2016_ge15pct,Oil_Rents_GDP_Pct_lag1,primary,Oil_Rent_Intensive_Pre2016_ge15pct,Future_Period,train_to_2016__test_from_2017,Ridge,added_model_vs_strongest_benchmark,0.00300000000000002,0.5545
M1_Macro_vs_M2_Macro_Oil__primary__Oil_Rent_Intensive_Pre2016_ge15pct,Oil_Rents_GDP_Pct_lag1,primary,Oil_Rent_Intensive_Pre2016_ge15pct,Future_Period,train_to_2016__test_from_2017,Ridge,added_model_vs_strongest_benchmark,0.0035000000000000205,0.5535
M1_Macro_vs_M2_Macro_Oil__primary__Oil_Rent_Intensive_Pre2016_ge15pct,Oil_Rents_GDP_Pct_lag1,primary,Oil_Rent_Intensive_Pre2016_ge15pct,Future_Period,train_to_2016__test_from_2017,Ridge,added_model_vs_strongest_benchmark,0.004000000000000021,0.5515
M1_Macro_vs_M2_Macro_Oil__primary__Oil_Rent_Intensive_Pre2016_ge15pct,Oil_Rents_GDP_Pct_lag1,primary,Oil_Rent_Intensive_Pre2016_ge15pct,Future_Period,train_to_2016__test_from_2017,Ridge,added_model_vs_strongest_benchmark,0.004500000000000021,0.55
M1_Macro_vs_M2_Macro_Oil__primary__Oil_Rent_Intensive_Pre2016_ge15pct,Oil_Rents_GDP_Pct_lag1,primary,Oil_Rent_Intensive_Pre2016_ge15pct,Future_Period,train_to_2016__test_from_2017,Ridge,added_model_vs_strongest_benchmark,0.005000000000000022,0.547
M1_Macro_vs_M2_Macro_Oil__primary__Oil_Rent_Intensive_Pre2016_ge15pct,Oil_Rents_GDP_Pct_lag1,primary,Oil_Rent_Intensive_Pre2016_ge15pct,Future_Period,train_to_2016__test_from_2017,Ridge,added_model_vs_strongest_benchmark,0.005500000000000022,0.543
M1_Macro_vs_M2_Macro_Oil__primary__Oil_Rent_Intensive_Pre2016_ge15pct,Oil_Rents_GDP_Pct_lag1,primary,Oil_Rent_Intensive_Pre2016_ge15pct,Future_Period,train_to_2016__test_from_2017,Ridge,added_model_vs_strongest_benchmark,0.006000000000000023,0.5405
M1_Macro_vs_M2_Macro_Oil__primary__Oil_Rent_Intensive_Pre2016_ge15pct,Oil_Rents_GDP_Pct_lag1,primary,Oil_Rent_Intensive_Pre2016_ge15pct,Future_Period,train_to_2016__test_from_2017,Ridge,added_model_vs_strongest_benchmark,0.006500000000000023,0.54
M1_Macro_vs_M2_Macro_Oil__primary__Oil_Rent_Intensive_Pre2016_ge15pct,Oil_Rents_GDP_Pct_lag1,primary,Oil_Rent_Intensive_Pre2016_ge15pct,Future_Period,train_to_2016__test_from_2017,Ridge,added_model_vs_strongest_benchmark,0.0070000000000000236,0.539
M1_Macro_vs_M2_Macro_Oil__primary__Oil_Rent_Intensive_Pre2016_ge15pct,Oil_Rents_GDP_Pct_lag1,primary,Oil_Rent_Intensive_Pre2016_ge15pct,Future_Period,train_to_2016__test_from_2017,Ridge,added_model_vs_strongest_benchmark,0.007500000000000024,0.537
M1_Macro_vs_M2_Macro_Oil__primary__Oil_Rent_Intensive_Pre2016_ge15pct,Oil_Rents_GDP_Pct_lag1,primary,Oil_Rent_Intensive_Pre2016_ge15pct,Future_Period,train_to_2016__test_from_2017,Ridge,added_model_vs_strongest_benchmark,0.008000000000000024,0.535
M1_Macro_vs_M2_Macro_Oil__primary__Oil_Rent_Intensive_Pre2016_ge15pct,Oil_Rents_GDP_Pct_lag1,primary,Oil_Rent_Intensive_Pre2016_ge15pct,Future_Period,train_to_2016__test_from_2017,Ridge,added_model_vs_strongest_benchmark,0.008500000000000025,0.533
M1_Macro_vs_M2_Macro_Oil__primary__Oil_Rent_Intensive_Pre2016_ge15pct,Oil_Rents_GDP_Pct_lag1,primary,Oil_Rent_Intensive_Pre2016_ge15pct,Future_Period,train_to_2016__test_from_2017,Ridge,added_model_vs_strongest_benchmark,0.009000000000000025,0.5315
M1_Macro_vs_M2_Macro_Oil__primary__Oil_Rent_Intensive_Pre2016_ge15pct,Oil_Rents_GDP_Pct_lag1,primary,Oil_Rent_Intensive_Pre2016_ge15pct,Future_Period,train_to_2016__test_from_2017,Ridge,added_model_vs_strongest_benchmark,0.009500000000000026,0.531
M1_Macro_vs_M2_Macro_Oil__primary__Oil_Rent_Intensive_Pre2016_ge15pct,Oil_Rents_GDP_Pct_lag1,primary,Oil_Rent_Intensive_Pre2016_ge15pct,Future_Period,train_to_2016__test_from_2017,Ridge,added_model_vs_strongest_benchmark,0.010000000000000026,0.5285
M1_Macro_vs_M2_Macro_Oil__primary__Oil_Rent_Intensive_Pre2016_ge15pct,Oil_Rents_GDP_Pct_lag1,primary,Oil_Rent_Intensive_Pre2016_ge15pct,Future_Period,train_to_2016__test_from_2017,Ridge,added_model_vs_strongest_benchmark,0.010500000000000027,0.524
M1_Macro_vs_M2_Macro_Oil__primary__Oil_Rent_Intensive_Pre2016_ge15pct,Oil_Rents_GDP_Pct_lag1,primary,Oil_Rent_Intensive_Pre2016_ge15pct,Future_Period,train_to_2016__test_from_2017,Ridge,added_model_vs_strongest_benchmark,0.011000000000000027,0.5225
M1_Macro_vs_M2_Macro_Oil__primary__Oil_Rent_Intensive_Pre2016_ge15pct,Oil_Rents_GDP_Pct_lag1,primary,Oil_Rent_Intensive_Pre2016_ge15pct,Future_Period,train_to_2016__test_from_2017,Ridge,added_model_vs_strongest_benchmark,0.011500000000000028,0.5205
M1_Macro_vs_M2_Macro_Oil__primary__Oil_Rent_Intensive_Pre2016_ge15pct,Oil_Rents_GDP_Pct_lag1,primary,Oil_Rent_Intensive_Pre2016_ge15pct,Future_Period,train_to_2016__test_from_2017,Ridge,added_model_vs_strongest_benchmark,0.012000000000000028,0.5185
M1_Macro_vs_M2_Macro_Oil__primary__Oil_Rent_Intensive_Pre2016_ge15pct,Oil_Rents_GDP_Pct_lag1,primary,Oil_Rent_Intensive_Pre2016_ge15pct,Future_Period,train_to_2016__test_from_2017,Ridge,added_model_vs_strongest_benchmark,0.012500000000000028,0.5175
M1_Macro_vs_M2_Macro_Oil__primary__Oil_Rent_Intensive_Pre2016_ge15pct,Oil_Rents_GDP_Pct_lag1,primary,Oil_Rent_Intensive_Pre2016_ge15pct,Future_Period,train_to_2016__test_from_2017,Ridge,added_model_vs_strongest_benchmark,0.013000000000000029,0.5155
M1_Macro_vs_M2_Macro_Oil__primary__Oil_Rent_Intensive_Pre2016_ge15pct,Oil_Rents_GDP_Pct_lag1,primary,Oil_Rent_Intensive_Pre2016_ge15pct,Future_Period,train_to_2016__test_from_2017,Ridge,added_model_vs_strongest_benchmark,0.01350000000000003,0.5125
M1_Macro_vs_M2_Macro_Oil__primary__Oil_Rent_Intensive_Pre2016_ge15pct,Oil_Rents_GDP_Pct_lag1,primary,Oil_Rent_Intensive_Pre2016_ge15pct,Future_Period,train_to_2016__test_from_2017,Ridge,added_model_vs_strongest_benchmark,0.01400000000000003,0.511
M1_Macro_vs_M2_Macro_Oil__primary__Oil_Rent_Intensive_Pre2016_ge15pct,Oil_Rents_GDP_Pct_lag1,primary,Oil_Rent_Intensive_Pre2016_ge15pct,Future_Period,train_to_2016__test_from_2017,Ridge,added_model_vs_strongest_benchmark,0.01450000000000003,0.508
M1_Macro_vs_M2_Macro_Oil__primary__Oil_Rent_Intensive_Pre2016_ge15pct,Oil_Rents_GDP_Pct_lag1,primary,Oil_Rent_Intensive_Pre2016_ge15pct,Future_Period,train_to_2016__test_from_2017,Ridge,added_model_vs_strongest_benchmark,0.01500000000000003,0.507
M1_Macro_vs_M2_Macro_Oil__primary__Oil_Rent_Intensive_Pre2016_ge15pct,Oil_Rents_GDP_Pct_lag1,primary,Oil_Rent_Intensive_Pre2016_ge15pct,Future_Period,train_to_2016__test_from_2017,Ridge,added_model_vs_strongest_benchmark,0.015500000000000031,0.5045
M1_Macro_vs_M2_Macro_Oil__primary__Oil_Rent_Intensive_Pre2016_ge15pct,Oil_Rents_GDP_Pct_lag1,primary,Oil_Rent_Intensive_Pre2016_ge15pct,Future_Period,train_to_2016__test_from_2017,Ridge,added_model_vs_strongest_benchmark,0.01600000000000003,0.5015
M1_Macro_vs_M2_Macro_Oil__primary__Oil_Rent_Intensive_Pre2016_ge15pct,Oil_Rents_GDP_Pct_lag1,primary,Oil_Rent_Intensive_Pre2016_ge15pct,Future_Period,train_to_2016__test_from_2017,Ridge,added_model_vs_strongest_benchmark,0.016500000000000032,0.499
M1_Macro_vs_M2_Macro_Oil__primary__Oil_Rent_Intensive_Pre2016_ge15pct,Oil_Rents_GDP_Pct_lag1,primary,Oil_Rent_Intensive_Pre2016_ge15pct,Future_Period,train_to_2016__test_from_2017,Ridge,added_model_vs_strongest_benchmark,0.017000000000000032,0.498
M1_Macro_vs_M2_Macro_Oil__primary__Oil_Rent_Intensive_Pre2016_ge15pct,Oil_Rents_GDP_Pct_lag1,primary,Oil_Rent_Intensive_Pre2016_ge15pct,Future_Period,train_to_2016__test_from_2017,Ridge,added_model_vs_strongest_benchmark,0.017500000000000033,0.4955
M1_Macro_vs_M2_Macro_Oil__primary__Oil_Rent_Intensive_Pre2016_ge15pct,Oil_Rents_GDP_Pct_lag1,primary,Oil_Rent_Intensive_Pre2016_ge15pct,Future_Period,train_to_2016__test_from_2017,Ridge,added_model_vs_strongest_benchmark,0.018000000000000033,0.494
M1_Macro_vs_M2_Macro_Oil__primary__Oil_Rent_Intensive_Pre2016_ge15pct,Oil_Rents_GDP_Pct_lag1,primary,Oil_Rent_Intensive_Pre2016_ge15pct,Future_Period,train_to_2016__test_from_2017,Ridge,added_model_vs_strongest_benchmark,0.018500000000000034,0.4925
M1_Macro_vs_M2_Macro_Oil__primary__Oil_Rent_Intensive_Pre2016_ge15pct,Oil_Rents_GDP_Pct_lag1,primary,Oil_Rent_Intensive_Pre2016_ge15pct,Future_Period,train_to_2016__test_from_2017,Ridge,added_model_vs_strongest_benchmark,0.019000000000000034,0.4925
M1_Macro_vs_M2_Macro_Oil__primary__Oil_Rent_Intensive_Pre2016_ge15pct,Oil_Rents_GDP_Pct_lag1,primary,Oil_Rent_Intensive_Pre2016_ge15pct,Future_Period,train_to_2016__test_from_2017,Ridge,added_model_vs_strongest_benchmark,0.019500000000000035,0.4905
M1_Macro_vs_M2_Macro_Oil__primary__Oil_Rent_Intensive_Pre2016_ge15pct,Oil_Rents_GDP_Pct_lag1,primary,Oil_Rent_Intensive_Pre2016_ge15pct,Future_Period,train_to_2016__test_from_2017,Ridge,added_model_vs_strongest_benchmark,0.020000000000000035,0.4905
M1_Macro_vs_M2_Macro_Oil__primary__Oil_Rent_Intensive_Pre2016_ge15pct,Oil_Rents_GDP_Pct_lag1,primary,Oil_Rent_Intensive_Pre2016_ge15pct,Future_Period,train_to_2016__test_from_2017,Ridge,added_model_vs_strongest_benchmark,0.020500000000000036,0.4875
M1_Macro_vs_M2_Macro_Oil__primary__Oil_Rent_Intensive_Pre2016_ge15pct,Oil_Rents_GDP_Pct_lag1,primary,Oil_Rent_Intensive_Pre2016_ge15pct,Future_Period,train_to_2016__test_from_2017,Ridge,added_model_vs_strongest_benchmark,0.021000000000000036,0.4865
M1_Macro_vs_M2_Macro_Oil__primary__Oil_Rent_Intensive_Pre2016_ge15pct,Oil_Rents_GDP_Pct_lag1,primary,Oil_Rent_Intensive_Pre2016_ge15pct,Future_Period,train_to_2016__test_from_2017,Ridge,added_model_vs_strongest_benchmark,0.021500000000000036,0.4865
M1_Macro_vs_M2_Macro_Oil__primary__Oil_Rent_Intensive_Pre2016_ge15pct,Oil_Rents_GDP_Pct_lag1,primary,Oil_Rent_Intensive_Pre2016_ge15pct,Future_Period,train_to_2016__test_from_2017,Ridge,added_model_vs_strongest_benchmark,0.022000000000000037,0.4845
M1_Macro_vs_M2_Macro_Oil__primary__Oil_Rent_Intensive_Pre2016_ge15pct,Oil_Rents_GDP_Pct_lag1,primary,Oil_Rent_Intensive_Pre2016_ge15pct,Future_Period,train_to_2016__test_from_2017,Ridge,added_model_vs_strongest_benchmark,0.022500000000000037,0.4815
M1_Macro_vs_M2_Macro_Oil__primary__Oil_Rent_Intensive_Pre2016_ge15pct,Oil_Rents_GDP_Pct_lag1,primary,Oil_Rent_Intensive_Pre2016_ge15pct,Future_Period,train_to_2016__test_from_2017,Ridge,added_model_vs_strongest_benchmark,0.023000000000000038,0.48
M1_Macro_vs_M2_Macro_Oil__primary__Oil_Rent_Intensive_Pre2016_ge15pct,Oil_Rents_GDP_Pct_lag1,primary,Oil_Rent_Intensive_Pre2016_ge15pct,Future_Period,train_to_2016__test_from_2017,Ridge,added_model_vs_strongest_benchmark,0.023500000000000038,0.479
M1_Macro_vs_M2_Macro_Oil__primary__Oil_Rent_Intensive_Pre2016_ge15pct,Oil_Rents_GDP_Pct_lag1,primary,Oil_Rent_Intensive_Pre2016_ge15pct,Future_Period,train_to_2016__test_from_2017,Ridge,added_model_vs_strongest_benchmark,0.02400000000000004,0.477
M1_Macro_vs_M2_Macro_Oil__primary__Oil_Rent_Intensive_Pre2016_ge15pct,Oil_Rents_GDP_Pct_lag1,primary,Oil_Rent_Intensive_Pre2016_ge15pct,Future_Period,train_to_2016__test_from_2017,Ridge,added_model_vs_strongest_benchmark,0.02450000000000004,0.4745
M1_Macro_vs_M2_Macro_Oil__primary__Oil_Rent_Intensive_Pre2016_ge15pct,Oil_Rents_GDP_Pct_lag1,primary,Oil_Rent_Intensive_Pre2016_ge15pct,Future_Period,train_to_2016__test_from_2017,Ridge,added_model_vs_strongest_benchmark,0.02500000000000004,0.472
M1_Macro_vs_M2_Macro_Oil__primary__Oil_Rent_Intensive_Pre2016_ge15pct,Oil_Rents_GDP_Pct_lag1,primary,Oil_Rent_Intensive_Pre2016_ge15pct,Future_Period,train_to_2016__test_from_2017,Ridge,added_model_vs_strongest_benchmark,0.02550000000000004,0.469
M1_Macro_vs_M2_Macro_Oil__primary__Oil_Rent_Intensive_Pre2016_ge15pct,Oil_Rents_GDP_Pct_lag1,primary,Oil_Rent_Intensive_Pre2016_ge15pct,Future_Period,train_to_2016__test_from_2017,Ridge,added_model_vs_strongest_benchmark,0.02600000000000004,0.4675
M1_Macro_vs_M2_Macro_Oil__primary__Oil_Rent_Intensive_Pre2016_ge15pct,Oil_Rents_GDP_Pct_lag1,primary,Oil_Rent_Intensive_Pre2016_ge15pct,Future_Period,train_to_2016__test_from_2017,Ridge,added_model_vs_strongest_benchmark,0.02650000000000004,0.466
M1_Macro_vs_M2_Macro_Oil__primary__Oil_Rent_Intensive_Pre2016_ge15pct,Oil_Rents_GDP_Pct_lag1,primary,Oil_Rent_Intensive_Pre2016_ge15pct,Future_Period,train_to_2016__test_from_2017,Ridge,added_model_vs_strongest_benchmark,0.02700000000000004,0.4645
M1_Macro_vs_M2_Macro_Oil__primary__Oil_Rent_Intensive_Pre2016_ge15pct,Oil_Rents_GDP_Pct_lag1,primary,Oil_Rent_Intensive_Pre2016_ge15pct,Future_Period,train_to_2016__test_from_2017,Ridge,added_model_vs_strongest_benchmark,0.027500000000000042,0.464
M1_Macro_vs_M2_Macro_Oil__primary__Oil_Rent_Intensive_Pre2016_ge15pct,Oil_Rents_GDP_Pct_lag1,primary,Oil_Rent_Intensive_Pre2016_ge15pct,Future_Period,train_to_2016__test_from_2017,Ridge,added_model_vs_strongest_benchmark,0.028000000000000042,0.463
M1_Macro_vs_M2_Macro_Oil__primary__Oil_Rent_Intensive_Pre2016_ge15pct,Oil_Rents_GDP_Pct_lag1,primary,Oil_Rent_Intensive_Pre2016_ge15pct,Future_Period,train_to_2016__test_from_2017,Ridge,added_model_vs_strongest_benchmark,0.028500000000000043,0.4615
M1_Macro_vs_M2_Macro_Oil__primary__Oil_Rent_Intensive_Pre2016_ge15pct,Oil_Rents_GDP_Pct_lag1,primary,Oil_Rent_Intensive_Pre2016_ge15pct,Future_Period,train_to_2016__test_from_2017,Ridge,added_model_vs_strongest_benchmark,0.029000000000000043,0.4605
M1_Macro_vs_M2_Macro_Oil__primary__Oil_Rent_Intensive_Pre2016_ge15pct,Oil_Rents_GDP_Pct_lag1,primary,Oil_Rent_Intensive_Pre2016_ge15pct,Future_Period,train_to_2016__test_from_2017,Ridge,added_model_vs_strongest_benchmark,0.029500000000000044,0.459
M1_Macro_vs_M2_Macro_Oil__primary__Oil_Rent_Intensive_Pre2016_ge15pct,Oil_Rents_GDP_Pct_lag1,primary,Oil_Rent_Intensive_Pre2016_ge15pct,Future_Period,train_to_2016__test_from_2017,Ridge,added_model_vs_strongest_benchmark,0.030000000000000044,0.4575
M1_Macro_vs_M2_Macro_Oil__primary__Oil_Rent_Intensive_Pre2016_ge15pct,Oil_Rents_GDP_Pct_lag1,primary,Oil_Rent_Intensive_Pre2016_ge15pct,Future_Period,train_to_2016__test_from_2017,ElasticNet,signal_increment,-0.02,0.998
M1_Macro_vs_M2_Macro_Oil__primary__Oil_Rent_Intensive_Pre2016_ge15pct,Oil_Rents_GDP_Pct_lag1,primary,Oil_Rent_Intensive_Pre2016_ge15pct,Future_Period,train_to_2016__test_from_2017,ElasticNet,signal_increment,-0.0195,0.9965
M1_Macro_vs_M2_Macro_Oil__primary__Oil_Rent_Intensive_Pre2016_ge15pct,Oil_Rents_GDP_Pct_lag1,primary,Oil_Rent_Intensive_Pre2016_ge15pct,Future_Period,train_to_2016__test_from_2017,ElasticNet,signal_increment,-0.019,0.9965
M1_Macro_vs_M2_Macro_Oil__primary__Oil_Rent_Intensive_Pre2016_ge15pct,Oil_Rents_GDP_Pct_lag1,primary,Oil_Rent_Intensive_Pre2016_ge15pct,Future_Period,train_to_2016__test_from_2017,ElasticNet,signal_increment,-0.0185,0.9945
M1_Macro_vs_M2_Macro_Oil__primary__Oil_Rent_Intensive_Pre2016_ge15pct,Oil_Rents_GDP_Pct_lag1,primary,Oil_Rent_Intensive_Pre2016_ge15pct,Future_Period,train_to_2016__test_from_2017,ElasticNet,signal_increment,-0.018,0.9935
M1_Macro_vs_M2_Macro_Oil__primary__Oil_Rent_Intensive_Pre2016_ge15pct,Oil_Rents_GDP_Pct_lag1,primary,Oil_Rent_Intensive_Pre2016_ge15pct,Future_Period,train_to_2016__test_from_2017,ElasticNet,signal_increment,-0.017499999999999998,0.9915
M1_Macro_vs_M2_Macro_Oil__primary__Oil_Rent_Intensive_Pre2016_ge15pct,Oil_Rents_GDP_Pct_lag1,primary,Oil_Rent_Intensive_Pre2016_ge15pct,Future_Period,train_to_2016__test_from_2017,ElasticNet,signal_increment,-0.016999999999999998,0.988
M1_Macro_vs_M2_Macro_Oil__primary__Oil_Rent_Intensive_Pre2016_ge15pct,Oil_Rents_GDP_Pct_lag1,primary,Oil_Rent_Intensive_Pre2016_ge15pct,Future_Period,train_to_2016__test_from_2017,ElasticNet,signal_increment,-0.016499999999999997,0.986
M1_Macro_vs_M2_Macro_Oil__primary__Oil_Rent_Intensive_Pre2016_ge15pct,Oil_Rents_GDP_Pct_lag1,primary,Oil_Rent_Intensive_Pre2016_ge15pct,Future_Period,train_to_2016__test_from_2017,ElasticNet,signal_increment,-0.015999999999999997,0.9825
M1_Macro_vs_M2_Macro_Oil__primary__Oil_Rent_Intensive_Pre2016_ge15pct,Oil_Rents_GDP_Pct_lag1,primary,Oil_Rent_Intensive_Pre2016_ge15pct,Future_Period,train_to_2016__test_from_2017,ElasticNet,signal_increment,-0.015499999999999996,0.979
M1_Macro_vs_M2_Macro_Oil__primary__Oil_Rent_Intensive_Pre2016_ge15pct,Oil_Rents_GDP_Pct_lag1,primary,Oil_Rent_Intensive_Pre2016_ge15pct,Future_Period,train_to_2016__test_from_2017,ElasticNet,signal_increment,-0.014999999999999996,0.975
M1_Macro_vs_M2_Macro_Oil__primary__Oil_Rent_Intensive_Pre2016_ge15pct,Oil_Rents_GDP_Pct_lag1,primary,Oil_Rent_Intensive_Pre2016_ge15pct,Future_Period,train_to_2016__test_from_2017,ElasticNet,signal_increment,-0.014499999999999996,0.9695
M1_Macro_vs_M2_Macro_Oil__primary__Oil_Rent_Intensive_Pre2016_ge15pct,Oil_Rents_GDP_Pct_lag1,primary,Oil_Rent_Intensive_Pre2016_ge15pct,Future_Period,train_to_2016__test_from_2017,ElasticNet,signal_increment,-0.013999999999999995,0.964
M1_Macro_vs_M2_Macro_Oil__primary__Oil_Rent_Intensive_Pre2016_ge15pct,Oil_Rents_GDP_Pct_lag1,primary,Oil_Rent_Intensive_Pre2016_ge15pct,Future_Period,train_to_2016__test_from_2017,ElasticNet,signal_increment,-0.013499999999999995,0.9535
M1_Macro_vs_M2_Macro_Oil__primary__Oil_Rent_Intensive_Pre2016_ge15pct,Oil_Rents_GDP_Pct_lag1,primary,Oil_Rent_Intensive_Pre2016_ge15pct,Future_Period,train_to_2016__test_from_2017,ElasticNet,signal_increment,-0.012999999999999994,0.9455
M1_Macro_vs_M2_Macro_Oil__primary__Oil_Rent_Intensive_Pre2016_ge15pct,Oil_Rents_GDP_Pct_lag1,primary,Oil_Rent_Intensive_Pre2016_ge15pct,Future_Period,train_to_2016__test_from_2017,ElasticNet,signal_increment,-0.012499999999999994,0.94
M1_Macro_vs_M2_Macro_Oil__primary__Oil_Rent_Intensive_Pre2016_ge15pct,Oil_Rents_GDP_Pct_lag1,primary,Oil_Rent_Intensive_Pre2016_ge15pct,Future_Period,train_to_2016__test_from_2017,ElasticNet,signal_increment,-0.011999999999999993,0.9335
M1_Macro_vs_M2_Macro_Oil__primary__Oil_Rent_Intensive_Pre2016_ge15pct,Oil_Rents_GDP_Pct_lag1,primary,Oil_Rent_Intensive_Pre2016_ge15pct,Future_Period,train_to_2016__test_from_2017,ElasticNet,signal_increment,-0.011499999999999993,0.9205
M1_Macro_vs_M2_Macro_Oil__primary__Oil_Rent_Intensive_Pre2016_ge15pct,Oil_Rents_GDP_Pct_lag1,primary,Oil_Rent_Intensive_Pre2016_ge15pct,Future_Period,train_to_2016__test_from_2017,ElasticNet,signal_increment,-0.010999999999999992,0.907
M1_Macro_vs_M2_Macro_Oil__primary__Oil_Rent_Intensive_Pre2016_ge15pct,Oil_Rents_GDP_Pct_lag1,primary,Oil_Rent_Intensive_Pre2016_ge15pct,Future_Period,train_to_2016__test_from_2017,ElasticNet,signal_increment,-0.010499999999999992,0.8955
M1_Macro_vs_M2_Macro_Oil__primary__Oil_Rent_Intensive_Pre2016_ge15pct,Oil_Rents_GDP_Pct_lag1,primary,Oil_Rent_Intensive_Pre2016_ge15pct,Future_Period,train_to_2016__test_from_2017,ElasticNet,signal_increment,-0.009999999999999992,0.879
M1_Macro_vs_M2_Macro_Oil__primary__Oil_Rent_Intensive_Pre2016_ge15pct,Oil_Rents_GDP_Pct_lag1,primary,Oil_Rent_Intensive_Pre2016_ge15pct,Future_Period,train_to_2016__test_from_2017,ElasticNet,signal_increment,-0.009499999999999991,0.8625
M1_Macro_vs_M2_Macro_Oil__primary__Oil_Rent_Intensive_Pre2016_ge15pct,Oil_Rents_GDP_Pct_lag1,primary,Oil_Rent_Intensive_Pre2016_ge15pct,Future_Period,train_to_2016__test_from_2017,ElasticNet,signal_increment,-0.00899999999999999,0.8395
M1_Macro_vs_M2_Macro_Oil__primary__Oil_Rent_Intensive_Pre2016_ge15pct,Oil_Rents_GDP_Pct_lag1,primary,Oil_Rent_Intensive_Pre2016_ge15pct,Future_Period,train_to_2016__test_from_2017,ElasticNet,signal_increment,-0.00849999999999999,0.8225
M1_Macro_vs_M2_Macro_Oil__primary__Oil_Rent_Intensive_Pre2016_ge15pct,Oil_Rents_GDP_Pct_lag1,primary,Oil_Rent_Intensive_Pre2016_ge15pct,Future_Period,train_to_2016__test_from_2017,ElasticNet,signal_increment,-0.00799999999999999,0.8015
M1_Macro_vs_M2_Macro_Oil__primary__Oil_Rent_Intensive_Pre2016_ge15pct,Oil_Rents_GDP_Pct_lag1,primary,Oil_Rent_Intensive_Pre2016_ge15pct,Future_Period,train_to_2016__test_from_2017,ElasticNet,signal_increment,-0.007499999999999989,0.7765
M1_Macro_vs_M2_Macro_Oil__primary__Oil_Rent_Intensive_Pre2016_ge15pct,Oil_Rents_GDP_Pct_lag1,primary,Oil_Rent_Intensive_Pre2016_ge15pct,Future_Period,train_to_2016__test_from_2017,ElasticNet,signal_increment,-0.006999999999999989,0.749
M1_Macro_vs_M2_Macro_Oil__primary__Oil_Rent_Intensive_Pre2016_ge15pct,Oil_Rents_GDP_Pct_lag1,primary,Oil_Rent_Intensive_Pre2016_ge15pct,Future_Period,train_to_2016__test_from_2017,ElasticNet,signal_increment,-0.006499999999999988,0.722
M1_Macro_vs_M2_Macro_Oil__primary__Oil_Rent_Intensive_Pre2016_ge15pct,Oil_Rents_GDP_Pct_lag1,primary,Oil_Rent_Intensive_Pre2016_ge15pct,Future_Period,train_to_2016__test_from_2017,ElasticNet,signal_increment,-0.005999999999999988,0.697
M1_Macro_vs_M2_Macro_Oil__primary__Oil_Rent_Intensive_Pre2016_ge15pct,Oil_Rents_GDP_Pct_lag1,primary,Oil_Rent_Intensive_Pre2016_ge15pct,Future_Period,train_to_2016__test_from_2017,ElasticNet,signal_increment,-0.0054999999999999875,0.6725
M1_Macro_vs_M2_Macro_Oil__primary__Oil_Rent_Intensive_Pre2016_ge15pct,Oil_Rents_GDP_Pct_lag1,primary,Oil_Rent_Intensive_Pre2016_ge15pct,Future_Period,train_to_2016__test_from_2017,ElasticNet,signal_increment,-0.004999999999999987,0.638
M1_Macro_vs_M2_Macro_Oil__primary__Oil_Rent_Intensive_Pre2016_ge15pct,Oil_Rents_GDP_Pct_lag1,primary,Oil_Rent_Intensive_Pre2016_ge15pct,Future_Period,train_to_2016__test_from_2017,ElasticNet,signal_increment,-0.004499999999999987,0.6045
M1_Macro_vs_M2_Macro_Oil__primary__Oil_Rent_Intensive_Pre2016_ge15pct,Oil_Rents_GDP_Pct_lag1,primary,Oil_Rent_Intensive_Pre2016_ge15pct,Future_Period,train_to_2016__test_from_2017,ElasticNet,signal_increment,-0.003999999999999986,0.571
M1_Macro_vs_M2_Macro_Oil__primary__Oil_Rent_Intensive_Pre2016_ge15pct,Oil_Rents_GDP_Pct_lag1,primary,Oil_Rent_Intensive_Pre2016_ge15pct,Future_Period,train_to_2016__test_from_2017,ElasticNet,signal_increment,-0.0034999999999999858,0.537
M1_Macro_vs_M2_Macro_Oil__primary__Oil_Rent_Intensive_Pre2016_ge15pct,Oil_Rents_GDP_Pct_lag1,primary,Oil_Rent_Intensive_Pre2016_ge15pct,Future_Period,train_to_2016__test_from_2017,ElasticNet,signal_increment,-0.0029999999999999853,0.508
M1_Macro_vs_M2_Macro_Oil__primary__Oil_Rent_Intensive_Pre2016_ge15pct,Oil_Rents_GDP_Pct_lag1,primary,Oil_Rent_Intensive_Pre2016_ge15pct,Future_Period,train_to_2016__test_from_2017,ElasticNet,signal_increment,-0.002499999999999985,0.4735
M1_Macro_vs_M2_Macro_Oil__primary__Oil_Rent_Intensive_Pre2016_ge15pct,Oil_Rents_GDP_Pct_lag1,primary,Oil_Rent_Intensive_Pre2016_ge15pct,Future_Period,train_to_2016__test_from_2017,ElasticNet,signal_increment,-0.0019999999999999844,0.4395
M1_Macro_vs_M2_Macro_Oil__primary__Oil_Rent_Intensive_Pre2016_ge15pct,Oil_Rents_GDP_Pct_lag1,primary,Oil_Rent_Intensive_Pre2016_ge15pct,Future_Period,train_to_2016__test_from_2017,ElasticNet,signal_increment,-0.001499999999999984,0.4095
M1_Macro_vs_M2_Macro_Oil__primary__Oil_Rent_Intensive_Pre2016_ge15pct,Oil_Rents_GDP_Pct_lag1,primary,Oil_Rent_Intensive_Pre2016_ge15pct,Future_Period,train_to_2016__test_from_2017,ElasticNet,signal_increment,-0.0009999999999999835,0.377
M1_Macro_vs_M2_Macro_Oil__primary__Oil_Rent_Intensive_Pre2016_ge15pct,Oil_Rents_GDP_Pct_lag1,primary,Oil_Rent_Intensive_Pre2016_ge15pct,Future_Period,train_to_2016__test_from_2017,ElasticNet,signal_increment,-0.0004999999999999831,0.342
M1_Macro_vs_M2_Macro_Oil__primary__Oil_Rent_Intensive_Pre2016_ge15pct,Oil_Rents_GDP_Pct_lag1,primary,Oil_Rent_Intensive_Pre2016_ge15pct,Future_Period,train_to_2016__test_from_2017,ElasticNet,signal_increment,1.734723475976807e-17,0.3075
M1_Macro_vs_M2_Macro_Oil__primary__Oil_Rent_Intensive_Pre2016_ge15pct,Oil_Rents_GDP_Pct_lag1,primary,Oil_Rent_Intensive_Pre2016_ge15pct,Future_Period,train_to_2016__test_from_2017,ElasticNet,signal_increment,0.0005000000000000178,0.285
M1_Macro_vs_M2_Macro_Oil__primary__Oil_Rent_Intensive_Pre2016_ge15pct,Oil_Rents_GDP_Pct_lag1,primary,Oil_Rent_Intensive_Pre2016_ge15pct,Future_Period,train_to_2016__test_from_2017,ElasticNet,signal_increment,0.0010000000000000182,0.2525
M1_Macro_vs_M2_Macro_Oil__primary__Oil_Rent_Intensive_Pre2016_ge15pct,Oil_Rents_GDP_Pct_lag1,primary,Oil_Rent_Intensive_Pre2016_ge15pct,Future_Period,train_to_2016__test_from_2017,ElasticNet,signal_increment,0.0015000000000000187,0.229
M1_Macro_vs_M2_Macro_Oil__primary__Oil_Rent_Intensive_Pre2016_ge15pct,Oil_Rents_GDP_Pct_lag1,primary,Oil_Rent_Intensive_Pre2016_ge15pct,Future_Period,train_to_2016__test_from_2017,ElasticNet,signal_increment,0.002000000000000019,0.2095
M1_Macro_vs_M2_Macro_Oil__primary__Oil_Rent_Intensive_Pre2016_ge15pct,Oil_Rents_GDP_Pct_lag1,primary,Oil_Rent_Intensive_Pre2016_ge15pct,Future_Period,train_to_2016__test_from_2017,ElasticNet,signal_increment,0.0025000000000000196,0.186
M1_Macro_vs_M2_Macro_Oil__primary__Oil_Rent_Intensive_Pre2016_ge15pct,Oil_Rents_GDP_Pct_lag1,primary,Oil_Rent_Intensive_Pre2016_ge15pct,Future_Period,train_to_2016__test_from_2017,ElasticNet,signal_increment,0.00300000000000002,0.167
M1_Macro_vs_M2_Macro_Oil__primary__Oil_Rent_Intensive_Pre2016_ge15pct,Oil_Rents_GDP_Pct_lag1,primary,Oil_Rent_Intensive_Pre2016_ge15pct,Future_Period,train_to_2016__test_from_2017,ElasticNet,signal_increment,0.0035000000000000205,0.1455
M1_Macro_vs_M2_Macro_Oil__primary__Oil_Rent_Intensive_Pre2016_ge15pct,Oil_Rents_GDP_Pct_lag1,primary,Oil_Rent_Intensive_Pre2016_ge15pct,Future_Period,train_to_2016__test_from_2017,ElasticNet,signal_increment,0.004000000000000021,0.1285
M1_Macro_vs_M2_Macro_Oil__primary__Oil_Rent_Intensive_Pre2016_ge15pct,Oil_Rents_GDP_Pct_lag1,primary,Oil_Rent_Intensive_Pre2016_ge15pct,Future_Period,train_to_2016__test_from_2017,ElasticNet,signal_increment,0.004500000000000021,0.108
M1_Macro_vs_M2_Macro_Oil__primary__Oil_Rent_Intensive_Pre2016_ge15pct,Oil_Rents_GDP_Pct_lag1,primary,Oil_Rent_Intensive_Pre2016_ge15pct,Future_Period,train_to_2016__test_from_2017,ElasticNet,signal_increment,0.005000000000000022,0.0915
M1_Macro_vs_M2_Macro_Oil__primary__Oil_Rent_Intensive_Pre2016_ge15pct,Oil_Rents_GDP_Pct_lag1,primary,Oil_Rent_Intensive_Pre2016_ge15pct,Future_Period,train_to_2016__test_from_2017,ElasticNet,signal_increment,0.005500000000000022,0.085
M1_Macro_vs_M2_Macro_Oil__primary__Oil_Rent_Intensive_Pre2016_ge15pct,Oil_Rents_GDP_Pct_lag1,primary,Oil_Rent_Intensive_Pre2016_ge15pct,Future_Period,train_to_2016__test_from_2017,ElasticNet,signal_increment,0.006000000000000023,0.0705
M1_Macro_vs_M2_Macro_Oil__primary__Oil_Rent_Intensive_Pre2016_ge15pct,Oil_Rents_GDP_Pct_lag1,primary,Oil_Rent_Intensive_Pre2016_ge15pct,Future_Period,train_to_2016__test_from_2017,ElasticNet,signal_increment,0.006500000000000023,0.061
M1_Macro_vs_M2_Macro_Oil__primary__Oil_Rent_Intensive_Pre2016_ge15pct,Oil_Rents_GDP_Pct_lag1,primary,Oil_Rent_Intensive_Pre2016_ge15pct,Future_Period,train_to_2016__test_from_2017,ElasticNet,signal_increment,0.0070000000000000236,0.052
M1_Macro_vs_M2_Macro_Oil__primary__Oil_Rent_Intensive_Pre2016_ge15pct,Oil_Rents_GDP_Pct_lag1,primary,Oil_Rent_Intensive_Pre2016_ge15pct,Future_Period,train_to_2016__test_from_2017,ElasticNet,signal_increment,0.007500000000000024,0.043
M1_Macro_vs_M2_Macro_Oil__primary__Oil_Rent_Intensive_Pre2016_ge15pct,Oil_Rents_GDP_Pct_lag1,primary,Oil_Rent_Intensive_Pre2016_ge15pct,Future_Period,train_to_2016__test_from_2017,ElasticNet,signal_increment,0.008000000000000024,0.0375
M1_Macro_vs_M2_Macro_Oil__primary__Oil_Rent_Intensive_Pre2016_ge15pct,Oil_Rents_GDP_Pct_lag1,primary,Oil_Rent_Intensive_Pre2016_ge15pct,Future_Period,train_to_2016__test_from_2017,ElasticNet,signal_increment,0.008500000000000025,0.0335
M1_Macro_vs_M2_Macro_Oil__primary__Oil_Rent_Intensive_Pre2016_ge15pct,Oil_Rents_GDP_Pct_lag1,primary,Oil_Rent_Intensive_Pre2016_ge15pct,Future_Period,train_to_2016__test_from_2017,ElasticNet,signal_increment,0.009000000000000025,0.028
M1_Macro_vs_M2_Macro_Oil__primary__Oil_Rent_Intensive_Pre2016_ge15pct,Oil_Rents_GDP_Pct_lag1,primary,Oil_Rent_Intensive_Pre2016_ge15pct,Future_Period,train_to_2016__test_from_2017,ElasticNet,signal_increment,0.009500000000000026,0.0235
M1_Macro_vs_M2_Macro_Oil__primary__Oil_Rent_Intensive_Pre2016_ge15pct,Oil_Rents_GDP_Pct_lag1,primary,Oil_Rent_Intensive_Pre2016_ge15pct,Future_Period,train_to_2016__test_from_2017,ElasticNet,signal_increment,0.010000000000000026,0.0205
M1_Macro_vs_M2_Macro_Oil__primary__Oil_Rent_Intensive_Pre2016_ge15pct,Oil_Rents_GDP_Pct_lag1,primary,Oil_Rent_Intensive_Pre2016_ge15pct,Future_Period,train_to_2016__test_from_2017,ElasticNet,signal_increment,0.010500000000000027,0.0155
M1_Macro_vs_M2_Macro_Oil__primary__Oil_Rent_Intensive_Pre2016_ge15pct,Oil_Rents_GDP_Pct_lag1,primary,Oil_Rent_Intensive_Pre2016_ge15pct,Future_Period,train_to_2016__test_from_2017,ElasticNet,signal_increment,0.011000000000000027,0.014
M1_Macro_vs_M2_Macro_Oil__primary__Oil_Rent_Intensive_Pre2016_ge15pct,Oil_Rents_GDP_Pct_lag1,primary,Oil_Rent_Intensive_Pre2016_ge15pct,Future_Period,train_to_2016__test_from_2017,ElasticNet,signal_increment,0.011500000000000028,0.011
M1_Macro_vs_M2_Macro_Oil__primary__Oil_Rent_Intensive_Pre2016_ge15pct,Oil_Rents_GDP_Pct_lag1,primary,Oil_Rent_Intensive_Pre2016_ge15pct,Future_Period,train_to_2016__test_from_2017,ElasticNet,signal_increment,0.012000000000000028,0.0085
M1_Macro_vs_M2_Macro_Oil__primary__Oil_Rent_Intensive_Pre2016_ge15pct,Oil_Rents_GDP_Pct_lag1,primary,Oil_Rent_Intensive_Pre2016_ge15pct,Future_Period,train_to_2016__test_from_2017,ElasticNet,signal_increment,0.012500000000000028,0.0065
M1_Macro_vs_M2_Macro_Oil__primary__Oil_Rent_Intensive_Pre2016_ge15pct,Oil_Rents_GDP_Pct_lag1,primary,Oil_Rent_Intensive_Pre2016_ge15pct,Future_Period,train_to_2016__test_from_2017,ElasticNet,signal_increment,0.013000000000000029,0.0055
M1_Macro_vs_M2_Macro_Oil__primary__Oil_Rent_Intensive_Pre2016_ge15pct,Oil_Rents_GDP_Pct_lag1,primary,Oil_Rent_Intensive_Pre2016_ge15pct,Future_Period,train_to_2016__test_from_2017,ElasticNet,signal_increment,0.01350000000000003,0.005
M1_Macro_vs_M2_Macro_Oil__primary__Oil_Rent_Intensive_Pre2016_ge15pct,Oil_Rents_GDP_Pct_lag1,primary,Oil_Rent_Intensive_Pre2016_ge15pct,Future_Period,train_to_2016__test_from_2017,ElasticNet,signal_increment,0.01400000000000003,0.004
M1_Macro_vs_M2_Macro_Oil__primary__Oil_Rent_Intensive_Pre2016_ge15pct,Oil_Rents_GDP_Pct_lag1,primary,Oil_Rent_Intensive_Pre2016_ge15pct,Future_Period,train_to_2016__test_from_2017,ElasticNet,signal_increment,0.01450000000000003,0.0035
M1_Macro_vs_M2_Macro_Oil__primary__Oil_Rent_Intensive_Pre2016_ge15pct,Oil_Rents_GDP_Pct_lag1,primary,Oil_Rent_Intensive_Pre2016_ge15pct,Future_Period,train_to_2016__test_from_2017,ElasticNet,signal_increment,0.01500000000000003,0.003
M1_Macro_vs_M2_Macro_Oil__primary__Oil_Rent_Intensive_Pre2016_ge15pct,Oil_Rents_GDP_Pct_lag1,primary,Oil_Rent_Intensive_Pre2016_ge15pct,Future_Period,train_to_2016__test_from_2017,ElasticNet,signal_increment,0.015500000000000031,0.002
M1_Macro_vs_M2_Macro_Oil__primary__Oil_Rent_Intensive_Pre2016_ge15pct,Oil_Rents_GDP_Pct_lag1,primary,Oil_Rent_Intensive_Pre2016_ge15pct,Future_Period,train_to_2016__test_from_2017,ElasticNet,signal_increment,0.01600000000000003,0.0015
M1_Macro_vs_M2_Macro_Oil__primary__Oil_Rent_Intensive_Pre2016_ge15pct,Oil_Rents_GDP_Pct_lag1,primary,Oil_Rent_Intensive_Pre2016_ge15pct,Future_Period,train_to_2016__test_from_2017,ElasticNet,signal_increment,0.016500000000000032,0.001
M1_Macro_vs_M2_Macro_Oil__primary__Oil_Rent_Intensive_Pre2016_ge15pct,Oil_Rents_GDP_Pct_lag1,primary,Oil_Rent_Intensive_Pre2016_ge15pct,Future_Period,train_to_2016__test_from_2017,ElasticNet,signal_increment,0.017000000000000032,0.001
M1_Macro_vs_M2_Macro_Oil__primary__Oil_Rent_Intensive_Pre2016_ge15pct,Oil_Rents_GDP_Pct_lag1,primary,Oil_Rent_Intensive_Pre2016_ge15pct,Future_Period,train_to_2016__test_from_2017,ElasticNet,signal_increment,0.017500000000000033,0.001
M1_Macro_vs_M2_Macro_Oil__primary__Oil_Rent_Intensive_Pre2016_ge15pct,Oil_Rents_GDP_Pct_lag1,primary,Oil_Rent_Intensive_Pre2016_ge15pct,Future_Period,train_to_2016__test_from_2017,ElasticNet,signal_increment,0.018000000000000033,0.001
M1_Macro_vs_M2_Macro_Oil__primary__Oil_Rent_Intensive_Pre2016_ge15pct,Oil_Rents_GDP_Pct_lag1,primary,Oil_Rent_Intensive_Pre2016_ge15pct,Future_Period,train_to_2016__test_from_2017,ElasticNet,signal_increment,0.018500000000000034,0.0005
M1_Macro_vs_M2_Macro_Oil__primary__Oil_Rent_Intensive_Pre2016_ge15pct,Oil_Rents_GDP_Pct_lag1,primary,Oil_Rent_Intensive_Pre2016_ge15pct,Future_Period,train_to_2016__test_from_2017,ElasticNet,signal_increment,0.019000000000000034,0.0005
M1_Macro_vs_M2_Macro_Oil__primary__Oil_Rent_Intensive_Pre2016_ge15pct,Oil_Rents_GDP_Pct_lag1,primary,Oil_Rent_Intensive_Pre2016_ge15pct,Future_Period,train_to_2016__test_from_2017,ElasticNet,signal_increment,0.019500000000000035,0.0005
M1_Macro_vs_M2_Macro_Oil__primary__Oil_Rent_Intensive_Pre2016_ge15pct,Oil_Rents_GDP_Pct_lag1,primary,Oil_Rent_Intensive_Pre2016_ge15pct,Future_Period,train_to_2016__test_from_2017,ElasticNet,signal_increment,0.020000000000000035,0.0005
M1_Macro_vs_M2_Macro_Oil__primary__Oil_Rent_Intensive_Pre2016_ge15pct,Oil_Rents_GDP_Pct_lag1,primary,Oil_Rent_Intensive_Pre2016_ge15pct,Future_Period,train_to_2016__test_from_2017,ElasticNet,signal_increment,0.020500000000000036,0.0005
M1_Macro_vs_M2_Macro_Oil__primary__Oil_Rent_Intensive_Pre2016_ge15pct,Oil_Rents_GDP_Pct_lag1,primary,Oil_Rent_Intensive_Pre2016_ge15pct,Future_Period,train_to_2016__test_from_2017,ElasticNet,signal_increment,0.021000000000000036,0.0005
M1_Macro_vs_M2_Macro_Oil__primary__Oil_Rent_Intensive_Pre2016_ge15pct,Oil_Rents_GDP_Pct_lag1,primary,Oil_Rent_Intensive_Pre2016_ge15pct,Future_Period,train_to_2016__test_from_2017,ElasticNet,signal_increment,0.021500000000000036,0.0005
M1_Macro_vs_M2_Macro_Oil__primary__Oil_Rent_Intensive_Pre2016_ge15pct,Oil_Rents_GDP_Pct_lag1,primary,Oil_Rent_Intensive_Pre2016_ge15pct,Future_Period,train_to_2016__test_from_2017,ElasticNet,signal_increment,0.022000000000000037,0.0
M1_Macro_vs_M2_Macro_Oil__primary__Oil_Rent_Intensive_Pre2016_ge15pct,Oil_Rents_GDP_Pct_lag1,primary,Oil_Rent_Intensive_Pre2016_ge15pct,Future_Period,train_to_2016__test_from_2017,ElasticNet,signal_increment,0.022500000000000037,0.0
M1_Macro_vs_M2_Macro_Oil__primary__Oil_Rent_Intensive_Pre2016_ge15pct,Oil_Rents_GDP_Pct_lag1,primary,Oil_Rent_Intensive_Pre2016_ge15pct,Future_Period,train_to_2016__test_from_2017,ElasticNet,signal_increment,0.023000000000000038,0.0
M1_Macro_vs_M2_Macro_Oil__primary__Oil_Rent_Intensive_Pre2016_ge15pct,Oil_Rents_GDP_Pct_lag1,primary,Oil_Rent_Intensive_Pre2016_ge15pct,Future_Period,train_to_2016__test_from_2017,ElasticNet,signal_increment,0.023500000000000038,0.0
M1_Macro_vs_M2_Macro_Oil__primary__Oil_Rent_Intensive_Pre2016_ge15pct,Oil_Rents_GDP_Pct_lag1,primary,Oil_Rent_Intensive_Pre2016_ge15pct,Future_Period,train_to_2016__test_from_2017,ElasticNet,signal_increment,0.02400000000000004,0.0
M1_Macro_vs_M2_Macro_Oil__primary__Oil_Rent_Intensive_Pre2016_ge15pct,Oil_Rents_GDP_Pct_lag1,primary,Oil_Rent_Intensive_Pre2016_ge15pct,Future_Period,train_to_2016__test_from_2017,ElasticNet,signal_increment,0.02450000000000004,0.0
M1_Macro_vs_M2_Macro_Oil__primary__Oil_Rent_Intensive_Pre2016_ge15pct,Oil_Rents_GDP_Pct_lag1,primary,Oil_Rent_Intensive_Pre2016_ge15pct,Future_Period,train_to_2016__test_from_2017,ElasticNet,signal_increment,0.02500000000000004,0.0
M1_Macro_vs_M2_Macro_Oil__primary__Oil_Rent_Intensive_Pre2016_ge15pct,Oil_Rents_GDP_Pct_lag1,primary,Oil_Rent_Intensive_Pre2016_ge15pct,Future_Period,train_to_2016__test_from_2017,ElasticNet,signal_increment,0.02550000000000004,0.0
M1_Macro_vs_M2_Macro_Oil__primary__Oil_Rent_Intensive_Pre2016_ge15pct,Oil_Rents_GDP_Pct_lag1,primary,Oil_Rent_Intensive_Pre2016_ge15pct,Future_Period,train_to_2016__test_from_2017,ElasticNet,signal_increment,0.02600000000000004,0.0
M1_Macro_vs_M2_Macro_Oil__primary__Oil_Rent_Intensive_Pre2016_ge15pct,Oil_Rents_GDP_Pct_lag1,primary,Oil_Rent_Intensive_Pre2016_ge15pct,Future_Period,train_to_2016__test_from_2017,ElasticNet,signal_increment,0.02650000000000004,0.0
M1_Macro_vs_M2_Macro_Oil__primary__Oil_Rent_Intensive_Pre2016_ge15pct,Oil_Rents_GDP_Pct_lag1,primary,Oil_Rent_Intensive_Pre2016_ge15pct,Future_Period,train_to_2016__test_from_2017,ElasticNet,signal_increment,0.02700000000000004,0.0
M1_Macro_vs_M2_Macro_Oil__primary__Oil_Rent_Intensive_Pre2016_ge15pct,Oil_Rents_GDP_Pct_lag1,primary,Oil_Rent_Intensive_Pre2016_ge15pct,Future_Period,train_to_2016__test_from_2017,ElasticNet,signal_increment,0.027500000000000042,0.0
M1_Macro_vs_M2_Macro_Oil__primary__Oil_Rent_Intensive_Pre2016_ge15pct,Oil_Rents_GDP_Pct_lag1,primary,Oil_Rent_Intensive_Pre2016_ge15pct,Future_Period,train_to_2016__test_from_2017,ElasticNet,signal_increment,0.028000000000000042,0.0
M1_Macro_vs_M2_Macro_Oil__primary__Oil_Rent_Intensive_Pre2016_ge15pct,Oil_Rents_GDP_Pct_lag1,primary,Oil_Rent_Intensive_Pre2016_ge15pct,Future_Period,train_to_2016__test_from_2017,ElasticNet,signal_increment,0.028500000000000043,0.0
M1_Macro_vs_M2_Macro_Oil__primary__Oil_Rent_Intensive_Pre2016_ge15pct,Oil_Rents_GDP_Pct_lag1,primary,Oil_Rent_Intensive_Pre2016_ge15pct,Future_Period,train_to_2016__test_from_2017,ElasticNet,signal_increment,0.029000000000000043,0.0
M1_Macro_vs_M2_Macro_Oil__primary__Oil_Rent_Intensive_Pre2016_ge15pct,Oil_Rents_GDP_Pct_lag1,primary,Oil_Rent_Intensive_Pre2016_ge15pct,Future_Period,train_to_2016__test_from_2017,ElasticNet,signal_increment,0.029500000000000044,0.0
M1_Macro_vs_M2_Macro_Oil__primary__Oil_Rent_Intensive_Pre2016_ge15pct,Oil_Rents_GDP_Pct_lag1,primary,Oil_Rent_Intensive_Pre2016_ge15pct,Future_Period,train_to_2016__test_from_2017,ElasticNet,signal_increment,0.030000000000000044,0.0
M1_Macro_vs_M2_Macro_Oil__primary__Oil_Rent_Intensive_Pre2016_ge15pct,Oil_Rents_GDP_Pct_lag1,primary,Oil_Rent_Intensive_Pre2016_ge15pct,Future_Period,train_to_2016__test_from_2017,ElasticNet,added_model_vs_strongest_benchmark,-0.02,0.641
M1_Macro_vs_M2_Macro_Oil__primary__Oil_Rent_Intensive_Pre2016_ge15pct,Oil_Rents_GDP_Pct_lag1,primary,Oil_Rent_Intensive_Pre2016_ge15pct,Future_Period,train_to_2016__test_from_2017,ElasticNet,added_model_vs_strongest_benchmark,-0.0195,0.6405
M1_Macro_vs_M2_Macro_Oil__primary__Oil_Rent_Intensive_Pre2016_ge15pct,Oil_Rents_GDP_Pct_lag1,primary,Oil_Rent_Intensive_Pre2016_ge15pct,Future_Period,train_to_2016__test_from_2017,ElasticNet,added_model_vs_strongest_benchmark,-0.019,0.6385
M1_Macro_vs_M2_Macro_Oil__primary__Oil_Rent_Intensive_Pre2016_ge15pct,Oil_Rents_GDP_Pct_lag1,primary,Oil_Rent_Intensive_Pre2016_ge15pct,Future_Period,train_to_2016__test_from_2017,ElasticNet,added_model_vs_strongest_benchmark,-0.0185,0.636
M1_Macro_vs_M2_Macro_Oil__primary__Oil_Rent_Intensive_Pre2016_ge15pct,Oil_Rents_GDP_Pct_lag1,primary,Oil_Rent_Intensive_Pre2016_ge15pct,Future_Period,train_to_2016__test_from_2017,ElasticNet,added_model_vs_strongest_benchmark,-0.018,0.6345
M1_Macro_vs_M2_Macro_Oil__primary__Oil_Rent_Intensive_Pre2016_ge15pct,Oil_Rents_GDP_Pct_lag1,primary,Oil_Rent_Intensive_Pre2016_ge15pct,Future_Period,train_to_2016__test_from_2017,ElasticNet,added_model_vs_strongest_benchmark,-0.017499999999999998,0.632
M1_Macro_vs_M2_Macro_Oil__primary__Oil_Rent_Intensive_Pre2016_ge15pct,Oil_Rents_GDP_Pct_lag1,primary,Oil_Rent_Intensive_Pre2016_ge15pct,Future_Period,train_to_2016__test_from_2017,ElasticNet,added_model_vs_strongest_benchmark,-0.016999999999999998,0.63
M1_Macro_vs_M2_Macro_Oil__primary__Oil_Rent_Intensive_Pre2016_ge15pct,Oil_Rents_GDP_Pct_lag1,primary,Oil_Rent_Intensive_Pre2016_ge15pct,Future_Period,train_to_2016__test_from_2017,ElasticNet,added_model_vs_strongest_benchmark,-0.016499999999999997,0.6275
M1_Macro_vs_M2_Macro_Oil__primary__Oil_Rent_Intensive_Pre2016_ge15pct,Oil_Rents_GDP_Pct_lag1,primary,Oil_Rent_Intensive_Pre2016_ge15pct,Future_Period,train_to_2016__test_from_2017,ElasticNet,added_model_vs_strongest_benchmark,-0.015999999999999997,0.6255
M1_Macro_vs_M2_Macro_Oil__primary__Oil_Rent_Intensive_Pre2016_ge15pct,Oil_Rents_GDP_Pct_lag1,primary,Oil_Rent_Intensive_Pre2016_ge15pct,Future_Period,train_to_2016__test_from_2017,ElasticNet,added_model_vs_strongest_benchmark,-0.015499999999999996,0.6215
M1_Macro_vs_M2_Macro_Oil__primary__Oil_Rent_Intensive_Pre2016_ge15pct,Oil_Rents_GDP_Pct_lag1,primary,Oil_Rent_Intensive_Pre2016_ge15pct,Future_Period,train_to_2016__test_from_2017,ElasticNet,added_model_vs_strongest_benchmark,-0.014999999999999996,0.62
M1_Macro_vs_M2_Macro_Oil__primary__Oil_Rent_Intensive_Pre2016_ge15pct,Oil_Rents_GDP_Pct_lag1,primary,Oil_Rent_Intensive_Pre2016_ge15pct,Future_Period,train_to_2016__test_from_2017,ElasticNet,added_model_vs_strongest_benchmark,-0.014499999999999996,0.6185
M1_Macro_vs_M2_Macro_Oil__primary__Oil_Rent_Intensive_Pre2016_ge15pct,Oil_Rents_GDP_Pct_lag1,primary,Oil_Rent_Intensive_Pre2016_ge15pct,Future_Period,train_to_2016__test_from_2017,ElasticNet,added_model_vs_strongest_benchmark,-0.013999999999999995,0.6155
M1_Macro_vs_M2_Macro_Oil__primary__Oil_Rent_Intensive_Pre2016_ge15pct,Oil_Rents_GDP_Pct_lag1,primary,Oil_Rent_Intensive_Pre2016_ge15pct,Future_Period,train_to_2016__test_from_2017,ElasticNet,added_model_vs_strongest_benchmark,-0.013499999999999995,0.613
M1_Macro_vs_M2_Macro_Oil__primary__Oil_Rent_Intensive_Pre2016_ge15pct,Oil_Rents_GDP_Pct_lag1,primary,Oil_Rent_Intensive_Pre2016_ge15pct,Future_Period,train_to_2016__test_from_2017,ElasticNet,added_model_vs_strongest_benchmark,-0.012999999999999994,0.6115
M1_Macro_vs_M2_Macro_Oil__primary__Oil_Rent_Intensive_Pre2016_ge15pct,Oil_Rents_GDP_Pct_lag1,primary,Oil_Rent_Intensive_Pre2016_ge15pct,Future_Period,train_to_2016__test_from_2017,ElasticNet,added_model_vs_strongest_benchmark,-0.012499999999999994,0.6095
M1_Macro_vs_M2_Macro_Oil__primary__Oil_Rent_Intensive_Pre2016_ge15pct,Oil_Rents_GDP_Pct_lag1,primary,Oil_Rent_Intensive_Pre2016_ge15pct,Future_Period,train_to_2016__test_from_2017,ElasticNet,added_model_vs_strongest_benchmark,-0.011999999999999993,0.608
M1_Macro_vs_M2_Macro_Oil__primary__Oil_Rent_Intensive_Pre2016_ge15pct,Oil_Rents_GDP_Pct_lag1,primary,Oil_Rent_Intensive_Pre2016_ge15pct,Future_Period,train_to_2016__test_from_2017,ElasticNet,added_model_vs_strongest_benchmark,-0.011499999999999993,0.606
M1_Macro_vs_M2_Macro_Oil__primary__Oil_Rent_Intensive_Pre2016_ge15pct,Oil_Rents_GDP_Pct_lag1,primary,Oil_Rent_Intensive_Pre2016_ge15pct,Future_Period,train_to_2016__test_from_2017,ElasticNet,added_model_vs_strongest_benchmark,-0.010999999999999992,0.604
M1_Macro_vs_M2_Macro_Oil__primary__Oil_Rent_Intensive_Pre2016_ge15pct,Oil_Rents_GDP_Pct_lag1,primary,Oil_Rent_Intensive_Pre2016_ge15pct,Future_Period,train_to_2016__test_from_2017,ElasticNet,added_model_vs_strongest_benchmark,-0.010499999999999992,0.6015
M1_Macro_vs_M2_Macro_Oil__primary__Oil_Rent_Intensive_Pre2016_ge15pct,Oil_Rents_GDP_Pct_lag1,primary,Oil_Rent_Intensive_Pre2016_ge15pct,Future_Period,train_to_2016__test_from_2017,ElasticNet,added_model_vs_strongest_benchmark,-0.009999999999999992,0.6005
M1_Macro_vs_M2_Macro_Oil__primary__Oil_Rent_Intensive_Pre2016_ge15pct,Oil_Rents_GDP_Pct_lag1,primary,Oil_Rent_Intensive_Pre2016_ge15pct,Future_Period,train_to_2016__test_from_2017,ElasticNet,added_model_vs_strongest_benchmark,-0.009499999999999991,0.598
M1_Macro_vs_M2_Macro_Oil__primary__Oil_Rent_Intensive_Pre2016_ge15pct,Oil_Rents_GDP_Pct_lag1,primary,Oil_Rent_Intensive_Pre2016_ge15pct,Future_Period,train_to_2016__test_from_2017,ElasticNet,added_model_vs_strongest_benchmark,-0.00899999999999999,0.5975
M1_Macro_vs_M2_Macro_Oil__primary__Oil_Rent_Intensive_Pre2016_ge15pct,Oil_Rents_GDP_Pct_lag1,primary,Oil_Rent_Intensive_Pre2016_ge15pct,Future_Period,train_to_2016__test_from_2017,ElasticNet,added_model_vs_strongest_benchmark,-0.00849999999999999,0.595
M1_Macro_vs_M2_Macro_Oil__primary__Oil_Rent_Intensive_Pre2016_ge15pct,Oil_Rents_GDP_Pct_lag1,primary,Oil_Rent_Intensive_Pre2016_ge15pct,Future_Period,train_to_2016__test_from_2017,ElasticNet,added_model_vs_strongest_benchmark,-0.00799999999999999,0.594
M1_Macro_vs_M2_Macro_Oil__primary__Oil_Rent_Intensive_Pre2016_ge15pct,Oil_Rents_GDP_Pct_lag1,primary,Oil_Rent_Intensive_Pre2016_ge15pct,Future_Period,train_to_2016__test_from_2017,ElasticNet,added_model_vs_strongest_benchmark,-0.007499999999999989,0.593
M1_Macro_vs_M2_Macro_Oil__primary__Oil_Rent_Intensive_Pre2016_ge15pct,Oil_Rents_GDP_Pct_lag1,primary,Oil_Rent_Intensive_Pre2016_ge15pct,Future_Period,train_to_2016__test_from_2017,ElasticNet,added_model_vs_strongest_benchmark,-0.006999999999999989,0.5905
M1_Macro_vs_M2_Macro_Oil__primary__Oil_Rent_Intensive_Pre2016_ge15pct,Oil_Rents_GDP_Pct_lag1,primary,Oil_Rent_Intensive_Pre2016_ge15pct,Future_Period,train_to_2016__test_from_2017,ElasticNet,added_model_vs_strongest_benchmark,-0.006499999999999988,0.586
M1_Macro_vs_M2_Macro_Oil__primary__Oil_Rent_Intensive_Pre2016_ge15pct,Oil_Rents_GDP_Pct_lag1,primary,Oil_Rent_Intensive_Pre2016_ge15pct,Future_Period,train_to_2016__test_from_2017,ElasticNet,added_model_vs_strongest_benchmark,-0.005999999999999988,0.5835
M1_Macro_vs_M2_Macro_Oil__primary__Oil_Rent_Intensive_Pre2016_ge15pct,Oil_Rents_GDP_Pct_lag1,primary,Oil_Rent_Intensive_Pre2016_ge15pct,Future_Period,train_to_2016__test_from_2017,ElasticNet,added_model_vs_strongest_benchmark,-0.0054999999999999875,0.5825
M1_Macro_vs_M2_Macro_Oil__primary__Oil_Rent_Intensive_Pre2016_ge15pct,Oil_Rents_GDP_Pct_lag1,primary,Oil_Rent_Intensive_Pre2016_ge15pct,Future_Period,train_to_2016__test_from_2017,ElasticNet,added_model_vs_strongest_benchmark,-0.004999999999999987,0.5805
M1_Macro_vs_M2_Macro_Oil__primary__Oil_Rent_Intensive_Pre2016_ge15pct,Oil_Rents_GDP_Pct_lag1,primary,Oil_Rent_Intensive_Pre2016_ge15pct,Future_Period,train_to_2016__test_from_2017,ElasticNet,added_model_vs_strongest_benchmark,-0.004499999999999987,0.5775
M1_Macro_vs_M2_Macro_Oil__primary__Oil_Rent_Intensive_Pre2016_ge15pct,Oil_Rents_GDP_Pct_lag1,primary,Oil_Rent_Intensive_Pre2016_ge15pct,Future_Period,train_to_2016__test_from_2017,ElasticNet,added_model_vs_strongest_benchmark,-0.003999999999999986,0.5765
M1_Macro_vs_M2_Macro_Oil__primary__Oil_Rent_Intensive_Pre2016_ge15pct,Oil_Rents_GDP_Pct_lag1,primary,Oil_Rent_Intensive_Pre2016_ge15pct,Future_Period,train_to_2016__test_from_2017,ElasticNet,added_model_vs_strongest_benchmark,-0.0034999999999999858,0.575
M1_Macro_vs_M2_Macro_Oil__primary__Oil_Rent_Intensive_Pre2016_ge15pct,Oil_Rents_GDP_Pct_lag1,primary,Oil_Rent_Intensive_Pre2016_ge15pct,Future_Period,train_to_2016__test_from_2017,ElasticNet,added_model_vs_strongest_benchmark,-0.0029999999999999853,0.5735
M1_Macro_vs_M2_Macro_Oil__primary__Oil_Rent_Intensive_Pre2016_ge15pct,Oil_Rents_GDP_Pct_lag1,primary,Oil_Rent_Intensive_Pre2016_ge15pct,Future_Period,train_to_2016__test_from_2017,ElasticNet,added_model_vs_strongest_benchmark,-0.002499999999999985,0.5715
M1_Macro_vs_M2_Macro_Oil__primary__Oil_Rent_Intensive_Pre2016_ge15pct,Oil_Rents_GDP_Pct_lag1,primary,Oil_Rent_Intensive_Pre2016_ge15pct,Future_Period,train_to_2016__test_from_2017,ElasticNet,added_model_vs_strongest_benchmark,-0.0019999999999999844,0.57
M1_Macro_vs_M2_Macro_Oil__primary__Oil_Rent_Intensive_Pre2016_ge15pct,Oil_Rents_GDP_Pct_lag1,primary,Oil_Rent_Intensive_Pre2016_ge15pct,Future_Period,train_to_2016__test_from_2017,ElasticNet,added_model_vs_strongest_benchmark,-0.001499999999999984,0.5685
M1_Macro_vs_M2_Macro_Oil__primary__Oil_Rent_Intensive_Pre2016_ge15pct,Oil_Rents_GDP_Pct_lag1,primary,Oil_Rent_Intensive_Pre2016_ge15pct,Future_Period,train_to_2016__test_from_2017,ElasticNet,added_model_vs_strongest_benchmark,-0.0009999999999999835,0.5655
M1_Macro_vs_M2_Macro_Oil__primary__Oil_Rent_Intensive_Pre2016_ge15pct,Oil_Rents_GDP_Pct_lag1,primary,Oil_Rent_Intensive_Pre2016_ge15pct,Future_Period,train_to_2016__test_from_2017,ElasticNet,added_model_vs_strongest_benchmark,-0.0004999999999999831,0.5645
M1_Macro_vs_M2_Macro_Oil__primary__Oil_Rent_Intensive_Pre2016_ge15pct,Oil_Rents_GDP_Pct_lag1,primary,Oil_Rent_Intensive_Pre2016_ge15pct,Future_Period,train_to_2016__test_from_2017,ElasticNet,added_model_vs_strongest_benchmark,1.734723475976807e-17,0.5635
M1_Macro_vs_M2_Macro_Oil__primary__Oil_Rent_Intensive_Pre2016_ge15pct,Oil_Rents_GDP_Pct_lag1,primary,Oil_Rent_Intensive_Pre2016_ge15pct,Future_Period,train_to_2016__test_from_2017,ElasticNet,added_model_vs_strongest_benchmark,0.0005000000000000178,0.5615
M1_Macro_vs_M2_Macro_Oil__primary__Oil_Rent_Intensive_Pre2016_ge15pct,Oil_Rents_GDP_Pct_lag1,primary,Oil_Rent_Intensive_Pre2016_ge15pct,Future_Period,train_to_2016__test_from_2017,ElasticNet,added_model_vs_strongest_benchmark,0.0010000000000000182,0.558
M1_Macro_vs_M2_Macro_Oil__primary__Oil_Rent_Intensive_Pre2016_ge15pct,Oil_Rents_GDP_Pct_lag1,primary,Oil_Rent_Intensive_Pre2016_ge15pct,Future_Period,train_to_2016__test_from_2017,ElasticNet,added_model_vs_strongest_benchmark,0.0015000000000000187,0.556
M1_Macro_vs_M2_Macro_Oil__primary__Oil_Rent_Intensive_Pre2016_ge15pct,Oil_Rents_GDP_Pct_lag1,primary,Oil_Rent_Intensive_Pre2016_ge15pct,Future_Period,train_to_2016__test_from_2017,ElasticNet,added_model_vs_strongest_benchmark,0.002000000000000019,0.555
M1_Macro_vs_M2_Macro_Oil__primary__Oil_Rent_Intensive_Pre2016_ge15pct,Oil_Rents_GDP_Pct_lag1,primary,Oil_Rent_Intensive_Pre2016_ge15pct,Future_Period,train_to_2016__test_from_2017,ElasticNet,added_model_vs_strongest_benchmark,0.0025000000000000196,0.5525
M1_Macro_vs_M2_Macro_Oil__primary__Oil_Rent_Intensive_Pre2016_ge15pct,Oil_Rents_GDP_Pct_lag1,primary,Oil_Rent_Intensive_Pre2016_ge15pct,Future_Period,train_to_2016__test_from_2017,ElasticNet,added_model_vs_strongest_benchmark,0.00300000000000002,0.5515
M1_Macro_vs_M2_Macro_Oil__primary__Oil_Rent_Intensive_Pre2016_ge15pct,Oil_Rents_GDP_Pct_lag1,primary,Oil_Rent_Intensive_Pre2016_ge15pct,Future_Period,train_to_2016__test_from_2017,ElasticNet,added_model_vs_strongest_benchmark,0.0035000000000000205,0.5505
M1_Macro_vs_M2_Macro_Oil__primary__Oil_Rent_Intensive_Pre2016_ge15pct,Oil_Rents_GDP_Pct_lag1,primary,Oil_Rent_Intensive_Pre2016_ge15pct,Future_Period,train_to_2016__test_from_2017,ElasticNet,added_model_vs_strongest_benchmark,0.004000000000000021,0.5475
M1_Macro_vs_M2_Macro_Oil__primary__Oil_Rent_Intensive_Pre2016_ge15pct,Oil_Rents_GDP_Pct_lag1,primary,Oil_Rent_Intensive_Pre2016_ge15pct,Future_Period,train_to_2016__test_from_2017,ElasticNet,added_model_vs_strongest_benchmark,0.004500000000000021,0.544
M1_Macro_vs_M2_Macro_Oil__primary__Oil_Rent_Intensive_Pre2016_ge15pct,Oil_Rents_GDP_Pct_lag1,primary,Oil_Rent_Intensive_Pre2016_ge15pct,Future_Period,train_to_2016__test_from_2017,ElasticNet,added_model_vs_strongest_benchmark,0.005000000000000022,0.5425
M1_Macro_vs_M2_Macro_Oil__primary__Oil_Rent_Intensive_Pre2016_ge15pct,Oil_Rents_GDP_Pct_lag1,primary,Oil_Rent_Intensive_Pre2016_ge15pct,Future_Period,train_to_2016__test_from_2017,ElasticNet,added_model_vs_strongest_benchmark,0.005500000000000022,0.5405
M1_Macro_vs_M2_Macro_Oil__primary__Oil_Rent_Intensive_Pre2016_ge15pct,Oil_Rents_GDP_Pct_lag1,primary,Oil_Rent_Intensive_Pre2016_ge15pct,Future_Period,train_to_2016__test_from_2017,ElasticNet,added_model_vs_strongest_benchmark,0.006000000000000023,0.5385
M1_Macro_vs_M2_Macro_Oil__primary__Oil_Rent_Intensive_Pre2016_ge15pct,Oil_Rents_GDP_Pct_lag1,primary,Oil_Rent_Intensive_Pre2016_ge15pct,Future_Period,train_to_2016__test_from_2017,ElasticNet,added_model_vs_strongest_benchmark,0.006500000000000023,0.537
M1_Macro_vs_M2_Macro_Oil__primary__Oil_Rent_Intensive_Pre2016_ge15pct,Oil_Rents_GDP_Pct_lag1,primary,Oil_Rent_Intensive_Pre2016_ge15pct,Future_Period,train_to_2016__test_from_2017,ElasticNet,added_model_vs_strongest_benchmark,0.0070000000000000236,0.5355
M1_Macro_vs_M2_Macro_Oil__primary__Oil_Rent_Intensive_Pre2016_ge15pct,Oil_Rents_GDP_Pct_lag1,primary,Oil_Rent_Intensive_Pre2016_ge15pct,Future_Period,train_to_2016__test_from_2017,ElasticNet,added_model_vs_strongest_benchmark,0.007500000000000024,0.534
M1_Macro_vs_M2_Macro_Oil__primary__Oil_Rent_Intensive_Pre2016_ge15pct,Oil_Rents_GDP_Pct_lag1,primary,Oil_Rent_Intensive_Pre2016_ge15pct,Future_Period,train_to_2016__test_from_2017,ElasticNet,added_model_vs_strongest_benchmark,0.008000000000000024,0.532
M1_Macro_vs_M2_Macro_Oil__primary__Oil_Rent_Intensive_Pre2016_ge15pct,Oil_Rents_GDP_Pct_lag1,primary,Oil_Rent_Intensive_Pre2016_ge15pct,Future_Period,train_to_2016__test_from_2017,ElasticNet,added_model_vs_strongest_benchmark,0.008500000000000025,0.53
M1_Macro_vs_M2_Macro_Oil__primary__Oil_Rent_Intensive_Pre2016_ge15pct,Oil_Rents_GDP_Pct_lag1,primary,Oil_Rent_Intensive_Pre2016_ge15pct,Future_Period,train_to_2016__test_from_2017,ElasticNet,added_model_vs_strongest_benchmark,0.009000000000000025,0.5285
M1_Macro_vs_M2_Macro_Oil__primary__Oil_Rent_Intensive_Pre2016_ge15pct,Oil_Rents_GDP_Pct_lag1,primary,Oil_Rent_Intensive_Pre2016_ge15pct,Future_Period,train_to_2016__test_from_2017,ElasticNet,added_model_vs_strongest_benchmark,0.009500000000000026,0.5245
M1_Macro_vs_M2_Macro_Oil__primary__Oil_Rent_Intensive_Pre2016_ge15pct,Oil_Rents_GDP_Pct_lag1,primary,Oil_Rent_Intensive_Pre2016_ge15pct,Future_Period,train_to_2016__test_from_2017,ElasticNet,added_model_vs_strongest_benchmark,0.010000000000000026,0.5235
M1_Macro_vs_M2_Macro_Oil__primary__Oil_Rent_Intensive_Pre2016_ge15pct,Oil_Rents_GDP_Pct_lag1,primary,Oil_Rent_Intensive_Pre2016_ge15pct,Future_Period,train_to_2016__test_from_2017,ElasticNet,added_model_vs_strongest_benchmark,0.010500000000000027,0.5215
M1_Macro_vs_M2_Macro_Oil__primary__Oil_Rent_Intensive_Pre2016_ge15pct,Oil_Rents_GDP_Pct_lag1,primary,Oil_Rent_Intensive_Pre2016_ge15pct,Future_Period,train_to_2016__test_from_2017,ElasticNet,added_model_vs_strongest_benchmark,0.011000000000000027,0.52
M1_Macro_vs_M2_Macro_Oil__primary__Oil_Rent_Intensive_Pre2016_ge15pct,Oil_Rents_GDP_Pct_lag1,primary,Oil_Rent_Intensive_Pre2016_ge15pct,Future_Period,train_to_2016__test_from_2017,ElasticNet,added_model_vs_strongest_benchmark,0.011500000000000028,0.5175
M1_Macro_vs_M2_Macro_Oil__primary__Oil_Rent_Intensive_Pre2016_ge15pct,Oil_Rents_GDP_Pct_lag1,primary,Oil_Rent_Intensive_Pre2016_ge15pct,Future_Period,train_to_2016__test_from_2017,ElasticNet,added_model_vs_strongest_benchmark,0.012000000000000028,0.5165
M1_Macro_vs_M2_Macro_Oil__primary__Oil_Rent_Intensive_Pre2016_ge15pct,Oil_Rents_GDP_Pct_lag1,primary,Oil_Rent_Intensive_Pre2016_ge15pct,Future_Period,train_to_2016__test_from_2017,ElasticNet,added_model_vs_strongest_benchmark,0.012500000000000028,0.5125
M1_Macro_vs_M2_Macro_Oil__primary__Oil_Rent_Intensive_Pre2016_ge15pct,Oil_Rents_GDP_Pct_lag1,primary,Oil_Rent_Intensive_Pre2016_ge15pct,Future_Period,train_to_2016__test_from_2017,ElasticNet,added_model_vs_strongest_benchmark,0.013000000000000029,0.511
M1_Macro_vs_M2_Macro_Oil__primary__Oil_Rent_Intensive_Pre2016_ge15pct,Oil_Rents_GDP_Pct_lag1,primary,Oil_Rent_Intensive_Pre2016_ge15pct,Future_Period,train_to_2016__test_from_2017,ElasticNet,added_model_vs_strongest_benchmark,0.01350000000000003,0.508
M1_Macro_vs_M2_Macro_Oil__primary__Oil_Rent_Intensive_Pre2016_ge15pct,Oil_Rents_GDP_Pct_lag1,primary,Oil_Rent_Intensive_Pre2016_ge15pct,Future_Period,train_to_2016__test_from_2017,ElasticNet,added_model_vs_strongest_benchmark,0.01400000000000003,0.5075
M1_Macro_vs_M2_Macro_Oil__primary__Oil_Rent_Intensive_Pre2016_ge15pct,Oil_Rents_GDP_Pct_lag1,primary,Oil_Rent_Intensive_Pre2016_ge15pct,Future_Period,train_to_2016__test_from_2017,ElasticNet,added_model_vs_strongest_benchmark,0.01450000000000003,0.505
M1_Macro_vs_M2_Macro_Oil__primary__Oil_Rent_Intensive_Pre2016_ge15pct,Oil_Rents_GDP_Pct_lag1,primary,Oil_Rent_Intensive_Pre2016_ge15pct,Future_Period,train_to_2016__test_from_2017,ElasticNet,added_model_vs_strongest_benchmark,0.01500000000000003,0.503
M1_Macro_vs_M2_Macro_Oil__primary__Oil_Rent_Intensive_Pre2016_ge15pct,Oil_Rents_GDP_Pct_lag1,primary,Oil_Rent_Intensive_Pre2016_ge15pct,Future_Period,train_to_2016__test_from_2017,ElasticNet,added_model_vs_strongest_benchmark,0.015500000000000031,0.5
M1_Macro_vs_M2_Macro_Oil__primary__Oil_Rent_Intensive_Pre2016_ge15pct,Oil_Rents_GDP_Pct_lag1,primary,Oil_Rent_Intensive_Pre2016_ge15pct,Future_Period,train_to_2016__test_from_2017,ElasticNet,added_model_vs_strongest_benchmark,0.01600000000000003,0.498
M1_Macro_vs_M2_Macro_Oil__primary__Oil_Rent_Intensive_Pre2016_ge15pct,Oil_Rents_GDP_Pct_lag1,primary,Oil_Rent_Intensive_Pre2016_ge15pct,Future_Period,train_to_2016__test_from_2017,ElasticNet,added_model_vs_strongest_benchmark,0.016500000000000032,0.497
M1_Macro_vs_M2_Macro_Oil__primary__Oil_Rent_Intensive_Pre2016_ge15pct,Oil_Rents_GDP_Pct_lag1,primary,Oil_Rent_Intensive_Pre2016_ge15pct,Future_Period,train_to_2016__test_from_2017,ElasticNet,added_model_vs_strongest_benchmark,0.017000000000000032,0.4945
M1_Macro_vs_M2_Macro_Oil__primary__Oil_Rent_Intensive_Pre2016_ge15pct,Oil_Rents_GDP_Pct_lag1,primary,Oil_Rent_Intensive_Pre2016_ge15pct,Future_Period,train_to_2016__test_from_2017,ElasticNet,added_model_vs_strongest_benchmark,0.017500000000000033,0.493
M1_Macro_vs_M2_Macro_Oil__primary__Oil_Rent_Intensive_Pre2016_ge15pct,Oil_Rents_GDP_Pct_lag1,primary,Oil_Rent_Intensive_Pre2016_ge15pct,Future_Period,train_to_2016__test_from_2017,ElasticNet,added_model_vs_strongest_benchmark,0.018000000000000033,0.4925
M1_Macro_vs_M2_Macro_Oil__primary__Oil_Rent_Intensive_Pre2016_ge15pct,Oil_Rents_GDP_Pct_lag1,primary,Oil_Rent_Intensive_Pre2016_ge15pct,Future_Period,train_to_2016__test_from_2017,ElasticNet,added_model_vs_strongest_benchmark,0.018500000000000034,0.491
M1_Macro_vs_M2_Macro_Oil__primary__Oil_Rent_Intensive_Pre2016_ge15pct,Oil_Rents_GDP_Pct_lag1,primary,Oil_Rent_Intensive_Pre2016_ge15pct,Future_Period,train_to_2016__test_from_2017,ElasticNet,added_model_vs_strongest_benchmark,0.019000000000000034,0.491
M1_Macro_vs_M2_Macro_Oil__primary__Oil_Rent_Intensive_Pre2016_ge15pct,Oil_Rents_GDP_Pct_lag1,primary,Oil_Rent_Intensive_Pre2016_ge15pct,Future_Period,train_to_2016__test_from_2017,ElasticNet,added_model_vs_strongest_benchmark,0.019500000000000035,0.489
M1_Macro_vs_M2_Macro_Oil__primary__Oil_Rent_Intensive_Pre2016_ge15pct,Oil_Rents_GDP_Pct_lag1,primary,Oil_Rent_Intensive_Pre2016_ge15pct,Future_Period,train_to_2016__test_from_2017,ElasticNet,added_model_vs_strongest_benchmark,0.020000000000000035,0.487
M1_Macro_vs_M2_Macro_Oil__primary__Oil_Rent_Intensive_Pre2016_ge15pct,Oil_Rents_GDP_Pct_lag1,primary,Oil_Rent_Intensive_Pre2016_ge15pct,Future_Period,train_to_2016__test_from_2017,ElasticNet,added_model_vs_strongest_benchmark,0.020500000000000036,0.486
M1_Macro_vs_M2_Macro_Oil__primary__Oil_Rent_Intensive_Pre2016_ge15pct,Oil_Rents_GDP_Pct_lag1,primary,Oil_Rent_Intensive_Pre2016_ge15pct,Future_Period,train_to_2016__test_from_2017,ElasticNet,added_model_vs_strongest_benchmark,0.021000000000000036,0.4845
M1_Macro_vs_M2_Macro_Oil__primary__Oil_Rent_Intensive_Pre2016_ge15pct,Oil_Rents_GDP_Pct_lag1,primary,Oil_Rent_Intensive_Pre2016_ge15pct,Future_Period,train_to_2016__test_from_2017,ElasticNet,added_model_vs_strongest_benchmark,0.021500000000000036,0.483
M1_Macro_vs_M2_Macro_Oil__primary__Oil_Rent_Intensive_Pre2016_ge15pct,Oil_Rents_GDP_Pct_lag1,primary,Oil_Rent_Intensive_Pre2016_ge15pct,Future_Period,train_to_2016__test_from_2017,ElasticNet,added_model_vs_strongest_benchmark,0.022000000000000037,0.481
M1_Macro_vs_M2_Macro_Oil__primary__Oil_Rent_Intensive_Pre2016_ge15pct,Oil_Rents_GDP_Pct_lag1,primary,Oil_Rent_Intensive_Pre2016_ge15pct,Future_Period,train_to_2016__test_from_2017,ElasticNet,added_model_vs_strongest_benchmark,0.022500000000000037,0.48
M1_Macro_vs_M2_Macro_Oil__primary__Oil_Rent_Intensive_Pre2016_ge15pct,Oil_Rents_GDP_Pct_lag1,primary,Oil_Rent_Intensive_Pre2016_ge15pct,Future_Period,train_to_2016__test_from_2017,ElasticNet,added_model_vs_strongest_benchmark,0.023000000000000038,0.478
M1_Macro_vs_M2_Macro_Oil__primary__Oil_Rent_Intensive_Pre2016_ge15pct,Oil_Rents_GDP_Pct_lag1,primary,Oil_Rent_Intensive_Pre2016_ge15pct,Future_Period,train_to_2016__test_from_2017,ElasticNet,added_model_vs_strongest_benchmark,0.023500000000000038,0.4745
M1_Macro_vs_M2_Macro_Oil__primary__Oil_Rent_Intensive_Pre2016_ge15pct,Oil_Rents_GDP_Pct_lag1,primary,Oil_Rent_Intensive_Pre2016_ge15pct,Future_Period,train_to_2016__test_from_2017,ElasticNet,added_model_vs_strongest_benchmark,0.02400000000000004,0.472
M1_Macro_vs_M2_Macro_Oil__primary__Oil_Rent_Intensive_Pre2016_ge15pct,Oil_Rents_GDP_Pct_lag1,primary,Oil_Rent_Intensive_Pre2016_ge15pct,Future_Period,train_to_2016__test_from_2017,ElasticNet,added_model_vs_strongest_benchmark,0.02450000000000004,0.47
M1_Macro_vs_M2_Macro_Oil__primary__Oil_Rent_Intensive_Pre2016_ge15pct,Oil_Rents_GDP_Pct_lag1,primary,Oil_Rent_Intensive_Pre2016_ge15pct,Future_Period,train_to_2016__test_from_2017,ElasticNet,added_model_vs_strongest_benchmark,0.02500000000000004,0.4685
M1_Macro_vs_M2_Macro_Oil__primary__Oil_Rent_Intensive_Pre2016_ge15pct,Oil_Rents_GDP_Pct_lag1,primary,Oil_Rent_Intensive_Pre2016_ge15pct,Future_Period,train_to_2016__test_from_2017,ElasticNet,added_model_vs_strongest_benchmark,0.02550000000000004,0.4665
M1_Macro_vs_M2_Macro_Oil__primary__Oil_Rent_Intensive_Pre2016_ge15pct,Oil_Rents_GDP_Pct_lag1,primary,Oil_Rent_Intensive_Pre2016_ge15pct,Future_Period,train_to_2016__test_from_2017,ElasticNet,added_model_vs_strongest_benchmark,0.02600000000000004,0.4655
M1_Macro_vs_M2_Macro_Oil__primary__Oil_Rent_Intensive_Pre2016_ge15pct,Oil_Rents_GDP_Pct_lag1,primary,Oil_Rent_Intensive_Pre2016_ge15pct,Future_Period,train_to_2016__test_from_2017,ElasticNet,added_model_vs_strongest_benchmark,0.02650000000000004,0.4645
M1_Macro_vs_M2_Macro_Oil__primary__Oil_Rent_Intensive_Pre2016_ge15pct,Oil_Rents_GDP_Pct_lag1,primary,Oil_Rent_Intensive_Pre2016_ge15pct,Future_Period,train_to_2016__test_from_2017,ElasticNet,added_model_vs_strongest_benchmark,0.02700000000000004,0.4635
M1_Macro_vs_M2_Macro_Oil__primary__Oil_Rent_Intensive_Pre2016_ge15pct,Oil_Rents_GDP_Pct_lag1,primary,Oil_Rent_Intensive_Pre2016_ge15pct,Future_Period,train_to_2016__test_from_2017,ElasticNet,added_model_vs_strongest_benchmark,0.027500000000000042,0.461
M1_Macro_vs_M2_Macro_Oil__primary__Oil_Rent_Intensive_Pre2016_ge15pct,Oil_Rents_GDP_Pct_lag1,primary,Oil_Rent_Intensive_Pre2016_ge15pct,Future_Period,train_to_2016__test_from_2017,ElasticNet,added_model_vs_strongest_benchmark,0.028000000000000042,0.4605
M1_Macro_vs_M2_Macro_Oil__primary__Oil_Rent_Intensive_Pre2016_ge15pct,Oil_Rents_GDP_Pct_lag1,primary,Oil_Rent_Intensive_Pre2016_ge15pct,Future_Period,train_to_2016__test_from_2017,ElasticNet,added_model_vs_strongest_benchmark,0.028500000000000043,0.459
M1_Macro_vs_M2_Macro_Oil__primary__Oil_Rent_Intensive_Pre2016_ge15pct,Oil_Rents_GDP_Pct_lag1,primary,Oil_Rent_Intensive_Pre2016_ge15pct,Future_Period,train_to_2016__test_from_2017,ElasticNet,added_model_vs_strongest_benchmark,0.029000000000000043,0.4575
M1_Macro_vs_M2_Macro_Oil__primary__Oil_Rent_Intensive_Pre2016_ge15pct,Oil_Rents_GDP_Pct_lag1,primary,Oil_Rent_Intensive_Pre2016_ge15pct,Future_Period,train_to_2016__test_from_2017,ElasticNet,added_model_vs_strongest_benchmark,0.029500000000000044,0.456
M1_Macro_vs_M2_Macro_Oil__primary__Oil_Rent_Intensive_Pre2016_ge15pct,Oil_Rents_GDP_Pct_lag1,primary,Oil_Rent_Intensive_Pre2016_ge15pct,Future_Period,train_to_2016__test_from_2017,ElasticNet,added_model_vs_strongest_benchmark,0.030000000000000044,0.4545
M1_Macro_vs_M2_Macro_Oil__primary__Oil_Rent_Intensive_Pre2016_ge15pct,Oil_Rents_GDP_Pct_lag1,primary,Oil_Rent_Intensive_Pre2016_ge15pct,Future_Period,train_to_2016__test_from_2017,RandomForest,signal_increment,-0.02,0.8805
M1_Macro_vs_M2_Macro_Oil__primary__Oil_Rent_Intensive_Pre2016_ge15pct,Oil_Rents_GDP_Pct_lag1,primary,Oil_Rent_Intensive_Pre2016_ge15pct,Future_Period,train_to_2016__test_from_2017,RandomForest,signal_increment,-0.0195,0.8775
M1_Macro_vs_M2_Macro_Oil__primary__Oil_Rent_Intensive_Pre2016_ge15pct,Oil_Rents_GDP_Pct_lag1,primary,Oil_Rent_Intensive_Pre2016_ge15pct,Future_Period,train_to_2016__test_from_2017,RandomForest,signal_increment,-0.019,0.873
M1_Macro_vs_M2_Macro_Oil__primary__Oil_Rent_Intensive_Pre2016_ge15pct,Oil_Rents_GDP_Pct_lag1,primary,Oil_Rent_Intensive_Pre2016_ge15pct,Future_Period,train_to_2016__test_from_2017,RandomForest,signal_increment,-0.0185,0.868
M1_Macro_vs_M2_Macro_Oil__primary__Oil_Rent_Intensive_Pre2016_ge15pct,Oil_Rents_GDP_Pct_lag1,primary,Oil_Rent_Intensive_Pre2016_ge15pct,Future_Period,train_to_2016__test_from_2017,RandomForest,signal_increment,-0.018,0.861
M1_Macro_vs_M2_Macro_Oil__primary__Oil_Rent_Intensive_Pre2016_ge15pct,Oil_Rents_GDP_Pct_lag1,primary,Oil_Rent_Intensive_Pre2016_ge15pct,Future_Period,train_to_2016__test_from_2017,RandomForest,signal_increment,-0.017499999999999998,0.8525
M1_Macro_vs_M2_Macro_Oil__primary__Oil_Rent_Intensive_Pre2016_ge15pct,Oil_Rents_GDP_Pct_lag1,primary,Oil_Rent_Intensive_Pre2016_ge15pct,Future_Period,train_to_2016__test_from_2017,RandomForest,signal_increment,-0.016999999999999998,0.8455
M1_Macro_vs_M2_Macro_Oil__primary__Oil_Rent_Intensive_Pre2016_ge15pct,Oil_Rents_GDP_Pct_lag1,primary,Oil_Rent_Intensive_Pre2016_ge15pct,Future_Period,train_to_2016__test_from_2017,RandomForest,signal_increment,-0.016499999999999997,0.8345
M1_Macro_vs_M2_Macro_Oil__primary__Oil_Rent_Intensive_Pre2016_ge15pct,Oil_Rents_GDP_Pct_lag1,primary,Oil_Rent_Intensive_Pre2016_ge15pct,Future_Period,train_to_2016__test_from_2017,RandomForest,signal_increment,-0.015999999999999997,0.824
M1_Macro_vs_M2_Macro_Oil__primary__Oil_Rent_Intensive_Pre2016_ge15pct,Oil_Rents_GDP_Pct_lag1,primary,Oil_Rent_Intensive_Pre2016_ge15pct,Future_Period,train_to_2016__test_from_2017,RandomForest,signal_increment,-0.015499999999999996,0.8195
M1_Macro_vs_M2_Macro_Oil__primary__Oil_Rent_Intensive_Pre2016_ge15pct,Oil_Rents_GDP_Pct_lag1,primary,Oil_Rent_Intensive_Pre2016_ge15pct,Future_Period,train_to_2016__test_from_2017,RandomForest,signal_increment,-0.014999999999999996,0.8095
M1_Macro_vs_M2_Macro_Oil__primary__Oil_Rent_Intensive_Pre2016_ge15pct,Oil_Rents_GDP_Pct_lag1,primary,Oil_Rent_Intensive_Pre2016_ge15pct,Future_Period,train_to_2016__test_from_2017,RandomForest,signal_increment,-0.014499999999999996,0.7975
M1_Macro_vs_M2_Macro_Oil__primary__Oil_Rent_Intensive_Pre2016_ge15pct,Oil_Rents_GDP_Pct_lag1,primary,Oil_Rent_Intensive_Pre2016_ge15pct,Future_Period,train_to_2016__test_from_2017,RandomForest,signal_increment,-0.013999999999999995,0.7915
M1_Macro_vs_M2_Macro_Oil__primary__Oil_Rent_Intensive_Pre2016_ge15pct,Oil_Rents_GDP_Pct_lag1,primary,Oil_Rent_Intensive_Pre2016_ge15pct,Future_Period,train_to_2016__test_from_2017,RandomForest,signal_increment,-0.013499999999999995,0.7815
M1_Macro_vs_M2_Macro_Oil__primary__Oil_Rent_Intensive_Pre2016_ge15pct,Oil_Rents_GDP_Pct_lag1,primary,Oil_Rent_Intensive_Pre2016_ge15pct,Future_Period,train_to_2016__test_from_2017,RandomForest,signal_increment,-0.012999999999999994,0.776
M1_Macro_vs_M2_Macro_Oil__primary__Oil_Rent_Intensive_Pre2016_ge15pct,Oil_Rents_GDP_Pct_lag1,primary,Oil_Rent_Intensive_Pre2016_ge15pct,Future_Period,train_to_2016__test_from_2017,RandomForest,signal_increment,-0.012499999999999994,0.77
M1_Macro_vs_M2_Macro_Oil__primary__Oil_Rent_Intensive_Pre2016_ge15pct,Oil_Rents_GDP_Pct_lag1,primary,Oil_Rent_Intensive_Pre2016_ge15pct,Future_Period,train_to_2016__test_from_2017,RandomForest,signal_increment,-0.011999999999999993,0.7625
M1_Macro_vs_M2_Macro_Oil__primary__Oil_Rent_Intensive_Pre2016_ge15pct,Oil_Rents_GDP_Pct_lag1,primary,Oil_Rent_Intensive_Pre2016_ge15pct,Future_Period,train_to_2016__test_from_2017,RandomForest,signal_increment,-0.011499999999999993,0.7565
M1_Macro_vs_M2_Macro_Oil__primary__Oil_Rent_Intensive_Pre2016_ge15pct,Oil_Rents_GDP_Pct_lag1,primary,Oil_Rent_Intensive_Pre2016_ge15pct,Future_Period,train_to_2016__test_from_2017,RandomForest,signal_increment,-0.010999999999999992,0.7455
M1_Macro_vs_M2_Macro_Oil__primary__Oil_Rent_Intensive_Pre2016_ge15pct,Oil_Rents_GDP_Pct_lag1,primary,Oil_Rent_Intensive_Pre2016_ge15pct,Future_Period,train_to_2016__test_from_2017,RandomForest,signal_increment,-0.010499999999999992,0.736
M1_Macro_vs_M2_Macro_Oil__primary__Oil_Rent_Intensive_Pre2016_ge15pct,Oil_Rents_GDP_Pct_lag1,primary,Oil_Rent_Intensive_Pre2016_ge15pct,Future_Period,train_to_2016__test_from_2017,RandomForest,signal_increment,-0.009999999999999992,0.7275
M1_Macro_vs_M2_Macro_Oil__primary__Oil_Rent_Intensive_Pre2016_ge15pct,Oil_Rents_GDP_Pct_lag1,primary,Oil_Rent_Intensive_Pre2016_ge15pct,Future_Period,train_to_2016__test_from_2017,RandomForest,signal_increment,-0.009499999999999991,0.7165
M1_Macro_vs_M2_Macro_Oil__primary__Oil_Rent_Intensive_Pre2016_ge15pct,Oil_Rents_GDP_Pct_lag1,primary,Oil_Rent_Intensive_Pre2016_ge15pct,Future_Period,train_to_2016__test_from_2017,RandomForest,signal_increment,-0.00899999999999999,0.7075
M1_Macro_vs_M2_Macro_Oil__primary__Oil_Rent_Intensive_Pre2016_ge15pct,Oil_Rents_GDP_Pct_lag1,primary,Oil_Rent_Intensive_Pre2016_ge15pct,Future_Period,train_to_2016__test_from_2017,RandomForest,signal_increment,-0.00849999999999999,0.696
M1_Macro_vs_M2_Macro_Oil__primary__Oil_Rent_Intensive_Pre2016_ge15pct,Oil_Rents_GDP_Pct_lag1,primary,Oil_Rent_Intensive_Pre2016_ge15pct,Future_Period,train_to_2016__test_from_2017,RandomForest,signal_increment,-0.00799999999999999,0.69
M1_Macro_vs_M2_Macro_Oil__primary__Oil_Rent_Intensive_Pre2016_ge15pct,Oil_Rents_GDP_Pct_lag1,primary,Oil_Rent_Intensive_Pre2016_ge15pct,Future_Period,train_to_2016__test_from_2017,RandomForest,signal_increment,-0.007499999999999989,0.6785
M1_Macro_vs_M2_Macro_Oil__primary__Oil_Rent_Intensive_Pre2016_ge15pct,Oil_Rents_GDP_Pct_lag1,primary,Oil_Rent_Intensive_Pre2016_ge15pct,Future_Period,train_to_2016__test_from_2017,RandomForest,signal_increment,-0.006999999999999989,0.666
M1_Macro_vs_M2_Macro_Oil__primary__Oil_Rent_Intensive_Pre2016_ge15pct,Oil_Rents_GDP_Pct_lag1,primary,Oil_Rent_Intensive_Pre2016_ge15pct,Future_Period,train_to_2016__test_from_2017,RandomForest,signal_increment,-0.006499999999999988,0.6585
M1_Macro_vs_M2_Macro_Oil__primary__Oil_Rent_Intensive_Pre2016_ge15pct,Oil_Rents_GDP_Pct_lag1,primary,Oil_Rent_Intensive_Pre2016_ge15pct,Future_Period,train_to_2016__test_from_2017,RandomForest,signal_increment,-0.005999999999999988,0.6475
M1_Macro_vs_M2_Macro_Oil__primary__Oil_Rent_Intensive_Pre2016_ge15pct,Oil_Rents_GDP_Pct_lag1,primary,Oil_Rent_Intensive_Pre2016_ge15pct,Future_Period,train_to_2016__test_from_2017,RandomForest,signal_increment,-0.0054999999999999875,0.6365
M1_Macro_vs_M2_Macro_Oil__primary__Oil_Rent_Intensive_Pre2016_ge15pct,Oil_Rents_GDP_Pct_lag1,primary,Oil_Rent_Intensive_Pre2016_ge15pct,Future_Period,train_to_2016__test_from_2017,RandomForest,signal_increment,-0.004999999999999987,0.623
M1_Macro_vs_M2_Macro_Oil__primary__Oil_Rent_Intensive_Pre2016_ge15pct,Oil_Rents_GDP_Pct_lag1,primary,Oil_Rent_Intensive_Pre2016_ge15pct,Future_Period,train_to_2016__test_from_2017,RandomForest,signal_increment,-0.004499999999999987,0.6145
M1_Macro_vs_M2_Macro_Oil__primary__Oil_Rent_Intensive_Pre2016_ge15pct,Oil_Rents_GDP_Pct_lag1,primary,Oil_Rent_Intensive_Pre2016_ge15pct,Future_Period,train_to_2016__test_from_2017,RandomForest,signal_increment,-0.003999999999999986,0.603
M1_Macro_vs_M2_Macro_Oil__primary__Oil_Rent_Intensive_Pre2016_ge15pct,Oil_Rents_GDP_Pct_lag1,primary,Oil_Rent_Intensive_Pre2016_ge15pct,Future_Period,train_to_2016__test_from_2017,RandomForest,signal_increment,-0.0034999999999999858,0.5925
M1_Macro_vs_M2_Macro_Oil__primary__Oil_Rent_Intensive_Pre2016_ge15pct,Oil_Rents_GDP_Pct_lag1,primary,Oil_Rent_Intensive_Pre2016_ge15pct,Future_Period,train_to_2016__test_from_2017,RandomForest,signal_increment,-0.0029999999999999853,0.584
M1_Macro_vs_M2_Macro_Oil__primary__Oil_Rent_Intensive_Pre2016_ge15pct,Oil_Rents_GDP_Pct_lag1,primary,Oil_Rent_Intensive_Pre2016_ge15pct,Future_Period,train_to_2016__test_from_2017,RandomForest,signal_increment,-0.002499999999999985,0.579
M1_Macro_vs_M2_Macro_Oil__primary__Oil_Rent_Intensive_Pre2016_ge15pct,Oil_Rents_GDP_Pct_lag1,primary,Oil_Rent_Intensive_Pre2016_ge15pct,Future_Period,train_to_2016__test_from_2017,RandomForest,signal_increment,-0.0019999999999999844,0.567
M1_Macro_vs_M2_Macro_Oil__primary__Oil_Rent_Intensive_Pre2016_ge15pct,Oil_Rents_GDP_Pct_lag1,primary,Oil_Rent_Intensive_Pre2016_ge15pct,Future_Period,train_to_2016__test_from_2017,RandomForest,signal_increment,-0.001499999999999984,0.557
M1_Macro_vs_M2_Macro_Oil__primary__Oil_Rent_Intensive_Pre2016_ge15pct,Oil_Rents_GDP_Pct_lag1,primary,Oil_Rent_Intensive_Pre2016_ge15pct,Future_Period,train_to_2016__test_from_2017,RandomForest,signal_increment,-0.0009999999999999835,0.5485
M1_Macro_vs_M2_Macro_Oil__primary__Oil_Rent_Intensive_Pre2016_ge15pct,Oil_Rents_GDP_Pct_lag1,primary,Oil_Rent_Intensive_Pre2016_ge15pct,Future_Period,train_to_2016__test_from_2017,RandomForest,signal_increment,-0.0004999999999999831,0.537
M1_Macro_vs_M2_Macro_Oil__primary__Oil_Rent_Intensive_Pre2016_ge15pct,Oil_Rents_GDP_Pct_lag1,primary,Oil_Rent_Intensive_Pre2016_ge15pct,Future_Period,train_to_2016__test_from_2017,RandomForest,signal_increment,1.734723475976807e-17,0.5275
M1_Macro_vs_M2_Macro_Oil__primary__Oil_Rent_Intensive_Pre2016_ge15pct,Oil_Rents_GDP_Pct_lag1,primary,Oil_Rent_Intensive_Pre2016_ge15pct,Future_Period,train_to_2016__test_from_2017,RandomForest,signal_increment,0.0005000000000000178,0.514
M1_Macro_vs_M2_Macro_Oil__primary__Oil_Rent_Intensive_Pre2016_ge15pct,Oil_Rents_GDP_Pct_lag1,primary,Oil_Rent_Intensive_Pre2016_ge15pct,Future_Period,train_to_2016__test_from_2017,RandomForest,signal_increment,0.0010000000000000182,0.5055
M1_Macro_vs_M2_Macro_Oil__primary__Oil_Rent_Intensive_Pre2016_ge15pct,Oil_Rents_GDP_Pct_lag1,primary,Oil_Rent_Intensive_Pre2016_ge15pct,Future_Period,train_to_2016__test_from_2017,RandomForest,signal_increment,0.0015000000000000187,0.499
M1_Macro_vs_M2_Macro_Oil__primary__Oil_Rent_Intensive_Pre2016_ge15pct,Oil_Rents_GDP_Pct_lag1,primary,Oil_Rent_Intensive_Pre2016_ge15pct,Future_Period,train_to_2016__test_from_2017,RandomForest,signal_increment,0.002000000000000019,0.49
M1_Macro_vs_M2_Macro_Oil__primary__Oil_Rent_Intensive_Pre2016_ge15pct,Oil_Rents_GDP_Pct_lag1,primary,Oil_Rent_Intensive_Pre2016_ge15pct,Future_Period,train_to_2016__test_from_2017,RandomForest,signal_increment,0.0025000000000000196,0.4805
M1_Macro_vs_M2_Macro_Oil__primary__Oil_Rent_Intensive_Pre2016_ge15pct,Oil_Rents_GDP_Pct_lag1,primary,Oil_Rent_Intensive_Pre2016_ge15pct,Future_Period,train_to_2016__test_from_2017,RandomForest,signal_increment,0.00300000000000002,0.4675
M1_Macro_vs_M2_Macro_Oil__primary__Oil_Rent_Intensive_Pre2016_ge15pct,Oil_Rents_GDP_Pct_lag1,primary,Oil_Rent_Intensive_Pre2016_ge15pct,Future_Period,train_to_2016__test_from_2017,RandomForest,signal_increment,0.0035000000000000205,0.46
M1_Macro_vs_M2_Macro_Oil__primary__Oil_Rent_Intensive_Pre2016_ge15pct,Oil_Rents_GDP_Pct_lag1,primary,Oil_Rent_Intensive_Pre2016_ge15pct,Future_Period,train_to_2016__test_from_2017,RandomForest,signal_increment,0.004000000000000021,0.446
M1_Macro_vs_M2_Macro_Oil__primary__Oil_Rent_Intensive_Pre2016_ge15pct,Oil_Rents_GDP_Pct_lag1,primary,Oil_Rent_Intensive_Pre2016_ge15pct,Future_Period,train_to_2016__test_from_2017,RandomForest,signal_increment,0.004500000000000021,0.4375
M1_Macro_vs_M2_Macro_Oil__primary__Oil_Rent_Intensive_Pre2016_ge15pct,Oil_Rents_GDP_Pct_lag1,primary,Oil_Rent_Intensive_Pre2016_ge15pct,Future_Period,train_to_2016__test_from_2017,RandomForest,signal_increment,0.005000000000000022,0.427
M1_Macro_vs_M2_Macro_Oil__primary__Oil_Rent_Intensive_Pre2016_ge15pct,Oil_Rents_GDP_Pct_lag1,primary,Oil_Rent_Intensive_Pre2016_ge15pct,Future_Period,train_to_2016__test_from_2017,RandomForest,signal_increment,0.005500000000000022,0.418
M1_Macro_vs_M2_Macro_Oil__primary__Oil_Rent_Intensive_Pre2016_ge15pct,Oil_Rents_GDP_Pct_lag1,primary,Oil_Rent_Intensive_Pre2016_ge15pct,Future_Period,train_to_2016__test_from_2017,RandomForest,signal_increment,0.006000000000000023,0.4105
M1_Macro_vs_M2_Macro_Oil__primary__Oil_Rent_Intensive_Pre2016_ge15pct,Oil_Rents_GDP_Pct_lag1,primary,Oil_Rent_Intensive_Pre2016_ge15pct,Future_Period,train_to_2016__test_from_2017,RandomForest,signal_increment,0.006500000000000023,0.403
M1_Macro_vs_M2_Macro_Oil__primary__Oil_Rent_Intensive_Pre2016_ge15pct,Oil_Rents_GDP_Pct_lag1,primary,Oil_Rent_Intensive_Pre2016_ge15pct,Future_Period,train_to_2016__test_from_2017,RandomForest,signal_increment,0.0070000000000000236,0.394
M1_Macro_vs_M2_Macro_Oil__primary__Oil_Rent_Intensive_Pre2016_ge15pct,Oil_Rents_GDP_Pct_lag1,primary,Oil_Rent_Intensive_Pre2016_ge15pct,Future_Period,train_to_2016__test_from_2017,RandomForest,signal_increment,0.007500000000000024,0.3845
M1_Macro_vs_M2_Macro_Oil__primary__Oil_Rent_Intensive_Pre2016_ge15pct,Oil_Rents_GDP_Pct_lag1,primary,Oil_Rent_Intensive_Pre2016_ge15pct,Future_Period,train_to_2016__test_from_2017,RandomForest,signal_increment,0.008000000000000024,0.3715
M1_Macro_vs_M2_Macro_Oil__primary__Oil_Rent_Intensive_Pre2016_ge15pct,Oil_Rents_GDP_Pct_lag1,primary,Oil_Rent_Intensive_Pre2016_ge15pct,Future_Period,train_to_2016__test_from_2017,RandomForest,signal_increment,0.008500000000000025,0.363
M1_Macro_vs_M2_Macro_Oil__primary__Oil_Rent_Intensive_Pre2016_ge15pct,Oil_Rents_GDP_Pct_lag1,primary,Oil_Rent_Intensive_Pre2016_ge15pct,Future_Period,train_to_2016__test_from_2017,RandomForest,signal_increment,0.009000000000000025,0.3545
M1_Macro_vs_M2_Macro_Oil__primary__Oil_Rent_Intensive_Pre2016_ge15pct,Oil_Rents_GDP_Pct_lag1,primary,Oil_Rent_Intensive_Pre2016_ge15pct,Future_Period,train_to_2016__test_from_2017,RandomForest,signal_increment,0.009500000000000026,0.347
M1_Macro_vs_M2_Macro_Oil__primary__Oil_Rent_Intensive_Pre2016_ge15pct,Oil_Rents_GDP_Pct_lag1,primary,Oil_Rent_Intensive_Pre2016_ge15pct,Future_Period,train_to_2016__test_from_2017,RandomForest,signal_increment,0.010000000000000026,0.336
M1_Macro_vs_M2_Macro_Oil__primary__Oil_Rent_Intensive_Pre2016_ge15pct,Oil_Rents_GDP_Pct_lag1,primary,Oil_Rent_Intensive_Pre2016_ge15pct,Future_Period,train_to_2016__test_from_2017,RandomForest,signal_increment,0.010500000000000027,0.3245
M1_Macro_vs_M2_Macro_Oil__primary__Oil_Rent_Intensive_Pre2016_ge15pct,Oil_Rents_GDP_Pct_lag1,primary,Oil_Rent_Intensive_Pre2016_ge15pct,Future_Period,train_to_2016__test_from_2017,RandomForest,signal_increment,0.011000000000000027,0.3145
M1_Macro_vs_M2_Macro_Oil__primary__Oil_Rent_Intensive_Pre2016_ge15pct,Oil_Rents_GDP_Pct_lag1,primary,Oil_Rent_Intensive_Pre2016_ge15pct,Future_Period,train_to_2016__test_from_2017,RandomForest,signal_increment,0.011500000000000028,0.302
M1_Macro_vs_M2_Macro_Oil__primary__Oil_Rent_Intensive_Pre2016_ge15pct,Oil_Rents_GDP_Pct_lag1,primary,Oil_Rent_Intensive_Pre2016_ge15pct,Future_Period,train_to_2016__test_from_2017,RandomForest,signal_increment,0.012000000000000028,0.2925
M1_Macro_vs_M2_Macro_Oil__primary__Oil_Rent_Intensive_Pre2016_ge15pct,Oil_Rents_GDP_Pct_lag1,primary,Oil_Rent_Intensive_Pre2016_ge15pct,Future_Period,train_to_2016__test_from_2017,RandomForest,signal_increment,0.012500000000000028,0.2835
M1_Macro_vs_M2_Macro_Oil__primary__Oil_Rent_Intensive_Pre2016_ge15pct,Oil_Rents_GDP_Pct_lag1,primary,Oil_Rent_Intensive_Pre2016_ge15pct,Future_Period,train_to_2016__test_from_2017,RandomForest,signal_increment,0.013000000000000029,0.276
M1_Macro_vs_M2_Macro_Oil__primary__Oil_Rent_Intensive_Pre2016_ge15pct,Oil_Rents_GDP_Pct_lag1,primary,Oil_Rent_Intensive_Pre2016_ge15pct,Future_Period,train_to_2016__test_from_2017,RandomForest,signal_increment,0.01350000000000003,0.266
M1_Macro_vs_M2_Macro_Oil__primary__Oil_Rent_Intensive_Pre2016_ge15pct,Oil_Rents_GDP_Pct_lag1,primary,Oil_Rent_Intensive_Pre2016_ge15pct,Future_Period,train_to_2016__test_from_2017,RandomForest,signal_increment,0.01400000000000003,0.257
M1_Macro_vs_M2_Macro_Oil__primary__Oil_Rent_Intensive_Pre2016_ge15pct,Oil_Rents_GDP_Pct_lag1,primary,Oil_Rent_Intensive_Pre2016_ge15pct,Future_Period,train_to_2016__test_from_2017,RandomForest,signal_increment,0.01450000000000003,0.2535
M1_Macro_vs_M2_Macro_Oil__primary__Oil_Rent_Intensive_Pre2016_ge15pct,Oil_Rents_GDP_Pct_lag1,primary,Oil_Rent_Intensive_Pre2016_ge15pct,Future_Period,train_to_2016__test_from_2017,RandomForest,signal_increment,0.01500000000000003,0.244
M1_Macro_vs_M2_Macro_Oil__primary__Oil_Rent_Intensive_Pre2016_ge15pct,Oil_Rents_GDP_Pct_lag1,primary,Oil_Rent_Intensive_Pre2016_ge15pct,Future_Period,train_to_2016__test_from_2017,RandomForest,signal_increment,0.015500000000000031,0.2405
M1_Macro_vs_M2_Macro_Oil__primary__Oil_Rent_Intensive_Pre2016_ge15pct,Oil_Rents_GDP_Pct_lag1,primary,Oil_Rent_Intensive_Pre2016_ge15pct,Future_Period,train_to_2016__test_from_2017,RandomForest,signal_increment,0.01600000000000003,0.235
M1_Macro_vs_M2_Macro_Oil__primary__Oil_Rent_Intensive_Pre2016_ge15pct,Oil_Rents_GDP_Pct_lag1,primary,Oil_Rent_Intensive_Pre2016_ge15pct,Future_Period,train_to_2016__test_from_2017,RandomForest,signal_increment,0.016500000000000032,0.228
M1_Macro_vs_M2_Macro_Oil__primary__Oil_Rent_Intensive_Pre2016_ge15pct,Oil_Rents_GDP_Pct_lag1,primary,Oil_Rent_Intensive_Pre2016_ge15pct,Future_Period,train_to_2016__test_from_2017,RandomForest,signal_increment,0.017000000000000032,0.222
M1_Macro_vs_M2_Macro_Oil__primary__Oil_Rent_Intensive_Pre2016_ge15pct,Oil_Rents_GDP_Pct_lag1,primary,Oil_Rent_Intensive_Pre2016_ge15pct,Future_Period,train_to_2016__test_from_2017,RandomForest,signal_increment,0.017500000000000033,0.217
M1_Macro_vs_M2_Macro_Oil__primary__Oil_Rent_Intensive_Pre2016_ge15pct,Oil_Rents_GDP_Pct_lag1,primary,Oil_Rent_Intensive_Pre2016_ge15pct,Future_Period,train_to_2016__test_from_2017,RandomForest,signal_increment,0.018000000000000033,0.2105
M1_Macro_vs_M2_Macro_Oil__primary__Oil_Rent_Intensive_Pre2016_ge15pct,Oil_Rents_GDP_Pct_lag1,primary,Oil_Rent_Intensive_Pre2016_ge15pct,Future_Period,train_to_2016__test_from_2017,RandomForest,signal_increment,0.018500000000000034,0.206
M1_Macro_vs_M2_Macro_Oil__primary__Oil_Rent_Intensive_Pre2016_ge15pct,Oil_Rents_GDP_Pct_lag1,primary,Oil_Rent_Intensive_Pre2016_ge15pct,Future_Period,train_to_2016__test_from_2017,RandomForest,signal_increment,0.019000000000000034,0.2025
M1_Macro_vs_M2_Macro_Oil__primary__Oil_Rent_Intensive_Pre2016_ge15pct,Oil_Rents_GDP_Pct_lag1,primary,Oil_Rent_Intensive_Pre2016_ge15pct,Future_Period,train_to_2016__test_from_2017,RandomForest,signal_increment,0.019500000000000035,0.1975
M1_Macro_vs_M2_Macro_Oil__primary__Oil_Rent_Intensive_Pre2016_ge15pct,Oil_Rents_GDP_Pct_lag1,primary,Oil_Rent_Intensive_Pre2016_ge15pct,Future_Period,train_to_2016__test_from_2017,RandomForest,signal_increment,0.020000000000000035,0.19
M1_Macro_vs_M2_Macro_Oil__primary__Oil_Rent_Intensive_Pre2016_ge15pct,Oil_Rents_GDP_Pct_lag1,primary,Oil_Rent_Intensive_Pre2016_ge15pct,Future_Period,train_to_2016__test_from_2017,RandomForest,signal_increment,0.020500000000000036,0.1845
M1_Macro_vs_M2_Macro_Oil__primary__Oil_Rent_Intensive_Pre2016_ge15pct,Oil_Rents_GDP_Pct_lag1,primary,Oil_Rent_Intensive_Pre2016_ge15pct,Future_Period,train_to_2016__test_from_2017,RandomForest,signal_increment,0.021000000000000036,0.1805
M1_Macro_vs_M2_Macro_Oil__primary__Oil_Rent_Intensive_Pre2016_ge15pct,Oil_Rents_GDP_Pct_lag1,primary,Oil_Rent_Intensive_Pre2016_ge15pct,Future_Period,train_to_2016__test_from_2017,RandomForest,signal_increment,0.021500000000000036,0.1735
M1_Macro_vs_M2_Macro_Oil__primary__Oil_Rent_Intensive_Pre2016_ge15pct,Oil_Rents_GDP_Pct_lag1,primary,Oil_Rent_Intensive_Pre2016_ge15pct,Future_Period,train_to_2016__test_from_2017,RandomForest,signal_increment,0.022000000000000037,0.1685
M1_Macro_vs_M2_Macro_Oil__primary__Oil_Rent_Intensive_Pre2016_ge15pct,Oil_Rents_GDP_Pct_lag1,primary,Oil_Rent_Intensive_Pre2016_ge15pct,Future_Period,train_to_2016__test_from_2017,RandomForest,signal_increment,0.022500000000000037,0.1625
M1_Macro_vs_M2_Macro_Oil__primary__Oil_Rent_Intensive_Pre2016_ge15pct,Oil_Rents_GDP_Pct_lag1,primary,Oil_Rent_Intensive_Pre2016_ge15pct,Future_Period,train_to_2016__test_from_2017,RandomForest,signal_increment,0.023000000000000038,0.16
M1_Macro_vs_M2_Macro_Oil__primary__Oil_Rent_Intensive_Pre2016_ge15pct,Oil_Rents_GDP_Pct_lag1,primary,Oil_Rent_Intensive_Pre2016_ge15pct,Future_Period,train_to_2016__test_from_2017,RandomForest,signal_increment,0.023500000000000038,0.157
M1_Macro_vs_M2_Macro_Oil__primary__Oil_Rent_Intensive_Pre2016_ge15pct,Oil_Rents_GDP_Pct_lag1,primary,Oil_Rent_Intensive_Pre2016_ge15pct,Future_Period,train_to_2016__test_from_2017,RandomForest,signal_increment,0.02400000000000004,0.1525
M1_Macro_vs_M2_Macro_Oil__primary__Oil_Rent_Intensive_Pre2016_ge15pct,Oil_Rents_GDP_Pct_lag1,primary,Oil_Rent_Intensive_Pre2016_ge15pct,Future_Period,train_to_2016__test_from_2017,RandomForest,signal_increment,0.02450000000000004,0.1485
M1_Macro_vs_M2_Macro_Oil__primary__Oil_Rent_Intensive_Pre2016_ge15pct,Oil_Rents_GDP_Pct_lag1,primary,Oil_Rent_Intensive_Pre2016_ge15pct,Future_Period,train_to_2016__test_from_2017,RandomForest,signal_increment,0.02500000000000004,0.145
M1_Macro_vs_M2_Macro_Oil__primary__Oil_Rent_Intensive_Pre2016_ge15pct,Oil_Rents_GDP_Pct_lag1,primary,Oil_Rent_Intensive_Pre2016_ge15pct,Future_Period,train_to_2016__test_from_2017,RandomForest,signal_increment,0.02550000000000004,0.139
M1_Macro_vs_M2_Macro_Oil__primary__Oil_Rent_Intensive_Pre2016_ge15pct,Oil_Rents_GDP_Pct_lag1,primary,Oil_Rent_Intensive_Pre2016_ge15pct,Future_Period,train_to_2016__test_from_2017,RandomForest,signal_increment,0.02600000000000004,0.136
M1_Macro_vs_M2_Macro_Oil__primary__Oil_Rent_Intensive_Pre2016_ge15pct,Oil_Rents_GDP_Pct_lag1,primary,Oil_Rent_Intensive_Pre2016_ge15pct,Future_Period,train_to_2016__test_from_2017,RandomForest,signal_increment,0.02650000000000004,0.132
M1_Macro_vs_M2_Macro_Oil__primary__Oil_Rent_Intensive_Pre2016_ge15pct,Oil_Rents_GDP_Pct_lag1,primary,Oil_Rent_Intensive_Pre2016_ge15pct,Future_Period,train_to_2016__test_from_2017,RandomForest,signal_increment,0.02700000000000004,0.129
M1_Macro_vs_M2_Macro_Oil__primary__Oil_Rent_Intensive_Pre2016_ge15pct,Oil_Rents_GDP_Pct_lag1,primary,Oil_Rent_Intensive_Pre2016_ge15pct,Future_Period,train_to_2016__test_from_2017,RandomForest,signal_increment,0.027500000000000042,0.128
M1_Macro_vs_M2_Macro_Oil__primary__Oil_Rent_Intensive_Pre2016_ge15pct,Oil_Rents_GDP_Pct_lag1,primary,Oil_Rent_Intensive_Pre2016_ge15pct,Future_Period,train_to_2016__test_from_2017,RandomForest,signal_increment,0.028000000000000042,0.124
M1_Macro_vs_M2_Macro_Oil__primary__Oil_Rent_Intensive_Pre2016_ge15pct,Oil_Rents_GDP_Pct_lag1,primary,Oil_Rent_Intensive_Pre2016_ge15pct,Future_Period,train_to_2016__test_from_2017,RandomForest,signal_increment,0.028500000000000043,0.121
M1_Macro_vs_M2_Macro_Oil__primary__Oil_Rent_Intensive_Pre2016_ge15pct,Oil_Rents_GDP_Pct_lag1,primary,Oil_Rent_Intensive_Pre2016_ge15pct,Future_Period,train_to_2016__test_from_2017,RandomForest,signal_increment,0.029000000000000043,0.1155
M1_Macro_vs_M2_Macro_Oil__primary__Oil_Rent_Intensive_Pre2016_ge15pct,Oil_Rents_GDP_Pct_lag1,primary,Oil_Rent_Intensive_Pre2016_ge15pct,Future_Period,train_to_2016__test_from_2017,RandomForest,signal_increment,0.029500000000000044,0.11
M1_Macro_vs_M2_Macro_Oil__primary__Oil_Rent_Intensive_Pre2016_ge15pct,Oil_Rents_GDP_Pct_lag1,primary,Oil_Rent_Intensive_Pre2016_ge15pct,Future_Period,train_to_2016__test_from_2017,RandomForest,signal_increment,0.030000000000000044,0.107
M1_Macro_vs_M2_Macro_Oil__primary__Oil_Rent_Intensive_Pre2016_ge15pct,Oil_Rents_GDP_Pct_lag1,primary,Oil_Rent_Intensive_Pre2016_ge15pct,Future_Period,train_to_2016__test_from_2017,RandomForest,added_model_vs_strongest_benchmark,-0.02,0.806
M1_Macro_vs_M2_Macro_Oil__primary__Oil_Rent_Intensive_Pre2016_ge15pct,Oil_Rents_GDP_Pct_lag1,primary,Oil_Rent_Intensive_Pre2016_ge15pct,Future_Period,train_to_2016__test_from_2017,RandomForest,added_model_vs_strongest_benchmark,-0.0195,0.804
M1_Macro_vs_M2_Macro_Oil__primary__Oil_Rent_Intensive_Pre2016_ge15pct,Oil_Rents_GDP_Pct_lag1,primary,Oil_Rent_Intensive_Pre2016_ge15pct,Future_Period,train_to_2016__test_from_2017,RandomForest,added_model_vs_strongest_benchmark,-0.019,0.8035
M1_Macro_vs_M2_Macro_Oil__primary__Oil_Rent_Intensive_Pre2016_ge15pct,Oil_Rents_GDP_Pct_lag1,primary,Oil_Rent_Intensive_Pre2016_ge15pct,Future_Period,train_to_2016__test_from_2017,RandomForest,added_model_vs_strongest_benchmark,-0.0185,0.8005
M1_Macro_vs_M2_Macro_Oil__primary__Oil_Rent_Intensive_Pre2016_ge15pct,Oil_Rents_GDP_Pct_lag1,primary,Oil_Rent_Intensive_Pre2016_ge15pct,Future_Period,train_to_2016__test_from_2017,RandomForest,added_model_vs_strongest_benchmark,-0.018,0.799
M1_Macro_vs_M2_Macro_Oil__primary__Oil_Rent_Intensive_Pre2016_ge15pct,Oil_Rents_GDP_Pct_lag1,primary,Oil_Rent_Intensive_Pre2016_ge15pct,Future_Period,train_to_2016__test_from_2017,RandomForest,added_model_vs_strongest_benchmark,-0.017499999999999998,0.796
M1_Macro_vs_M2_Macro_Oil__primary__Oil_Rent_Intensive_Pre2016_ge15pct,Oil_Rents_GDP_Pct_lag1,primary,Oil_Rent_Intensive_Pre2016_ge15pct,Future_Period,train_to_2016__test_from_2017,RandomForest,added_model_vs_strongest_benchmark,-0.016999999999999998,0.794
M1_Macro_vs_M2_Macro_Oil__primary__Oil_Rent_Intensive_Pre2016_ge15pct,Oil_Rents_GDP_Pct_lag1,primary,Oil_Rent_Intensive_Pre2016_ge15pct,Future_Period,train_to_2016__test_from_2017,RandomForest,added_model_vs_strongest_benchmark,-0.016499999999999997,0.7915
M1_Macro_vs_M2_Macro_Oil__primary__Oil_Rent_Intensive_Pre2016_ge15pct,Oil_Rents_GDP_Pct_lag1,primary,Oil_Rent_Intensive_Pre2016_ge15pct,Future_Period,train_to_2016__test_from_2017,RandomForest,added_model_vs_strongest_benchmark,-0.015999999999999997,0.7885
M1_Macro_vs_M2_Macro_Oil__primary__Oil_Rent_Intensive_Pre2016_ge15pct,Oil_Rents_GDP_Pct_lag1,primary,Oil_Rent_Intensive_Pre2016_ge15pct,Future_Period,train_to_2016__test_from_2017,RandomForest,added_model_vs_strongest_benchmark,-0.015499999999999996,0.788
M1_Macro_vs_M2_Macro_Oil__primary__Oil_Rent_Intensive_Pre2016_ge15pct,Oil_Rents_GDP_Pct_lag1,primary,Oil_Rent_Intensive_Pre2016_ge15pct,Future_Period,train_to_2016__test_from_2017,RandomForest,added_model_vs_strongest_benchmark,-0.014999999999999996,0.7865
M1_Macro_vs_M2_Macro_Oil__primary__Oil_Rent_Intensive_Pre2016_ge15pct,Oil_Rents_GDP_Pct_lag1,primary,Oil_Rent_Intensive_Pre2016_ge15pct,Future_Period,train_to_2016__test_from_2017,RandomForest,added_model_vs_strongest_benchmark,-0.014499999999999996,0.7825
M1_Macro_vs_M2_Macro_Oil__primary__Oil_Rent_Intensive_Pre2016_ge15pct,Oil_Rents_GDP_Pct_lag1,primary,Oil_Rent_Intensive_Pre2016_ge15pct,Future_Period,train_to_2016__test_from_2017,RandomForest,added_model_vs_strongest_benchmark,-0.013999999999999995,0.78
M1_Macro_vs_M2_Macro_Oil__primary__Oil_Rent_Intensive_Pre2016_ge15pct,Oil_Rents_GDP_Pct_lag1,primary,Oil_Rent_Intensive_Pre2016_ge15pct,Future_Period,train_to_2016__test_from_2017,RandomForest,added_model_vs_strongest_benchmark,-0.013499999999999995,0.7785
M1_Macro_vs_M2_Macro_Oil__primary__Oil_Rent_Intensive_Pre2016_ge15pct,Oil_Rents_GDP_Pct_lag1,primary,Oil_Rent_Intensive_Pre2016_ge15pct,Future_Period,train_to_2016__test_from_2017,RandomForest,added_model_vs_strongest_benchmark,-0.012999999999999994,0.774
M1_Macro_vs_M2_Macro_Oil__primary__Oil_Rent_Intensive_Pre2016_ge15pct,Oil_Rents_GDP_Pct_lag1,primary,Oil_Rent_Intensive_Pre2016_ge15pct,Future_Period,train_to_2016__test_from_2017,RandomForest,added_model_vs_strongest_benchmark,-0.012499999999999994,0.7735
M1_Macro_vs_M2_Macro_Oil__primary__Oil_Rent_Intensive_Pre2016_ge15pct,Oil_Rents_GDP_Pct_lag1,primary,Oil_Rent_Intensive_Pre2016_ge15pct,Future_Period,train_to_2016__test_from_2017,RandomForest,added_model_vs_strongest_benchmark,-0.011999999999999993,0.771
M1_Macro_vs_M2_Macro_Oil__primary__Oil_Rent_Intensive_Pre2016_ge15pct,Oil_Rents_GDP_Pct_lag1,primary,Oil_Rent_Intensive_Pre2016_ge15pct,Future_Period,train_to_2016__test_from_2017,RandomForest,added_model_vs_strongest_benchmark,-0.011499999999999993,0.768
M1_Macro_vs_M2_Macro_Oil__primary__Oil_Rent_Intensive_Pre2016_ge15pct,Oil_Rents_GDP_Pct_lag1,primary,Oil_Rent_Intensive_Pre2016_ge15pct,Future_Period,train_to_2016__test_from_2017,RandomForest,added_model_vs_strongest_benchmark,-0.010999999999999992,0.766
M1_Macro_vs_M2_Macro_Oil__primary__Oil_Rent_Intensive_Pre2016_ge15pct,Oil_Rents_GDP_Pct_lag1,primary,Oil_Rent_Intensive_Pre2016_ge15pct,Future_Period,train_to_2016__test_from_2017,RandomForest,added_model_vs_strongest_benchmark,-0.010499999999999992,0.7635
M1_Macro_vs_M2_Macro_Oil__primary__Oil_Rent_Intensive_Pre2016_ge15pct,Oil_Rents_GDP_Pct_lag1,primary,Oil_Rent_Intensive_Pre2016_ge15pct,Future_Period,train_to_2016__test_from_2017,RandomForest,added_model_vs_strongest_benchmark,-0.009999999999999992,0.7605
M1_Macro_vs_M2_Macro_Oil__primary__Oil_Rent_Intensive_Pre2016_ge15pct,Oil_Rents_GDP_Pct_lag1,primary,Oil_Rent_Intensive_Pre2016_ge15pct,Future_Period,train_to_2016__test_from_2017,RandomForest,added_model_vs_strongest_benchmark,-0.009499999999999991,0.7575
M1_Macro_vs_M2_Macro_Oil__primary__Oil_Rent_Intensive_Pre2016_ge15pct,Oil_Rents_GDP_Pct_lag1,primary,Oil_Rent_Intensive_Pre2016_ge15pct,Future_Period,train_to_2016__test_from_2017,RandomForest,added_model_vs_strongest_benchmark,-0.00899999999999999,0.7565
M1_Macro_vs_M2_Macro_Oil__primary__Oil_Rent_Intensive_Pre2016_ge15pct,Oil_Rents_GDP_Pct_lag1,primary,Oil_Rent_Intensive_Pre2016_ge15pct,Future_Period,train_to_2016__test_from_2017,RandomForest,added_model_vs_strongest_benchmark,-0.00849999999999999,0.753
M1_Macro_vs_M2_Macro_Oil__primary__Oil_Rent_Intensive_Pre2016_ge15pct,Oil_Rents_GDP_Pct_lag1,primary,Oil_Rent_Intensive_Pre2016_ge15pct,Future_Period,train_to_2016__test_from_2017,RandomForest,added_model_vs_strongest_benchmark,-0.00799999999999999,0.75
M1_Macro_vs_M2_Macro_Oil__primary__Oil_Rent_Intensive_Pre2016_ge15pct,Oil_Rents_GDP_Pct_lag1,primary,Oil_Rent_Intensive_Pre2016_ge15pct,Future_Period,train_to_2016__test_from_2017,RandomForest,added_model_vs_strongest_benchmark,-0.007499999999999989,0.7495
M1_Macro_vs_M2_Macro_Oil__primary__Oil_Rent_Intensive_Pre2016_ge15pct,Oil_Rents_GDP_Pct_lag1,primary,Oil_Rent_Intensive_Pre2016_ge15pct,Future_Period,train_to_2016__test_from_2017,RandomForest,added_model_vs_strongest_benchmark,-0.006999999999999989,0.748
M1_Macro_vs_M2_Macro_Oil__primary__Oil_Rent_Intensive_Pre2016_ge15pct,Oil_Rents_GDP_Pct_lag1,primary,Oil_Rent_Intensive_Pre2016_ge15pct,Future_Period,train_to_2016__test_from_2017,RandomForest,added_model_vs_strongest_benchmark,-0.006499999999999988,0.745
M1_Macro_vs_M2_Macro_Oil__primary__Oil_Rent_Intensive_Pre2016_ge15pct,Oil_Rents_GDP_Pct_lag1,primary,Oil_Rent_Intensive_Pre2016_ge15pct,Future_Period,train_to_2016__test_from_2017,RandomForest,added_model_vs_strongest_benchmark,-0.005999999999999988,0.743
M1_Macro_vs_M2_Macro_Oil__primary__Oil_Rent_Intensive_Pre2016_ge15pct,Oil_Rents_GDP_Pct_lag1,primary,Oil_Rent_Intensive_Pre2016_ge15pct,Future_Period,train_to_2016__test_from_2017,RandomForest,added_model_vs_strongest_benchmark,-0.0054999999999999875,0.741
M1_Macro_vs_M2_Macro_Oil__primary__Oil_Rent_Intensive_Pre2016_ge15pct,Oil_Rents_GDP_Pct_lag1,primary,Oil_Rent_Intensive_Pre2016_ge15pct,Future_Period,train_to_2016__test_from_2017,RandomForest,added_model_vs_strongest_benchmark,-0.004999999999999987,0.738
M1_Macro_vs_M2_Macro_Oil__primary__Oil_Rent_Intensive_Pre2016_ge15pct,Oil_Rents_GDP_Pct_lag1,primary,Oil_Rent_Intensive_Pre2016_ge15pct,Future_Period,train_to_2016__test_from_2017,RandomForest,added_model_vs_strongest_benchmark,-0.004499999999999987,0.7355
M1_Macro_vs_M2_Macro_Oil__primary__Oil_Rent_Intensive_Pre2016_ge15pct,Oil_Rents_GDP_Pct_lag1,primary,Oil_Rent_Intensive_Pre2016_ge15pct,Future_Period,train_to_2016__test_from_2017,RandomForest,added_model_vs_strongest_benchmark,-0.003999999999999986,0.7325
M1_Macro_vs_M2_Macro_Oil__primary__Oil_Rent_Intensive_Pre2016_ge15pct,Oil_Rents_GDP_Pct_lag1,primary,Oil_Rent_Intensive_Pre2016_ge15pct,Future_Period,train_to_2016__test_from_2017,RandomForest,added_model_vs_strongest_benchmark,-0.0034999999999999858,0.73
M1_Macro_vs_M2_Macro_Oil__primary__Oil_Rent_Intensive_Pre2016_ge15pct,Oil_Rents_GDP_Pct_lag1,primary,Oil_Rent_Intensive_Pre2016_ge15pct,Future_Period,train_to_2016__test_from_2017,RandomForest,added_model_vs_strongest_benchmark,-0.0029999999999999853,0.7285
M1_Macro_vs_M2_Macro_Oil__primary__Oil_Rent_Intensive_Pre2016_ge15pct,Oil_Rents_GDP_Pct_lag1,primary,Oil_Rent_Intensive_Pre2016_ge15pct,Future_Period,train_to_2016__test_from_2017,RandomForest,added_model_vs_strongest_benchmark,-0.002499999999999985,0.727
M1_Macro_vs_M2_Macro_Oil__primary__Oil_Rent_Intensive_Pre2016_ge15pct,Oil_Rents_GDP_Pct_lag1,primary,Oil_Rent_Intensive_Pre2016_ge15pct,Future_Period,train_to_2016__test_from_2017,RandomForest,added_model_vs_strongest_benchmark,-0.0019999999999999844,0.722
M1_Macro_vs_M2_Macro_Oil__primary__Oil_Rent_Intensive_Pre2016_ge15pct,Oil_Rents_GDP_Pct_lag1,primary,Oil_Rent_Intensive_Pre2016_ge15pct,Future_Period,train_to_2016__test_from_2017,RandomForest,added_model_vs_strongest_benchmark,-0.001499999999999984,0.7205
M1_Macro_vs_M2_Macro_Oil__primary__Oil_Rent_Intensive_Pre2016_ge15pct,Oil_Rents_GDP_Pct_lag1,primary,Oil_Rent_Intensive_Pre2016_ge15pct,Future_Period,train_to_2016__test_from_2017,RandomForest,added_model_vs_strongest_benchmark,-0.0009999999999999835,0.717
M1_Macro_vs_M2_Macro_Oil__primary__Oil_Rent_Intensive_Pre2016_ge15pct,Oil_Rents_GDP_Pct_lag1,primary,Oil_Rent_Intensive_Pre2016_ge15pct,Future_Period,train_to_2016__test_from_2017,RandomForest,added_model_vs_strongest_benchmark,-0.0004999999999999831,0.714
M1_Macro_vs_M2_Macro_Oil__primary__Oil_Rent_Intensive_Pre2016_ge15pct,Oil_Rents_GDP_Pct_lag1,primary,Oil_Rent_Intensive_Pre2016_ge15pct,Future_Period,train_to_2016__test_from_2017,RandomForest,added_model_vs_strongest_benchmark,1.734723475976807e-17,0.7135
M1_Macro_vs_M2_Macro_Oil__primary__Oil_Rent_Intensive_Pre2016_ge15pct,Oil_Rents_GDP_Pct_lag1,primary,Oil_Rent_Intensive_Pre2016_ge15pct,Future_Period,train_to_2016__test_from_2017,RandomForest,added_model_vs_strongest_benchmark,0.0005000000000000178,0.712
M1_Macro_vs_M2_Macro_Oil__primary__Oil_Rent_Intensive_Pre2016_ge15pct,Oil_Rents_GDP_Pct_lag1,primary,Oil_Rent_Intensive_Pre2016_ge15pct,Future_Period,train_to_2016__test_from_2017,RandomForest,added_model_vs_strongest_benchmark,0.0010000000000000182,0.7095
M1_Macro_vs_M2_Macro_Oil__primary__Oil_Rent_Intensive_Pre2016_ge15pct,Oil_Rents_GDP_Pct_lag1,primary,Oil_Rent_Intensive_Pre2016_ge15pct,Future_Period,train_to_2016__test_from_2017,RandomForest,added_model_vs_strongest_benchmark,0.0015000000000000187,0.708
M1_Macro_vs_M2_Macro_Oil__primary__Oil_Rent_Intensive_Pre2016_ge15pct,Oil_Rents_GDP_Pct_lag1,primary,Oil_Rent_Intensive_Pre2016_ge15pct,Future_Period,train_to_2016__test_from_2017,RandomForest,added_model_vs_strongest_benchmark,0.002000000000000019,0.7055
M1_Macro_vs_M2_Macro_Oil__primary__Oil_Rent_Intensive_Pre2016_ge15pct,Oil_Rents_GDP_Pct_lag1,primary,Oil_Rent_Intensive_Pre2016_ge15pct,Future_Period,train_to_2016__test_from_2017,RandomForest,added_model_vs_strongest_benchmark,0.0025000000000000196,0.7025
M1_Macro_vs_M2_Macro_Oil__primary__Oil_Rent_Intensive_Pre2016_ge15pct,Oil_Rents_GDP_Pct_lag1,primary,Oil_Rent_Intensive_Pre2016_ge15pct,Future_Period,train_to_2016__test_from_2017,RandomForest,added_model_vs_strongest_benchmark,0.00300000000000002,0.7
M1_Macro_vs_M2_Macro_Oil__primary__Oil_Rent_Intensive_Pre2016_ge15pct,Oil_Rents_GDP_Pct_lag1,primary,Oil_Rent_Intensive_Pre2016_ge15pct,Future_Period,train_to_2016__test_from_2017,RandomForest,added_model_vs_strongest_benchmark,0.0035000000000000205,0.698
M1_Macro_vs_M2_Macro_Oil__primary__Oil_Rent_Intensive_Pre2016_ge15pct,Oil_Rents_GDP_Pct_lag1,primary,Oil_Rent_Intensive_Pre2016_ge15pct,Future_Period,train_to_2016__test_from_2017,RandomForest,added_model_vs_strongest_benchmark,0.004000000000000021,0.696
M1_Macro_vs_M2_Macro_Oil__primary__Oil_Rent_Intensive_Pre2016_ge15pct,Oil_Rents_GDP_Pct_lag1,primary,Oil_Rent_Intensive_Pre2016_ge15pct,Future_Period,train_to_2016__test_from_2017,RandomForest,added_model_vs_strongest_benchmark,0.004500000000000021,0.694
M1_Macro_vs_M2_Macro_Oil__primary__Oil_Rent_Intensive_Pre2016_ge15pct,Oil_Rents_GDP_Pct_lag1,primary,Oil_Rent_Intensive_Pre2016_ge15pct,Future_Period,train_to_2016__test_from_2017,RandomForest,added_model_vs_strongest_benchmark,0.005000000000000022,0.6925
M1_Macro_vs_M2_Macro_Oil__primary__Oil_Rent_Intensive_Pre2016_ge15pct,Oil_Rents_GDP_Pct_lag1,primary,Oil_Rent_Intensive_Pre2016_ge15pct,Future_Period,train_to_2016__test_from_2017,RandomForest,added_model_vs_strongest_benchmark,0.005500000000000022,0.691
M1_Macro_vs_M2_Macro_Oil__primary__Oil_Rent_Intensive_Pre2016_ge15pct,Oil_Rents_GDP_Pct_lag1,primary,Oil_Rent_Intensive_Pre2016_ge15pct,Future_Period,train_to_2016__test_from_2017,RandomForest,added_model_vs_strongest_benchmark,0.006000000000000023,0.691
M1_Macro_vs_M2_Macro_Oil__primary__Oil_Rent_Intensive_Pre2016_ge15pct,Oil_Rents_GDP_Pct_lag1,primary,Oil_Rent_Intensive_Pre2016_ge15pct,Future_Period,train_to_2016__test_from_2017,RandomForest,added_model_vs_strongest_benchmark,0.006500000000000023,0.69
M1_Macro_vs_M2_Macro_Oil__primary__Oil_Rent_Intensive_Pre2016_ge15pct,Oil_Rents_GDP_Pct_lag1,primary,Oil_Rent_Intensive_Pre2016_ge15pct,Future_Period,train_to_2016__test_from_2017,RandomForest,added_model_vs_strongest_benchmark,0.0070000000000000236,0.689
M1_Macro_vs_M2_Macro_Oil__primary__Oil_Rent_Intensive_Pre2016_ge15pct,Oil_Rents_GDP_Pct_lag1,primary,Oil_Rent_Intensive_Pre2016_ge15pct,Future_Period,train_to_2016__test_from_2017,RandomForest,added_model_vs_strongest_benchmark,0.007500000000000024,0.686
M1_Macro_vs_M2_Macro_Oil__primary__Oil_Rent_Intensive_Pre2016_ge15pct,Oil_Rents_GDP_Pct_lag1,primary,Oil_Rent_Intensive_Pre2016_ge15pct,Future_Period,train_to_2016__test_from_2017,RandomForest,added_model_vs_strongest_benchmark,0.008000000000000024,0.682
M1_Macro_vs_M2_Macro_Oil__primary__Oil_Rent_Intensive_Pre2016_ge15pct,Oil_Rents_GDP_Pct_lag1,primary,Oil_Rent_Intensive_Pre2016_ge15pct,Future_Period,train_to_2016__test_from_2017,RandomForest,added_model_vs_strongest_benchmark,0.008500000000000025,0.6815
M1_Macro_vs_M2_Macro_Oil__primary__Oil_Rent_Intensive_Pre2016_ge15pct,Oil_Rents_GDP_Pct_lag1,primary,Oil_Rent_Intensive_Pre2016_ge15pct,Future_Period,train_to_2016__test_from_2017,RandomForest,added_model_vs_strongest_benchmark,0.009000000000000025,0.6785
M1_Macro_vs_M2_Macro_Oil__primary__Oil_Rent_Intensive_Pre2016_ge15pct,Oil_Rents_GDP_Pct_lag1,primary,Oil_Rent_Intensive_Pre2016_ge15pct,Future_Period,train_to_2016__test_from_2017,RandomForest,added_model_vs_strongest_benchmark,0.009500000000000026,0.676
M1_Macro_vs_M2_Macro_Oil__primary__Oil_Rent_Intensive_Pre2016_ge15pct,Oil_Rents_GDP_Pct_lag1,primary,Oil_Rent_Intensive_Pre2016_ge15pct,Future_Period,train_to_2016__test_from_2017,RandomForest,added_model_vs_strongest_benchmark,0.010000000000000026,0.6715
M1_Macro_vs_M2_Macro_Oil__primary__Oil_Rent_Intensive_Pre2016_ge15pct,Oil_Rents_GDP_Pct_lag1,primary,Oil_Rent_Intensive_Pre2016_ge15pct,Future_Period,train_to_2016__test_from_2017,RandomForest,added_model_vs_strongest_benchmark,0.010500000000000027,0.6685
M1_Macro_vs_M2_Macro_Oil__primary__Oil_Rent_Intensive_Pre2016_ge15pct,Oil_Rents_GDP_Pct_lag1,primary,Oil_Rent_Intensive_Pre2016_ge15pct,Future_Period,train_to_2016__test_from_2017,RandomForest,added_model_vs_strongest_benchmark,0.011000000000000027,0.6645
M1_Macro_vs_M2_Macro_Oil__primary__Oil_Rent_Intensive_Pre2016_ge15pct,Oil_Rents_GDP_Pct_lag1,primary,Oil_Rent_Intensive_Pre2016_ge15pct,Future_Period,train_to_2016__test_from_2017,RandomForest,added_model_vs_strongest_benchmark,0.011500000000000028,0.6615
M1_Macro_vs_M2_Macro_Oil__primary__Oil_Rent_Intensive_Pre2016_ge15pct,Oil_Rents_GDP_Pct_lag1,primary,Oil_Rent_Intensive_Pre2016_ge15pct,Future_Period,train_to_2016__test_from_2017,RandomForest,added_model_vs_strongest_benchmark,0.012000000000000028,0.657
M1_Macro_vs_M2_Macro_Oil__primary__Oil_Rent_Intensive_Pre2016_ge15pct,Oil_Rents_GDP_Pct_lag1,primary,Oil_Rent_Intensive_Pre2016_ge15pct,Future_Period,train_to_2016__test_from_2017,RandomForest,added_model_vs_strongest_benchmark,0.012500000000000028,0.656
M1_Macro_vs_M2_Macro_Oil__primary__Oil_Rent_Intensive_Pre2016_ge15pct,Oil_Rents_GDP_Pct_lag1,primary,Oil_Rent_Intensive_Pre2016_ge15pct,Future_Period,train_to_2016__test_from_2017,RandomForest,added_model_vs_strongest_benchmark,0.013000000000000029,0.6535
M1_Macro_vs_M2_Macro_Oil__primary__Oil_Rent_Intensive_Pre2016_ge15pct,Oil_Rents_GDP_Pct_lag1,primary,Oil_Rent_Intensive_Pre2016_ge15pct,Future_Period,train_to_2016__test_from_2017,RandomForest,added_model_vs_strongest_benchmark,0.01350000000000003,0.651
M1_Macro_vs_M2_Macro_Oil__primary__Oil_Rent_Intensive_Pre2016_ge15pct,Oil_Rents_GDP_Pct_lag1,primary,Oil_Rent_Intensive_Pre2016_ge15pct,Future_Period,train_to_2016__test_from_2017,RandomForest,added_model_vs_strongest_benchmark,0.01400000000000003,0.648
M1_Macro_vs_M2_Macro_Oil__primary__Oil_Rent_Intensive_Pre2016_ge15pct,Oil_Rents_GDP_Pct_lag1,primary,Oil_Rent_Intensive_Pre2016_ge15pct,Future_Period,train_to_2016__test_from_2017,RandomForest,added_model_vs_strongest_benchmark,0.01450000000000003,0.646
M1_Macro_vs_M2_Macro_Oil__primary__Oil_Rent_Intensive_Pre2016_ge15pct,Oil_Rents_GDP_Pct_lag1,primary,Oil_Rent_Intensive_Pre2016_ge15pct,Future_Period,train_to_2016__test_from_2017,RandomForest,added_model_vs_strongest_benchmark,0.01500000000000003,0.6435
M1_Macro_vs_M2_Macro_Oil__primary__Oil_Rent_Intensive_Pre2016_ge15pct,Oil_Rents_GDP_Pct_lag1,primary,Oil_Rent_Intensive_Pre2016_ge15pct,Future_Period,train_to_2016__test_from_2017,RandomForest,added_model_vs_strongest_benchmark,0.015500000000000031,0.6395
M1_Macro_vs_M2_Macro_Oil__primary__Oil_Rent_Intensive_Pre2016_ge15pct,Oil_Rents_GDP_Pct_lag1,primary,Oil_Rent_Intensive_Pre2016_ge15pct,Future_Period,train_to_2016__test_from_2017,RandomForest,added_model_vs_strongest_benchmark,0.01600000000000003,0.637
M1_Macro_vs_M2_Macro_Oil__primary__Oil_Rent_Intensive_Pre2016_ge15pct,Oil_Rents_GDP_Pct_lag1,primary,Oil_Rent_Intensive_Pre2016_ge15pct,Future_Period,train_to_2016__test_from_2017,RandomForest,added_model_vs_strongest_benchmark,0.016500000000000032,0.6335
M1_Macro_vs_M2_Macro_Oil__primary__Oil_Rent_Intensive_Pre2016_ge15pct,Oil_Rents_GDP_Pct_lag1,primary,Oil_Rent_Intensive_Pre2016_ge15pct,Future_Period,train_to_2016__test_from_2017,RandomForest,added_model_vs_strongest_benchmark,0.017000000000000032,0.631
M1_Macro_vs_M2_Macro_Oil__primary__Oil_Rent_Intensive_Pre2016_ge15pct,Oil_Rents_GDP_Pct_lag1,primary,Oil_Rent_Intensive_Pre2016_ge15pct,Future_Period,train_to_2016__test_from_2017,RandomForest,added_model_vs_strongest_benchmark,0.017500000000000033,0.626
M1_Macro_vs_M2_Macro_Oil__primary__Oil_Rent_Intensive_Pre2016_ge15pct,Oil_Rents_GDP_Pct_lag1,primary,Oil_Rent_Intensive_Pre2016_ge15pct,Future_Period,train_to_2016__test_from_2017,RandomForest,added_model_vs_strongest_benchmark,0.018000000000000033,0.624
M1_Macro_vs_M2_Macro_Oil__primary__Oil_Rent_Intensive_Pre2016_ge15pct,Oil_Rents_GDP_Pct_lag1,primary,Oil_Rent_Intensive_Pre2016_ge15pct,Future_Period,train_to_2016__test_from_2017,RandomForest,added_model_vs_strongest_benchmark,0.018500000000000034,0.621
M1_Macro_vs_M2_Macro_Oil__primary__Oil_Rent_Intensive_Pre2016_ge15pct,Oil_Rents_GDP_Pct_lag1,primary,Oil_Rent_Intensive_Pre2016_ge15pct,Future_Period,train_to_2016__test_from_2017,RandomForest,added_model_vs_strongest_benchmark,0.019000000000000034,0.619
M1_Macro_vs_M2_Macro_Oil__primary__Oil_Rent_Intensive_Pre2016_ge15pct,Oil_Rents_GDP_Pct_lag1,primary,Oil_Rent_Intensive_Pre2016_ge15pct,Future_Period,train_to_2016__test_from_2017,RandomForest,added_model_vs_strongest_benchmark,0.019500000000000035,0.6175
M1_Macro_vs_M2_Macro_Oil__primary__Oil_Rent_Intensive_Pre2016_ge15pct,Oil_Rents_GDP_Pct_lag1,primary,Oil_Rent_Intensive_Pre2016_ge15pct,Future_Period,train_to_2016__test_from_2017,RandomForest,added_model_vs_strongest_benchmark,0.020000000000000035,0.615
M1_Macro_vs_M2_Macro_Oil__primary__Oil_Rent_Intensive_Pre2016_ge15pct,Oil_Rents_GDP_Pct_lag1,primary,Oil_Rent_Intensive_Pre2016_ge15pct,Future_Period,train_to_2016__test_from_2017,RandomForest,added_model_vs_strongest_benchmark,0.020500000000000036,0.6135
M1_Macro_vs_M2_Macro_Oil__primary__Oil_Rent_Intensive_Pre2016_ge15pct,Oil_Rents_GDP_Pct_lag1,primary,Oil_Rent_Intensive_Pre2016_ge15pct,Future_Period,train_to_2016__test_from_2017,RandomForest,added_model_vs_strongest_benchmark,0.021000000000000036,0.6115
M1_Macro_vs_M2_Macro_Oil__primary__Oil_Rent_Intensive_Pre2016_ge15pct,Oil_Rents_GDP_Pct_lag1,primary,Oil_Rent_Intensive_Pre2016_ge15pct,Future_Period,train_to_2016__test_from_2017,RandomForest,added_model_vs_strongest_benchmark,0.021500000000000036,0.609
M1_Macro_vs_M2_Macro_Oil__primary__Oil_Rent_Intensive_Pre2016_ge15pct,Oil_Rents_GDP_Pct_lag1,primary,Oil_Rent_Intensive_Pre2016_ge15pct,Future_Period,train_to_2016__test_from_2017,RandomForest,added_model_vs_strongest_benchmark,0.022000000000000037,0.607
M1_Macro_vs_M2_Macro_Oil__primary__Oil_Rent_Intensive_Pre2016_ge15pct,Oil_Rents_GDP_Pct_lag1,primary,Oil_Rent_Intensive_Pre2016_ge15pct,Future_Period,train_to_2016__test_from_2017,RandomForest,added_model_vs_strongest_benchmark,0.022500000000000037,0.604
M1_Macro_vs_M2_Macro_Oil__primary__Oil_Rent_Intensive_Pre2016_ge15pct,Oil_Rents_GDP_Pct_lag1,primary,Oil_Rent_Intensive_Pre2016_ge15pct,Future_Period,train_to_2016__test_from_2017,RandomForest,added_model_vs_strongest_benchmark,0.023000000000000038,0.6
M1_Macro_vs_M2_Macro_Oil__primary__Oil_Rent_Intensive_Pre2016_ge15pct,Oil_Rents_GDP_Pct_lag1,primary,Oil_Rent_Intensive_Pre2016_ge15pct,Future_Period,train_to_2016__test_from_2017,RandomForest,added_model_vs_strongest_benchmark,0.023500000000000038,0.598
M1_Macro_vs_M2_Macro_Oil__primary__Oil_Rent_Intensive_Pre2016_ge15pct,Oil_Rents_GDP_Pct_lag1,primary,Oil_Rent_Intensive_Pre2016_ge15pct,Future_Period,train_to_2016__test_from_2017,RandomForest,added_model_vs_strongest_benchmark,0.02400000000000004,0.595
M1_Macro_vs_M2_Macro_Oil__primary__Oil_Rent_Intensive_Pre2016_ge15pct,Oil_Rents_GDP_Pct_lag1,primary,Oil_Rent_Intensive_Pre2016_ge15pct,Future_Period,train_to_2016__test_from_2017,RandomForest,added_model_vs_strongest_benchmark,0.02450000000000004,0.591
M1_Macro_vs_M2_Macro_Oil__primary__Oil_Rent_Intensive_Pre2016_ge15pct,Oil_Rents_GDP_Pct_lag1,primary,Oil_Rent_Intensive_Pre2016_ge15pct,Future_Period,train_to_2016__test_from_2017,RandomForest,added_model_vs_strongest_benchmark,0.02500000000000004,0.59
M1_Macro_vs_M2_Macro_Oil__primary__Oil_Rent_Intensive_Pre2016_ge15pct,Oil_Rents_GDP_Pct_lag1,primary,Oil_Rent_Intensive_Pre2016_ge15pct,Future_Period,train_to_2016__test_from_2017,RandomForest,added_model_vs_strongest_benchmark,0.02550000000000004,0.5875
M1_Macro_vs_M2_Macro_Oil__primary__Oil_Rent_Intensive_Pre2016_ge15pct,Oil_Rents_GDP_Pct_lag1,primary,Oil_Rent_Intensive_Pre2016_ge15pct,Future_Period,train_to_2016__test_from_2017,RandomForest,added_model_vs_strongest_benchmark,0.02600000000000004,0.585
M1_Macro_vs_M2_Macro_Oil__primary__Oil_Rent_Intensive_Pre2016_ge15pct,Oil_Rents_GDP_Pct_lag1,primary,Oil_Rent_Intensive_Pre2016_ge15pct,Future_Period,train_to_2016__test_from_2017,RandomForest,added_model_vs_strongest_benchmark,0.02650000000000004,0.5815
M1_Macro_vs_M2_Macro_Oil__primary__Oil_Rent_Intensive_Pre2016_ge15pct,Oil_Rents_GDP_Pct_lag1,primary,Oil_Rent_Intensive_Pre2016_ge15pct,Future_Period,train_to_2016__test_from_2017,RandomForest,added_model_vs_strongest_benchmark,0.02700000000000004,0.5775
M1_Macro_vs_M2_Macro_Oil__primary__Oil_Rent_Intensive_Pre2016_ge15pct,Oil_Rents_GDP_Pct_lag1,primary,Oil_Rent_Intensive_Pre2016_ge15pct,Future_Period,train_to_2016__test_from_2017,RandomForest,added_model_vs_strongest_benchmark,0.027500000000000042,0.5735
M1_Macro_vs_M2_Macro_Oil__primary__Oil_Rent_Intensive_Pre2016_ge15pct,Oil_Rents_GDP_Pct_lag1,primary,Oil_Rent_Intensive_Pre2016_ge15pct,Future_Period,train_to_2016__test_from_2017,RandomForest,added_model_vs_strongest_benchmark,0.028000000000000042,0.572
M1_Macro_vs_M2_Macro_Oil__primary__Oil_Rent_Intensive_Pre2016_ge15pct,Oil_Rents_GDP_Pct_lag1,primary,Oil_Rent_Intensive_Pre2016_ge15pct,Future_Period,train_to_2016__test_from_2017,RandomForest,added_model_vs_strongest_benchmark,0.028500000000000043,0.569
M1_Macro_vs_M2_Macro_Oil__primary__Oil_Rent_Intensive_Pre2016_ge15pct,Oil_Rents_GDP_Pct_lag1,primary,Oil_Rent_Intensive_Pre2016_ge15pct,Future_Period,train_to_2016__test_from_2017,RandomForest,added_model_vs_strongest_benchmark,0.029000000000000043,0.5685
M1_Macro_vs_M2_Macro_Oil__primary__Oil_Rent_Intensive_Pre2016_ge15pct,Oil_Rents_GDP_Pct_lag1,primary,Oil_Rent_Intensive_Pre2016_ge15pct,Future_Period,train_to_2016__test_from_2017,RandomForest,added_model_vs_strongest_benchmark,0.029500000000000044,0.5665
M1_Macro_vs_M2_Macro_Oil__primary__Oil_Rent_Intensive_Pre2016_ge15pct,Oil_Rents_GDP_Pct_lag1,primary,Oil_Rent_Intensive_Pre2016_ge15pct,Future_Period,train_to_2016__test_from_2017,RandomForest,added_model_vs_strongest_benchmark,0.030000000000000044,0.561
M1_Macro_vs_M2_Macro_Oil__primary__Oil_Rent_Intensive_Pre2016_ge15pct,Oil_Rents_GDP_Pct_lag1,primary,Oil_Rent_Intensive_Pre2016_ge15pct,Future_Period,train_to_2018__test_from_2019,Ridge,signal_increment,-0.02,1.0
M1_Macro_vs_M2_Macro_Oil__primary__Oil_Rent_Intensive_Pre2016_ge15pct,Oil_Rents_GDP_Pct_lag1,primary,Oil_Rent_Intensive_Pre2016_ge15pct,Future_Period,train_to_2018__test_from_2019,Ridge,signal_increment,-0.0195,1.0
M1_Macro_vs_M2_Macro_Oil__primary__Oil_Rent_Intensive_Pre2016_ge15pct,Oil_Rents_GDP_Pct_lag1,primary,Oil_Rent_Intensive_Pre2016_ge15pct,Future_Period,train_to_2018__test_from_2019,Ridge,signal_increment,-0.019,1.0
M1_Macro_vs_M2_Macro_Oil__primary__Oil_Rent_Intensive_Pre2016_ge15pct,Oil_Rents_GDP_Pct_lag1,primary,Oil_Rent_Intensive_Pre2016_ge15pct,Future_Period,train_to_2018__test_from_2019,Ridge,signal_increment,-0.0185,1.0
M1_Macro_vs_M2_Macro_Oil__primary__Oil_Rent_Intensive_Pre2016_ge15pct,Oil_Rents_GDP_Pct_lag1,primary,Oil_Rent_Intensive_Pre2016_ge15pct,Future_Period,train_to_2018__test_from_2019,Ridge,signal_increment,-0.018,1.0
M1_Macro_vs_M2_Macro_Oil__primary__Oil_Rent_Intensive_Pre2016_ge15pct,Oil_Rents_GDP_Pct_lag1,primary,Oil_Rent_Intensive_Pre2016_ge15pct,Future_Period,train_to_2018__test_from_2019,Ridge,signal_increment,-0.017499999999999998,1.0
M1_Macro_vs_M2_Macro_Oil__primary__Oil_Rent_Intensive_Pre2016_ge15pct,Oil_Rents_GDP_Pct_lag1,primary,Oil_Rent_Intensive_Pre2016_ge15pct,Future_Period,train_to_2018__test_from_2019,Ridge,signal_increment,-0.016999999999999998,1.0
M1_Macro_vs_M2_Macro_Oil__primary__Oil_Rent_Intensive_Pre2016_ge15pct,Oil_Rents_GDP_Pct_lag1,primary,Oil_Rent_Intensive_Pre2016_ge15pct,Future_Period,train_to_2018__test_from_2019,Ridge,signal_increment,-0.016499999999999997,1.0
M1_Macro_vs_M2_Macro_Oil__primary__Oil_Rent_Intensive_Pre2016_ge15pct,Oil_Rents_GDP_Pct_lag1,primary,Oil_Rent_Intensive_Pre2016_ge15pct,Future_Period,train_to_2018__test_from_2019,Ridge,signal_increment,-0.015999999999999997,1.0
M1_Macro_vs_M2_Macro_Oil__primary__Oil_Rent_Intensive_Pre2016_ge15pct,Oil_Rents_GDP_Pct_lag1,primary,Oil_Rent_Intensive_Pre2016_ge15pct,Future_Period,train_to_2018__test_from_2019,Ridge,signal_increment,-0.015499999999999996,0.9995
M1_Macro_vs_M2_Macro_Oil__primary__Oil_Rent_Intensive_Pre2016_ge15pct,Oil_Rents_GDP_Pct_lag1,primary,Oil_Rent_Intensive_Pre2016_ge15pct,Future_Period,train_to_2018__test_from_2019,Ridge,signal_increment,-0.014999999999999996,0.999
M1_Macro_vs_M2_Macro_Oil__primary__Oil_Rent_Intensive_Pre2016_ge15pct,Oil_Rents_GDP_Pct_lag1,primary,Oil_Rent_Intensive_Pre2016_ge15pct,Future_Period,train_to_2018__test_from_2019,Ridge,signal_increment,-0.014499999999999996,0.9975
M1_Macro_vs_M2_Macro_Oil__primary__Oil_Rent_Intensive_Pre2016_ge15pct,Oil_Rents_GDP_Pct_lag1,primary,Oil_Rent_Intensive_Pre2016_ge15pct,Future_Period,train_to_2018__test_from_2019,Ridge,signal_increment,-0.013999999999999995,0.9975
M1_Macro_vs_M2_Macro_Oil__primary__Oil_Rent_Intensive_Pre2016_ge15pct,Oil_Rents_GDP_Pct_lag1,primary,Oil_Rent_Intensive_Pre2016_ge15pct,Future_Period,train_to_2018__test_from_2019,Ridge,signal_increment,-0.013499999999999995,0.997
M1_Macro_vs_M2_Macro_Oil__primary__Oil_Rent_Intensive_Pre2016_ge15pct,Oil_Rents_GDP_Pct_lag1,primary,Oil_Rent_Intensive_Pre2016_ge15pct,Future_Period,train_to_2018__test_from_2019,Ridge,signal_increment,-0.012999999999999994,0.997
M1_Macro_vs_M2_Macro_Oil__primary__Oil_Rent_Intensive_Pre2016_ge15pct,Oil_Rents_GDP_Pct_lag1,primary,Oil_Rent_Intensive_Pre2016_ge15pct,Future_Period,train_to_2018__test_from_2019,Ridge,signal_increment,-0.012499999999999994,0.995
M1_Macro_vs_M2_Macro_Oil__primary__Oil_Rent_Intensive_Pre2016_ge15pct,Oil_Rents_GDP_Pct_lag1,primary,Oil_Rent_Intensive_Pre2016_ge15pct,Future_Period,train_to_2018__test_from_2019,Ridge,signal_increment,-0.011999999999999993,0.993
M1_Macro_vs_M2_Macro_Oil__primary__Oil_Rent_Intensive_Pre2016_ge15pct,Oil_Rents_GDP_Pct_lag1,primary,Oil_Rent_Intensive_Pre2016_ge15pct,Future_Period,train_to_2018__test_from_2019,Ridge,signal_increment,-0.011499999999999993,0.9905
M1_Macro_vs_M2_Macro_Oil__primary__Oil_Rent_Intensive_Pre2016_ge15pct,Oil_Rents_GDP_Pct_lag1,primary,Oil_Rent_Intensive_Pre2016_ge15pct,Future_Period,train_to_2018__test_from_2019,Ridge,signal_increment,-0.010999999999999992,0.9895
M1_Macro_vs_M2_Macro_Oil__primary__Oil_Rent_Intensive_Pre2016_ge15pct,Oil_Rents_GDP_Pct_lag1,primary,Oil_Rent_Intensive_Pre2016_ge15pct,Future_Period,train_to_2018__test_from_2019,Ridge,signal_increment,-0.010499999999999992,0.9855
M1_Macro_vs_M2_Macro_Oil__primary__Oil_Rent_Intensive_Pre2016_ge15pct,Oil_Rents_GDP_Pct_lag1,primary,Oil_Rent_Intensive_Pre2016_ge15pct,Future_Period,train_to_2018__test_from_2019,Ridge,signal_increment,-0.009999999999999992,0.983
M1_Macro_vs_M2_Macro_Oil__primary__Oil_Rent_Intensive_Pre2016_ge15pct,Oil_Rents_GDP_Pct_lag1,primary,Oil_Rent_Intensive_Pre2016_ge15pct,Future_Period,train_to_2018__test_from_2019,Ridge,signal_increment,-0.009499999999999991,0.9795
M1_Macro_vs_M2_Macro_Oil__primary__Oil_Rent_Intensive_Pre2016_ge15pct,Oil_Rents_GDP_Pct_lag1,primary,Oil_Rent_Intensive_Pre2016_ge15pct,Future_Period,train_to_2018__test_from_2019,Ridge,signal_increment,-0.00899999999999999,0.9735
M1_Macro_vs_M2_Macro_Oil__primary__Oil_Rent_Intensive_Pre2016_ge15pct,Oil_Rents_GDP_Pct_lag1,primary,Oil_Rent_Intensive_Pre2016_ge15pct,Future_Period,train_to_2018__test_from_2019,Ridge,signal_increment,-0.00849999999999999,0.9665
M1_Macro_vs_M2_Macro_Oil__primary__Oil_Rent_Intensive_Pre2016_ge15pct,Oil_Rents_GDP_Pct_lag1,primary,Oil_Rent_Intensive_Pre2016_ge15pct,Future_Period,train_to_2018__test_from_2019,Ridge,signal_increment,-0.00799999999999999,0.9565
M1_Macro_vs_M2_Macro_Oil__primary__Oil_Rent_Intensive_Pre2016_ge15pct,Oil_Rents_GDP_Pct_lag1,primary,Oil_Rent_Intensive_Pre2016_ge15pct,Future_Period,train_to_2018__test_from_2019,Ridge,signal_increment,-0.007499999999999989,0.9495
M1_Macro_vs_M2_Macro_Oil__primary__Oil_Rent_Intensive_Pre2016_ge15pct,Oil_Rents_GDP_Pct_lag1,primary,Oil_Rent_Intensive_Pre2016_ge15pct,Future_Period,train_to_2018__test_from_2019,Ridge,signal_increment,-0.006999999999999989,0.9345
M1_Macro_vs_M2_Macro_Oil__primary__Oil_Rent_Intensive_Pre2016_ge15pct,Oil_Rents_GDP_Pct_lag1,primary,Oil_Rent_Intensive_Pre2016_ge15pct,Future_Period,train_to_2018__test_from_2019,Ridge,signal_increment,-0.006499999999999988,0.9175
M1_Macro_vs_M2_Macro_Oil__primary__Oil_Rent_Intensive_Pre2016_ge15pct,Oil_Rents_GDP_Pct_lag1,primary,Oil_Rent_Intensive_Pre2016_ge15pct,Future_Period,train_to_2018__test_from_2019,Ridge,signal_increment,-0.005999999999999988,0.9005
M1_Macro_vs_M2_Macro_Oil__primary__Oil_Rent_Intensive_Pre2016_ge15pct,Oil_Rents_GDP_Pct_lag1,primary,Oil_Rent_Intensive_Pre2016_ge15pct,Future_Period,train_to_2018__test_from_2019,Ridge,signal_increment,-0.0054999999999999875,0.8875
M1_Macro_vs_M2_Macro_Oil__primary__Oil_Rent_Intensive_Pre2016_ge15pct,Oil_Rents_GDP_Pct_lag1,primary,Oil_Rent_Intensive_Pre2016_ge15pct,Future_Period,train_to_2018__test_from_2019,Ridge,signal_increment,-0.004999999999999987,0.868
M1_Macro_vs_M2_Macro_Oil__primary__Oil_Rent_Intensive_Pre2016_ge15pct,Oil_Rents_GDP_Pct_lag1,primary,Oil_Rent_Intensive_Pre2016_ge15pct,Future_Period,train_to_2018__test_from_2019,Ridge,signal_increment,-0.004499999999999987,0.8425
M1_Macro_vs_M2_Macro_Oil__primary__Oil_Rent_Intensive_Pre2016_ge15pct,Oil_Rents_GDP_Pct_lag1,primary,Oil_Rent_Intensive_Pre2016_ge15pct,Future_Period,train_to_2018__test_from_2019,Ridge,signal_increment,-0.003999999999999986,0.8155
M1_Macro_vs_M2_Macro_Oil__primary__Oil_Rent_Intensive_Pre2016_ge15pct,Oil_Rents_GDP_Pct_lag1,primary,Oil_Rent_Intensive_Pre2016_ge15pct,Future_Period,train_to_2018__test_from_2019,Ridge,signal_increment,-0.0034999999999999858,0.791
M1_Macro_vs_M2_Macro_Oil__primary__Oil_Rent_Intensive_Pre2016_ge15pct,Oil_Rents_GDP_Pct_lag1,primary,Oil_Rent_Intensive_Pre2016_ge15pct,Future_Period,train_to_2018__test_from_2019,Ridge,signal_increment,-0.0029999999999999853,0.7665
M1_Macro_vs_M2_Macro_Oil__primary__Oil_Rent_Intensive_Pre2016_ge15pct,Oil_Rents_GDP_Pct_lag1,primary,Oil_Rent_Intensive_Pre2016_ge15pct,Future_Period,train_to_2018__test_from_2019,Ridge,signal_increment,-0.002499999999999985,0.7395
M1_Macro_vs_M2_Macro_Oil__primary__Oil_Rent_Intensive_Pre2016_ge15pct,Oil_Rents_GDP_Pct_lag1,primary,Oil_Rent_Intensive_Pre2016_ge15pct,Future_Period,train_to_2018__test_from_2019,Ridge,signal_increment,-0.0019999999999999844,0.709
M1_Macro_vs_M2_Macro_Oil__primary__Oil_Rent_Intensive_Pre2016_ge15pct,Oil_Rents_GDP_Pct_lag1,primary,Oil_Rent_Intensive_Pre2016_ge15pct,Future_Period,train_to_2018__test_from_2019,Ridge,signal_increment,-0.001499999999999984,0.6775
M1_Macro_vs_M2_Macro_Oil__primary__Oil_Rent_Intensive_Pre2016_ge15pct,Oil_Rents_GDP_Pct_lag1,primary,Oil_Rent_Intensive_Pre2016_ge15pct,Future_Period,train_to_2018__test_from_2019,Ridge,signal_increment,-0.0009999999999999835,0.643
M1_Macro_vs_M2_Macro_Oil__primary__Oil_Rent_Intensive_Pre2016_ge15pct,Oil_Rents_GDP_Pct_lag1,primary,Oil_Rent_Intensive_Pre2016_ge15pct,Future_Period,train_to_2018__test_from_2019,Ridge,signal_increment,-0.0004999999999999831,0.6105
M1_Macro_vs_M2_Macro_Oil__primary__Oil_Rent_Intensive_Pre2016_ge15pct,Oil_Rents_GDP_Pct_lag1,primary,Oil_Rent_Intensive_Pre2016_ge15pct,Future_Period,train_to_2018__test_from_2019,Ridge,signal_increment,1.734723475976807e-17,0.569
M1_Macro_vs_M2_Macro_Oil__primary__Oil_Rent_Intensive_Pre2016_ge15pct,Oil_Rents_GDP_Pct_lag1,primary,Oil_Rent_Intensive_Pre2016_ge15pct,Future_Period,train_to_2018__test_from_2019,Ridge,signal_increment,0.0005000000000000178,0.536
M1_Macro_vs_M2_Macro_Oil__primary__Oil_Rent_Intensive_Pre2016_ge15pct,Oil_Rents_GDP_Pct_lag1,primary,Oil_Rent_Intensive_Pre2016_ge15pct,Future_Period,train_to_2018__test_from_2019,Ridge,signal_increment,0.0010000000000000182,0.501
M1_Macro_vs_M2_Macro_Oil__primary__Oil_Rent_Intensive_Pre2016_ge15pct,Oil_Rents_GDP_Pct_lag1,primary,Oil_Rent_Intensive_Pre2016_ge15pct,Future_Period,train_to_2018__test_from_2019,Ridge,signal_increment,0.0015000000000000187,0.458
M1_Macro_vs_M2_Macro_Oil__primary__Oil_Rent_Intensive_Pre2016_ge15pct,Oil_Rents_GDP_Pct_lag1,primary,Oil_Rent_Intensive_Pre2016_ge15pct,Future_Period,train_to_2018__test_from_2019,Ridge,signal_increment,0.002000000000000019,0.421
M1_Macro_vs_M2_Macro_Oil__primary__Oil_Rent_Intensive_Pre2016_ge15pct,Oil_Rents_GDP_Pct_lag1,primary,Oil_Rent_Intensive_Pre2016_ge15pct,Future_Period,train_to_2018__test_from_2019,Ridge,signal_increment,0.0025000000000000196,0.3865
M1_Macro_vs_M2_Macro_Oil__primary__Oil_Rent_Intensive_Pre2016_ge15pct,Oil_Rents_GDP_Pct_lag1,primary,Oil_Rent_Intensive_Pre2016_ge15pct,Future_Period,train_to_2018__test_from_2019,Ridge,signal_increment,0.00300000000000002,0.3505
M1_Macro_vs_M2_Macro_Oil__primary__Oil_Rent_Intensive_Pre2016_ge15pct,Oil_Rents_GDP_Pct_lag1,primary,Oil_Rent_Intensive_Pre2016_ge15pct,Future_Period,train_to_2018__test_from_2019,Ridge,signal_increment,0.0035000000000000205,0.32
M1_Macro_vs_M2_Macro_Oil__primary__Oil_Rent_Intensive_Pre2016_ge15pct,Oil_Rents_GDP_Pct_lag1,primary,Oil_Rent_Intensive_Pre2016_ge15pct,Future_Period,train_to_2018__test_from_2019,Ridge,signal_increment,0.004000000000000021,0.2875
M1_Macro_vs_M2_Macro_Oil__primary__Oil_Rent_Intensive_Pre2016_ge15pct,Oil_Rents_GDP_Pct_lag1,primary,Oil_Rent_Intensive_Pre2016_ge15pct,Future_Period,train_to_2018__test_from_2019,Ridge,signal_increment,0.004500000000000021,0.26
M1_Macro_vs_M2_Macro_Oil__primary__Oil_Rent_Intensive_Pre2016_ge15pct,Oil_Rents_GDP_Pct_lag1,primary,Oil_Rent_Intensive_Pre2016_ge15pct,Future_Period,train_to_2018__test_from_2019,Ridge,signal_increment,0.005000000000000022,0.228
M1_Macro_vs_M2_Macro_Oil__primary__Oil_Rent_Intensive_Pre2016_ge15pct,Oil_Rents_GDP_Pct_lag1,primary,Oil_Rent_Intensive_Pre2016_ge15pct,Future_Period,train_to_2018__test_from_2019,Ridge,signal_increment,0.005500000000000022,0.203
M1_Macro_vs_M2_Macro_Oil__primary__Oil_Rent_Intensive_Pre2016_ge15pct,Oil_Rents_GDP_Pct_lag1,primary,Oil_Rent_Intensive_Pre2016_ge15pct,Future_Period,train_to_2018__test_from_2019,Ridge,signal_increment,0.006000000000000023,0.1745
M1_Macro_vs_M2_Macro_Oil__primary__Oil_Rent_Intensive_Pre2016_ge15pct,Oil_Rents_GDP_Pct_lag1,primary,Oil_Rent_Intensive_Pre2016_ge15pct,Future_Period,train_to_2018__test_from_2019,Ridge,signal_increment,0.006500000000000023,0.153
M1_Macro_vs_M2_Macro_Oil__primary__Oil_Rent_Intensive_Pre2016_ge15pct,Oil_Rents_GDP_Pct_lag1,primary,Oil_Rent_Intensive_Pre2016_ge15pct,Future_Period,train_to_2018__test_from_2019,Ridge,signal_increment,0.0070000000000000236,0.13
M1_Macro_vs_M2_Macro_Oil__primary__Oil_Rent_Intensive_Pre2016_ge15pct,Oil_Rents_GDP_Pct_lag1,primary,Oil_Rent_Intensive_Pre2016_ge15pct,Future_Period,train_to_2018__test_from_2019,Ridge,signal_increment,0.007500000000000024,0.112
M1_Macro_vs_M2_Macro_Oil__primary__Oil_Rent_Intensive_Pre2016_ge15pct,Oil_Rents_GDP_Pct_lag1,primary,Oil_Rent_Intensive_Pre2016_ge15pct,Future_Period,train_to_2018__test_from_2019,Ridge,signal_increment,0.008000000000000024,0.095
M1_Macro_vs_M2_Macro_Oil__primary__Oil_Rent_Intensive_Pre2016_ge15pct,Oil_Rents_GDP_Pct_lag1,primary,Oil_Rent_Intensive_Pre2016_ge15pct,Future_Period,train_to_2018__test_from_2019,Ridge,signal_increment,0.008500000000000025,0.078
M1_Macro_vs_M2_Macro_Oil__primary__Oil_Rent_Intensive_Pre2016_ge15pct,Oil_Rents_GDP_Pct_lag1,primary,Oil_Rent_Intensive_Pre2016_ge15pct,Future_Period,train_to_2018__test_from_2019,Ridge,signal_increment,0.009000000000000025,0.0645
M1_Macro_vs_M2_Macro_Oil__primary__Oil_Rent_Intensive_Pre2016_ge15pct,Oil_Rents_GDP_Pct_lag1,primary,Oil_Rent_Intensive_Pre2016_ge15pct,Future_Period,train_to_2018__test_from_2019,Ridge,signal_increment,0.009500000000000026,0.051
M1_Macro_vs_M2_Macro_Oil__primary__Oil_Rent_Intensive_Pre2016_ge15pct,Oil_Rents_GDP_Pct_lag1,primary,Oil_Rent_Intensive_Pre2016_ge15pct,Future_Period,train_to_2018__test_from_2019,Ridge,signal_increment,0.010000000000000026,0.0415
M1_Macro_vs_M2_Macro_Oil__primary__Oil_Rent_Intensive_Pre2016_ge15pct,Oil_Rents_GDP_Pct_lag1,primary,Oil_Rent_Intensive_Pre2016_ge15pct,Future_Period,train_to_2018__test_from_2019,Ridge,signal_increment,0.010500000000000027,0.0335
M1_Macro_vs_M2_Macro_Oil__primary__Oil_Rent_Intensive_Pre2016_ge15pct,Oil_Rents_GDP_Pct_lag1,primary,Oil_Rent_Intensive_Pre2016_ge15pct,Future_Period,train_to_2018__test_from_2019,Ridge,signal_increment,0.011000000000000027,0.0275
M1_Macro_vs_M2_Macro_Oil__primary__Oil_Rent_Intensive_Pre2016_ge15pct,Oil_Rents_GDP_Pct_lag1,primary,Oil_Rent_Intensive_Pre2016_ge15pct,Future_Period,train_to_2018__test_from_2019,Ridge,signal_increment,0.011500000000000028,0.0215
M1_Macro_vs_M2_Macro_Oil__primary__Oil_Rent_Intensive_Pre2016_ge15pct,Oil_Rents_GDP_Pct_lag1,primary,Oil_Rent_Intensive_Pre2016_ge15pct,Future_Period,train_to_2018__test_from_2019,Ridge,signal_increment,0.012000000000000028,0.014
M1_Macro_vs_M2_Macro_Oil__primary__Oil_Rent_Intensive_Pre2016_ge15pct,Oil_Rents_GDP_Pct_lag1,primary,Oil_Rent_Intensive_Pre2016_ge15pct,Future_Period,train_to_2018__test_from_2019,Ridge,signal_increment,0.012500000000000028,0.011
M1_Macro_vs_M2_Macro_Oil__primary__Oil_Rent_Intensive_Pre2016_ge15pct,Oil_Rents_GDP_Pct_lag1,primary,Oil_Rent_Intensive_Pre2016_ge15pct,Future_Period,train_to_2018__test_from_2019,Ridge,signal_increment,0.013000000000000029,0.0075
M1_Macro_vs_M2_Macro_Oil__primary__Oil_Rent_Intensive_Pre2016_ge15pct,Oil_Rents_GDP_Pct_lag1,primary,Oil_Rent_Intensive_Pre2016_ge15pct,Future_Period,train_to_2018__test_from_2019,Ridge,signal_increment,0.01350000000000003,0.007
M1_Macro_vs_M2_Macro_Oil__primary__Oil_Rent_Intensive_Pre2016_ge15pct,Oil_Rents_GDP_Pct_lag1,primary,Oil_Rent_Intensive_Pre2016_ge15pct,Future_Period,train_to_2018__test_from_2019,Ridge,signal_increment,0.01400000000000003,0.0065
M1_Macro_vs_M2_Macro_Oil__primary__Oil_Rent_Intensive_Pre2016_ge15pct,Oil_Rents_GDP_Pct_lag1,primary,Oil_Rent_Intensive_Pre2016_ge15pct,Future_Period,train_to_2018__test_from_2019,Ridge,signal_increment,0.01450000000000003,0.0045
M1_Macro_vs_M2_Macro_Oil__primary__Oil_Rent_Intensive_Pre2016_ge15pct,Oil_Rents_GDP_Pct_lag1,primary,Oil_Rent_Intensive_Pre2016_ge15pct,Future_Period,train_to_2018__test_from_2019,Ridge,signal_increment,0.01500000000000003,0.0045
M1_Macro_vs_M2_Macro_Oil__primary__Oil_Rent_Intensive_Pre2016_ge15pct,Oil_Rents_GDP_Pct_lag1,primary,Oil_Rent_Intensive_Pre2016_ge15pct,Future_Period,train_to_2018__test_from_2019,Ridge,signal_increment,0.015500000000000031,0.0035
M1_Macro_vs_M2_Macro_Oil__primary__Oil_Rent_Intensive_Pre2016_ge15pct,Oil_Rents_GDP_Pct_lag1,primary,Oil_Rent_Intensive_Pre2016_ge15pct,Future_Period,train_to_2018__test_from_2019,Ridge,signal_increment,0.01600000000000003,0.0025
M1_Macro_vs_M2_Macro_Oil__primary__Oil_Rent_Intensive_Pre2016_ge15pct,Oil_Rents_GDP_Pct_lag1,primary,Oil_Rent_Intensive_Pre2016_ge15pct,Future_Period,train_to_2018__test_from_2019,Ridge,signal_increment,0.016500000000000032,0.001
M1_Macro_vs_M2_Macro_Oil__primary__Oil_Rent_Intensive_Pre2016_ge15pct,Oil_Rents_GDP_Pct_lag1,primary,Oil_Rent_Intensive_Pre2016_ge15pct,Future_Period,train_to_2018__test_from_2019,Ridge,signal_increment,0.017000000000000032,0.0005
M1_Macro_vs_M2_Macro_Oil__primary__Oil_Rent_Intensive_Pre2016_ge15pct,Oil_Rents_GDP_Pct_lag1,primary,Oil_Rent_Intensive_Pre2016_ge15pct,Future_Period,train_to_2018__test_from_2019,Ridge,signal_increment,0.017500000000000033,0.0005
M1_Macro_vs_M2_Macro_Oil__primary__Oil_Rent_Intensive_Pre2016_ge15pct,Oil_Rents_GDP_Pct_lag1,primary,Oil_Rent_Intensive_Pre2016_ge15pct,Future_Period,train_to_2018__test_from_2019,Ridge,signal_increment,0.018000000000000033,0.0005
M1_Macro_vs_M2_Macro_Oil__primary__Oil_Rent_Intensive_Pre2016_ge15pct,Oil_Rents_GDP_Pct_lag1,primary,Oil_Rent_Intensive_Pre2016_ge15pct,Future_Period,train_to_2018__test_from_2019,Ridge,signal_increment,0.018500000000000034,0.0005
M1_Macro_vs_M2_Macro_Oil__primary__Oil_Rent_Intensive_Pre2016_ge15pct,Oil_Rents_GDP_Pct_lag1,primary,Oil_Rent_Intensive_Pre2016_ge15pct,Future_Period,train_to_2018__test_from_2019,Ridge,signal_increment,0.019000000000000034,0.0005
M1_Macro_vs_M2_Macro_Oil__primary__Oil_Rent_Intensive_Pre2016_ge15pct,Oil_Rents_GDP_Pct_lag1,primary,Oil_Rent_Intensive_Pre2016_ge15pct,Future_Period,train_to_2018__test_from_2019,Ridge,signal_increment,0.019500000000000035,0.0
M1_Macro_vs_M2_Macro_Oil__primary__Oil_Rent_Intensive_Pre2016_ge15pct,Oil_Rents_GDP_Pct_lag1,primary,Oil_Rent_Intensive_Pre2016_ge15pct,Future_Period,train_to_2018__test_from_2019,Ridge,signal_increment,0.020000000000000035,0.0
M1_Macro_vs_M2_Macro_Oil__primary__Oil_Rent_Intensive_Pre2016_ge15pct,Oil_Rents_GDP_Pct_lag1,primary,Oil_Rent_Intensive_Pre2016_ge15pct,Future_Period,train_to_2018__test_from_2019,Ridge,signal_increment,0.020500000000000036,0.0
M1_Macro_vs_M2_Macro_Oil__primary__Oil_Rent_Intensive_Pre2016_ge15pct,Oil_Rents_GDP_Pct_lag1,primary,Oil_Rent_Intensive_Pre2016_ge15pct,Future_Period,train_to_2018__test_from_2019,Ridge,signal_increment,0.021000000000000036,0.0
M1_Macro_vs_M2_Macro_Oil__primary__Oil_Rent_Intensive_Pre2016_ge15pct,Oil_Rents_GDP_Pct_lag1,primary,Oil_Rent_Intensive_Pre2016_ge15pct,Future_Period,train_to_2018__test_from_2019,Ridge,signal_increment,0.021500000000000036,0.0
M1_Macro_vs_M2_Macro_Oil__primary__Oil_Rent_Intensive_Pre2016_ge15pct,Oil_Rents_GDP_Pct_lag1,primary,Oil_Rent_Intensive_Pre2016_ge15pct,Future_Period,train_to_2018__test_from_2019,Ridge,signal_increment,0.022000000000000037,0.0
M1_Macro_vs_M2_Macro_Oil__primary__Oil_Rent_Intensive_Pre2016_ge15pct,Oil_Rents_GDP_Pct_lag1,primary,Oil_Rent_Intensive_Pre2016_ge15pct,Future_Period,train_to_2018__test_from_2019,Ridge,signal_increment,0.022500000000000037,0.0
M1_Macro_vs_M2_Macro_Oil__primary__Oil_Rent_Intensive_Pre2016_ge15pct,Oil_Rents_GDP_Pct_lag1,primary,Oil_Rent_Intensive_Pre2016_ge15pct,Future_Period,train_to_2018__test_from_2019,Ridge,signal_increment,0.023000000000000038,0.0
M1_Macro_vs_M2_Macro_Oil__primary__Oil_Rent_Intensive_Pre2016_ge15pct,Oil_Rents_GDP_Pct_lag1,primary,Oil_Rent_Intensive_Pre2016_ge15pct,Future_Period,train_to_2018__test_from_2019,Ridge,signal_increment,0.023500000000000038,0.0
M1_Macro_vs_M2_Macro_Oil__primary__Oil_Rent_Intensive_Pre2016_ge15pct,Oil_Rents_GDP_Pct_lag1,primary,Oil_Rent_Intensive_Pre2016_ge15pct,Future_Period,train_to_2018__test_from_2019,Ridge,signal_increment,0.02400000000000004,0.0
M1_Macro_vs_M2_Macro_Oil__primary__Oil_Rent_Intensive_Pre2016_ge15pct,Oil_Rents_GDP_Pct_lag1,primary,Oil_Rent_Intensive_Pre2016_ge15pct,Future_Period,train_to_2018__test_from_2019,Ridge,signal_increment,0.02450000000000004,0.0
M1_Macro_vs_M2_Macro_Oil__primary__Oil_Rent_Intensive_Pre2016_ge15pct,Oil_Rents_GDP_Pct_lag1,primary,Oil_Rent_Intensive_Pre2016_ge15pct,Future_Period,train_to_2018__test_from_2019,Ridge,signal_increment,0.02500000000000004,0.0
M1_Macro_vs_M2_Macro_Oil__primary__Oil_Rent_Intensive_Pre2016_ge15pct,Oil_Rents_GDP_Pct_lag1,primary,Oil_Rent_Intensive_Pre2016_ge15pct,Future_Period,train_to_2018__test_from_2019,Ridge,signal_increment,0.02550000000000004,0.0
M1_Macro_vs_M2_Macro_Oil__primary__Oil_Rent_Intensive_Pre2016_ge15pct,Oil_Rents_GDP_Pct_lag1,primary,Oil_Rent_Intensive_Pre2016_ge15pct,Future_Period,train_to_2018__test_from_2019,Ridge,signal_increment,0.02600000000000004,0.0
M1_Macro_vs_M2_Macro_Oil__primary__Oil_Rent_Intensive_Pre2016_ge15pct,Oil_Rents_GDP_Pct_lag1,primary,Oil_Rent_Intensive_Pre2016_ge15pct,Future_Period,train_to_2018__test_from_2019,Ridge,signal_increment,0.02650000000000004,0.0
M1_Macro_vs_M2_Macro_Oil__primary__Oil_Rent_Intensive_Pre2016_ge15pct,Oil_Rents_GDP_Pct_lag1,primary,Oil_Rent_Intensive_Pre2016_ge15pct,Future_Period,train_to_2018__test_from_2019,Ridge,signal_increment,0.02700000000000004,0.0
M1_Macro_vs_M2_Macro_Oil__primary__Oil_Rent_Intensive_Pre2016_ge15pct,Oil_Rents_GDP_Pct_lag1,primary,Oil_Rent_Intensive_Pre2016_ge15pct,Future_Period,train_to_2018__test_from_2019,Ridge,signal_increment,0.027500000000000042,0.0
M1_Macro_vs_M2_Macro_Oil__primary__Oil_Rent_Intensive_Pre2016_ge15pct,Oil_Rents_GDP_Pct_lag1,primary,Oil_Rent_Intensive_Pre2016_ge15pct,Future_Period,train_to_2018__test_from_2019,Ridge,signal_increment,0.028000000000000042,0.0
M1_Macro_vs_M2_Macro_Oil__primary__Oil_Rent_Intensive_Pre2016_ge15pct,Oil_Rents_GDP_Pct_lag1,primary,Oil_Rent_Intensive_Pre2016_ge15pct,Future_Period,train_to_2018__test_from_2019,Ridge,signal_increment,0.028500000000000043,0.0
M1_Macro_vs_M2_Macro_Oil__primary__Oil_Rent_Intensive_Pre2016_ge15pct,Oil_Rents_GDP_Pct_lag1,primary,Oil_Rent_Intensive_Pre2016_ge15pct,Future_Period,train_to_2018__test_from_2019,Ridge,signal_increment,0.029000000000000043,0.0
M1_Macro_vs_M2_Macro_Oil__primary__Oil_Rent_Intensive_Pre2016_ge15pct,Oil_Rents_GDP_Pct_lag1,primary,Oil_Rent_Intensive_Pre2016_ge15pct,Future_Period,train_to_2018__test_from_2019,Ridge,signal_increment,0.029500000000000044,0.0
M1_Macro_vs_M2_Macro_Oil__primary__Oil_Rent_Intensive_Pre2016_ge15pct,Oil_Rents_GDP_Pct_lag1,primary,Oil_Rent_Intensive_Pre2016_ge15pct,Future_Period,train_to_2018__test_from_2019,Ridge,signal_increment,0.030000000000000044,0.0
M1_Macro_vs_M2_Macro_Oil__primary__Oil_Rent_Intensive_Pre2016_ge15pct,Oil_Rents_GDP_Pct_lag1,primary,Oil_Rent_Intensive_Pre2016_ge15pct,Future_Period,train_to_2018__test_from_2019,Ridge,added_model_vs_strongest_benchmark,-0.02,0.855
M1_Macro_vs_M2_Macro_Oil__primary__Oil_Rent_Intensive_Pre2016_ge15pct,Oil_Rents_GDP_Pct_lag1,primary,Oil_Rent_Intensive_Pre2016_ge15pct,Future_Period,train_to_2018__test_from_2019,Ridge,added_model_vs_strongest_benchmark,-0.0195,0.8545
M1_Macro_vs_M2_Macro_Oil__primary__Oil_Rent_Intensive_Pre2016_ge15pct,Oil_Rents_GDP_Pct_lag1,primary,Oil_Rent_Intensive_Pre2016_ge15pct,Future_Period,train_to_2018__test_from_2019,Ridge,added_model_vs_strongest_benchmark,-0.019,0.8515
M1_Macro_vs_M2_Macro_Oil__primary__Oil_Rent_Intensive_Pre2016_ge15pct,Oil_Rents_GDP_Pct_lag1,primary,Oil_Rent_Intensive_Pre2016_ge15pct,Future_Period,train_to_2018__test_from_2019,Ridge,added_model_vs_strongest_benchmark,-0.0185,0.8505
M1_Macro_vs_M2_Macro_Oil__primary__Oil_Rent_Intensive_Pre2016_ge15pct,Oil_Rents_GDP_Pct_lag1,primary,Oil_Rent_Intensive_Pre2016_ge15pct,Future_Period,train_to_2018__test_from_2019,Ridge,added_model_vs_strongest_benchmark,-0.018,0.8495
M1_Macro_vs_M2_Macro_Oil__primary__Oil_Rent_Intensive_Pre2016_ge15pct,Oil_Rents_GDP_Pct_lag1,primary,Oil_Rent_Intensive_Pre2016_ge15pct,Future_Period,train_to_2018__test_from_2019,Ridge,added_model_vs_strongest_benchmark,-0.017499999999999998,0.848
M1_Macro_vs_M2_Macro_Oil__primary__Oil_Rent_Intensive_Pre2016_ge15pct,Oil_Rents_GDP_Pct_lag1,primary,Oil_Rent_Intensive_Pre2016_ge15pct,Future_Period,train_to_2018__test_from_2019,Ridge,added_model_vs_strongest_benchmark,-0.016999999999999998,0.847
M1_Macro_vs_M2_Macro_Oil__primary__Oil_Rent_Intensive_Pre2016_ge15pct,Oil_Rents_GDP_Pct_lag1,primary,Oil_Rent_Intensive_Pre2016_ge15pct,Future_Period,train_to_2018__test_from_2019,Ridge,added_model_vs_strongest_benchmark,-0.016499999999999997,0.846
M1_Macro_vs_M2_Macro_Oil__primary__Oil_Rent_Intensive_Pre2016_ge15pct,Oil_Rents_GDP_Pct_lag1,primary,Oil_Rent_Intensive_Pre2016_ge15pct,Future_Period,train_to_2018__test_from_2019,Ridge,added_model_vs_strongest_benchmark,-0.015999999999999997,0.8445
M1_Macro_vs_M2_Macro_Oil__primary__Oil_Rent_Intensive_Pre2016_ge15pct,Oil_Rents_GDP_Pct_lag1,primary,Oil_Rent_Intensive_Pre2016_ge15pct,Future_Period,train_to_2018__test_from_2019,Ridge,added_model_vs_strongest_benchmark,-0.015499999999999996,0.8435
M1_Macro_vs_M2_Macro_Oil__primary__Oil_Rent_Intensive_Pre2016_ge15pct,Oil_Rents_GDP_Pct_lag1,primary,Oil_Rent_Intensive_Pre2016_ge15pct,Future_Period,train_to_2018__test_from_2019,Ridge,added_model_vs_strongest_benchmark,-0.014999999999999996,0.8395
M1_Macro_vs_M2_Macro_Oil__primary__Oil_Rent_Intensive_Pre2016_ge15pct,Oil_Rents_GDP_Pct_lag1,primary,Oil_Rent_Intensive_Pre2016_ge15pct,Future_Period,train_to_2018__test_from_2019,Ridge,added_model_vs_strongest_benchmark,-0.014499999999999996,0.838
M1_Macro_vs_M2_Macro_Oil__primary__Oil_Rent_Intensive_Pre2016_ge15pct,Oil_Rents_GDP_Pct_lag1,primary,Oil_Rent_Intensive_Pre2016_ge15pct,Future_Period,train_to_2018__test_from_2019,Ridge,added_model_vs_strongest_benchmark,-0.013999999999999995,0.8365
M1_Macro_vs_M2_Macro_Oil__primary__Oil_Rent_Intensive_Pre2016_ge15pct,Oil_Rents_GDP_Pct_lag1,primary,Oil_Rent_Intensive_Pre2016_ge15pct,Future_Period,train_to_2018__test_from_2019,Ridge,added_model_vs_strongest_benchmark,-0.013499999999999995,0.8325
M1_Macro_vs_M2_Macro_Oil__primary__Oil_Rent_Intensive_Pre2016_ge15pct,Oil_Rents_GDP_Pct_lag1,primary,Oil_Rent_Intensive_Pre2016_ge15pct,Future_Period,train_to_2018__test_from_2019,Ridge,added_model_vs_strongest_benchmark,-0.012999999999999994,0.8295
M1_Macro_vs_M2_Macro_Oil__primary__Oil_Rent_Intensive_Pre2016_ge15pct,Oil_Rents_GDP_Pct_lag1,primary,Oil_Rent_Intensive_Pre2016_ge15pct,Future_Period,train_to_2018__test_from_2019,Ridge,added_model_vs_strongest_benchmark,-0.012499999999999994,0.8265
M1_Macro_vs_M2_Macro_Oil__primary__Oil_Rent_Intensive_Pre2016_ge15pct,Oil_Rents_GDP_Pct_lag1,primary,Oil_Rent_Intensive_Pre2016_ge15pct,Future_Period,train_to_2018__test_from_2019,Ridge,added_model_vs_strongest_benchmark,-0.011999999999999993,0.825
M1_Macro_vs_M2_Macro_Oil__primary__Oil_Rent_Intensive_Pre2016_ge15pct,Oil_Rents_GDP_Pct_lag1,primary,Oil_Rent_Intensive_Pre2016_ge15pct,Future_Period,train_to_2018__test_from_2019,Ridge,added_model_vs_strongest_benchmark,-0.011499999999999993,0.8235
M1_Macro_vs_M2_Macro_Oil__primary__Oil_Rent_Intensive_Pre2016_ge15pct,Oil_Rents_GDP_Pct_lag1,primary,Oil_Rent_Intensive_Pre2016_ge15pct,Future_Period,train_to_2018__test_from_2019,Ridge,added_model_vs_strongest_benchmark,-0.010999999999999992,0.822
M1_Macro_vs_M2_Macro_Oil__primary__Oil_Rent_Intensive_Pre2016_ge15pct,Oil_Rents_GDP_Pct_lag1,primary,Oil_Rent_Intensive_Pre2016_ge15pct,Future_Period,train_to_2018__test_from_2019,Ridge,added_model_vs_strongest_benchmark,-0.010499999999999992,0.8215
M1_Macro_vs_M2_Macro_Oil__primary__Oil_Rent_Intensive_Pre2016_ge15pct,Oil_Rents_GDP_Pct_lag1,primary,Oil_Rent_Intensive_Pre2016_ge15pct,Future_Period,train_to_2018__test_from_2019,Ridge,added_model_vs_strongest_benchmark,-0.009999999999999992,0.82
M1_Macro_vs_M2_Macro_Oil__primary__Oil_Rent_Intensive_Pre2016_ge15pct,Oil_Rents_GDP_Pct_lag1,primary,Oil_Rent_Intensive_Pre2016_ge15pct,Future_Period,train_to_2018__test_from_2019,Ridge,added_model_vs_strongest_benchmark,-0.009499999999999991,0.819
M1_Macro_vs_M2_Macro_Oil__primary__Oil_Rent_Intensive_Pre2016_ge15pct,Oil_Rents_GDP_Pct_lag1,primary,Oil_Rent_Intensive_Pre2016_ge15pct,Future_Period,train_to_2018__test_from_2019,Ridge,added_model_vs_strongest_benchmark,-0.00899999999999999,0.8175
M1_Macro_vs_M2_Macro_Oil__primary__Oil_Rent_Intensive_Pre2016_ge15pct,Oil_Rents_GDP_Pct_lag1,primary,Oil_Rent_Intensive_Pre2016_ge15pct,Future_Period,train_to_2018__test_from_2019,Ridge,added_model_vs_strongest_benchmark,-0.00849999999999999,0.8155
M1_Macro_vs_M2_Macro_Oil__primary__Oil_Rent_Intensive_Pre2016_ge15pct,Oil_Rents_GDP_Pct_lag1,primary,Oil_Rent_Intensive_Pre2016_ge15pct,Future_Period,train_to_2018__test_from_2019,Ridge,added_model_vs_strongest_benchmark,-0.00799999999999999,0.814
M1_Macro_vs_M2_Macro_Oil__primary__Oil_Rent_Intensive_Pre2016_ge15pct,Oil_Rents_GDP_Pct_lag1,primary,Oil_Rent_Intensive_Pre2016_ge15pct,Future_Period,train_to_2018__test_from_2019,Ridge,added_model_vs_strongest_benchmark,-0.007499999999999989,0.8125
M1_Macro_vs_M2_Macro_Oil__primary__Oil_Rent_Intensive_Pre2016_ge15pct,Oil_Rents_GDP_Pct_lag1,primary,Oil_Rent_Intensive_Pre2016_ge15pct,Future_Period,train_to_2018__test_from_2019,Ridge,added_model_vs_strongest_benchmark,-0.006999999999999989,0.81
M1_Macro_vs_M2_Macro_Oil__primary__Oil_Rent_Intensive_Pre2016_ge15pct,Oil_Rents_GDP_Pct_lag1,primary,Oil_Rent_Intensive_Pre2016_ge15pct,Future_Period,train_to_2018__test_from_2019,Ridge,added_model_vs_strongest_benchmark,-0.006499999999999988,0.8085
M1_Macro_vs_M2_Macro_Oil__primary__Oil_Rent_Intensive_Pre2016_ge15pct,Oil_Rents_GDP_Pct_lag1,primary,Oil_Rent_Intensive_Pre2016_ge15pct,Future_Period,train_to_2018__test_from_2019,Ridge,added_model_vs_strongest_benchmark,-0.005999999999999988,0.807
M1_Macro_vs_M2_Macro_Oil__primary__Oil_Rent_Intensive_Pre2016_ge15pct,Oil_Rents_GDP_Pct_lag1,primary,Oil_Rent_Intensive_Pre2016_ge15pct,Future_Period,train_to_2018__test_from_2019,Ridge,added_model_vs_strongest_benchmark,-0.0054999999999999875,0.806
M1_Macro_vs_M2_Macro_Oil__primary__Oil_Rent_Intensive_Pre2016_ge15pct,Oil_Rents_GDP_Pct_lag1,primary,Oil_Rent_Intensive_Pre2016_ge15pct,Future_Period,train_to_2018__test_from_2019,Ridge,added_model_vs_strongest_benchmark,-0.004999999999999987,0.805
M1_Macro_vs_M2_Macro_Oil__primary__Oil_Rent_Intensive_Pre2016_ge15pct,Oil_Rents_GDP_Pct_lag1,primary,Oil_Rent_Intensive_Pre2016_ge15pct,Future_Period,train_to_2018__test_from_2019,Ridge,added_model_vs_strongest_benchmark,-0.004499999999999987,0.8035
M1_Macro_vs_M2_Macro_Oil__primary__Oil_Rent_Intensive_Pre2016_ge15pct,Oil_Rents_GDP_Pct_lag1,primary,Oil_Rent_Intensive_Pre2016_ge15pct,Future_Period,train_to_2018__test_from_2019,Ridge,added_model_vs_strongest_benchmark,-0.003999999999999986,0.8025
M1_Macro_vs_M2_Macro_Oil__primary__Oil_Rent_Intensive_Pre2016_ge15pct,Oil_Rents_GDP_Pct_lag1,primary,Oil_Rent_Intensive_Pre2016_ge15pct,Future_Period,train_to_2018__test_from_2019,Ridge,added_model_vs_strongest_benchmark,-0.0034999999999999858,0.8015
M1_Macro_vs_M2_Macro_Oil__primary__Oil_Rent_Intensive_Pre2016_ge15pct,Oil_Rents_GDP_Pct_lag1,primary,Oil_Rent_Intensive_Pre2016_ge15pct,Future_Period,train_to_2018__test_from_2019,Ridge,added_model_vs_strongest_benchmark,-0.0029999999999999853,0.8015
M1_Macro_vs_M2_Macro_Oil__primary__Oil_Rent_Intensive_Pre2016_ge15pct,Oil_Rents_GDP_Pct_lag1,primary,Oil_Rent_Intensive_Pre2016_ge15pct,Future_Period,train_to_2018__test_from_2019,Ridge,added_model_vs_strongest_benchmark,-0.002499999999999985,0.8005
M1_Macro_vs_M2_Macro_Oil__primary__Oil_Rent_Intensive_Pre2016_ge15pct,Oil_Rents_GDP_Pct_lag1,primary,Oil_Rent_Intensive_Pre2016_ge15pct,Future_Period,train_to_2018__test_from_2019,Ridge,added_model_vs_strongest_benchmark,-0.0019999999999999844,0.7985
M1_Macro_vs_M2_Macro_Oil__primary__Oil_Rent_Intensive_Pre2016_ge15pct,Oil_Rents_GDP_Pct_lag1,primary,Oil_Rent_Intensive_Pre2016_ge15pct,Future_Period,train_to_2018__test_from_2019,Ridge,added_model_vs_strongest_benchmark,-0.001499999999999984,0.7975
M1_Macro_vs_M2_Macro_Oil__primary__Oil_Rent_Intensive_Pre2016_ge15pct,Oil_Rents_GDP_Pct_lag1,primary,Oil_Rent_Intensive_Pre2016_ge15pct,Future_Period,train_to_2018__test_from_2019,Ridge,added_model_vs_strongest_benchmark,-0.0009999999999999835,0.7965
M1_Macro_vs_M2_Macro_Oil__primary__Oil_Rent_Intensive_Pre2016_ge15pct,Oil_Rents_GDP_Pct_lag1,primary,Oil_Rent_Intensive_Pre2016_ge15pct,Future_Period,train_to_2018__test_from_2019,Ridge,added_model_vs_strongest_benchmark,-0.0004999999999999831,0.793
M1_Macro_vs_M2_Macro_Oil__primary__Oil_Rent_Intensive_Pre2016_ge15pct,Oil_Rents_GDP_Pct_lag1,primary,Oil_Rent_Intensive_Pre2016_ge15pct,Future_Period,train_to_2018__test_from_2019,Ridge,added_model_vs_strongest_benchmark,1.734723475976807e-17,0.7895
M1_Macro_vs_M2_Macro_Oil__primary__Oil_Rent_Intensive_Pre2016_ge15pct,Oil_Rents_GDP_Pct_lag1,primary,Oil_Rent_Intensive_Pre2016_ge15pct,Future_Period,train_to_2018__test_from_2019,Ridge,added_model_vs_strongest_benchmark,0.0005000000000000178,0.789
M1_Macro_vs_M2_Macro_Oil__primary__Oil_Rent_Intensive_Pre2016_ge15pct,Oil_Rents_GDP_Pct_lag1,primary,Oil_Rent_Intensive_Pre2016_ge15pct,Future_Period,train_to_2018__test_from_2019,Ridge,added_model_vs_strongest_benchmark,0.0010000000000000182,0.7875
M1_Macro_vs_M2_Macro_Oil__primary__Oil_Rent_Intensive_Pre2016_ge15pct,Oil_Rents_GDP_Pct_lag1,primary,Oil_Rent_Intensive_Pre2016_ge15pct,Future_Period,train_to_2018__test_from_2019,Ridge,added_model_vs_strongest_benchmark,0.0015000000000000187,0.7865
M1_Macro_vs_M2_Macro_Oil__primary__Oil_Rent_Intensive_Pre2016_ge15pct,Oil_Rents_GDP_Pct_lag1,primary,Oil_Rent_Intensive_Pre2016_ge15pct,Future_Period,train_to_2018__test_from_2019,Ridge,added_model_vs_strongest_benchmark,0.002000000000000019,0.7835
M1_Macro_vs_M2_Macro_Oil__primary__Oil_Rent_Intensive_Pre2016_ge15pct,Oil_Rents_GDP_Pct_lag1,primary,Oil_Rent_Intensive_Pre2016_ge15pct,Future_Period,train_to_2018__test_from_2019,Ridge,added_model_vs_strongest_benchmark,0.0025000000000000196,0.7805
M1_Macro_vs_M2_Macro_Oil__primary__Oil_Rent_Intensive_Pre2016_ge15pct,Oil_Rents_GDP_Pct_lag1,primary,Oil_Rent_Intensive_Pre2016_ge15pct,Future_Period,train_to_2018__test_from_2019,Ridge,added_model_vs_strongest_benchmark,0.00300000000000002,0.778
M1_Macro_vs_M2_Macro_Oil__primary__Oil_Rent_Intensive_Pre2016_ge15pct,Oil_Rents_GDP_Pct_lag1,primary,Oil_Rent_Intensive_Pre2016_ge15pct,Future_Period,train_to_2018__test_from_2019,Ridge,added_model_vs_strongest_benchmark,0.0035000000000000205,0.776
M1_Macro_vs_M2_Macro_Oil__primary__Oil_Rent_Intensive_Pre2016_ge15pct,Oil_Rents_GDP_Pct_lag1,primary,Oil_Rent_Intensive_Pre2016_ge15pct,Future_Period,train_to_2018__test_from_2019,Ridge,added_model_vs_strongest_benchmark,0.004000000000000021,0.774
M1_Macro_vs_M2_Macro_Oil__primary__Oil_Rent_Intensive_Pre2016_ge15pct,Oil_Rents_GDP_Pct_lag1,primary,Oil_Rent_Intensive_Pre2016_ge15pct,Future_Period,train_to_2018__test_from_2019,Ridge,added_model_vs_strongest_benchmark,0.004500000000000021,0.7725
M1_Macro_vs_M2_Macro_Oil__primary__Oil_Rent_Intensive_Pre2016_ge15pct,Oil_Rents_GDP_Pct_lag1,primary,Oil_Rent_Intensive_Pre2016_ge15pct,Future_Period,train_to_2018__test_from_2019,Ridge,added_model_vs_strongest_benchmark,0.005000000000000022,0.772
M1_Macro_vs_M2_Macro_Oil__primary__Oil_Rent_Intensive_Pre2016_ge15pct,Oil_Rents_GDP_Pct_lag1,primary,Oil_Rent_Intensive_Pre2016_ge15pct,Future_Period,train_to_2018__test_from_2019,Ridge,added_model_vs_strongest_benchmark,0.005500000000000022,0.7695
M1_Macro_vs_M2_Macro_Oil__primary__Oil_Rent_Intensive_Pre2016_ge15pct,Oil_Rents_GDP_Pct_lag1,primary,Oil_Rent_Intensive_Pre2016_ge15pct,Future_Period,train_to_2018__test_from_2019,Ridge,added_model_vs_strongest_benchmark,0.006000000000000023,0.7675
M1_Macro_vs_M2_Macro_Oil__primary__Oil_Rent_Intensive_Pre2016_ge15pct,Oil_Rents_GDP_Pct_lag1,primary,Oil_Rent_Intensive_Pre2016_ge15pct,Future_Period,train_to_2018__test_from_2019,Ridge,added_model_vs_strongest_benchmark,0.006500000000000023,0.766
M1_Macro_vs_M2_Macro_Oil__primary__Oil_Rent_Intensive_Pre2016_ge15pct,Oil_Rents_GDP_Pct_lag1,primary,Oil_Rent_Intensive_Pre2016_ge15pct,Future_Period,train_to_2018__test_from_2019,Ridge,added_model_vs_strongest_benchmark,0.0070000000000000236,0.764
M1_Macro_vs_M2_Macro_Oil__primary__Oil_Rent_Intensive_Pre2016_ge15pct,Oil_Rents_GDP_Pct_lag1,primary,Oil_Rent_Intensive_Pre2016_ge15pct,Future_Period,train_to_2018__test_from_2019,Ridge,added_model_vs_strongest_benchmark,0.007500000000000024,0.763
M1_Macro_vs_M2_Macro_Oil__primary__Oil_Rent_Intensive_Pre2016_ge15pct,Oil_Rents_GDP_Pct_lag1,primary,Oil_Rent_Intensive_Pre2016_ge15pct,Future_Period,train_to_2018__test_from_2019,Ridge,added_model_vs_strongest_benchmark,0.008000000000000024,0.761
M1_Macro_vs_M2_Macro_Oil__primary__Oil_Rent_Intensive_Pre2016_ge15pct,Oil_Rents_GDP_Pct_lag1,primary,Oil_Rent_Intensive_Pre2016_ge15pct,Future_Period,train_to_2018__test_from_2019,Ridge,added_model_vs_strongest_benchmark,0.008500000000000025,0.759
M1_Macro_vs_M2_Macro_Oil__primary__Oil_Rent_Intensive_Pre2016_ge15pct,Oil_Rents_GDP_Pct_lag1,primary,Oil_Rent_Intensive_Pre2016_ge15pct,Future_Period,train_to_2018__test_from_2019,Ridge,added_model_vs_strongest_benchmark,0.009000000000000025,0.7575
M1_Macro_vs_M2_Macro_Oil__primary__Oil_Rent_Intensive_Pre2016_ge15pct,Oil_Rents_GDP_Pct_lag1,primary,Oil_Rent_Intensive_Pre2016_ge15pct,Future_Period,train_to_2018__test_from_2019,Ridge,added_model_vs_strongest_benchmark,0.009500000000000026,0.7565
M1_Macro_vs_M2_Macro_Oil__primary__Oil_Rent_Intensive_Pre2016_ge15pct,Oil_Rents_GDP_Pct_lag1,primary,Oil_Rent_Intensive_Pre2016_ge15pct,Future_Period,train_to_2018__test_from_2019,Ridge,added_model_vs_strongest_benchmark,0.010000000000000026,0.7555
M1_Macro_vs_M2_Macro_Oil__primary__Oil_Rent_Intensive_Pre2016_ge15pct,Oil_Rents_GDP_Pct_lag1,primary,Oil_Rent_Intensive_Pre2016_ge15pct,Future_Period,train_to_2018__test_from_2019,Ridge,added_model_vs_strongest_benchmark,0.010500000000000027,0.755
M1_Macro_vs_M2_Macro_Oil__primary__Oil_Rent_Intensive_Pre2016_ge15pct,Oil_Rents_GDP_Pct_lag1,primary,Oil_Rent_Intensive_Pre2016_ge15pct,Future_Period,train_to_2018__test_from_2019,Ridge,added_model_vs_strongest_benchmark,0.011000000000000027,0.7525
M1_Macro_vs_M2_Macro_Oil__primary__Oil_Rent_Intensive_Pre2016_ge15pct,Oil_Rents_GDP_Pct_lag1,primary,Oil_Rent_Intensive_Pre2016_ge15pct,Future_Period,train_to_2018__test_from_2019,Ridge,added_model_vs_strongest_benchmark,0.011500000000000028,0.7505
M1_Macro_vs_M2_Macro_Oil__primary__Oil_Rent_Intensive_Pre2016_ge15pct,Oil_Rents_GDP_Pct_lag1,primary,Oil_Rent_Intensive_Pre2016_ge15pct,Future_Period,train_to_2018__test_from_2019,Ridge,added_model_vs_strongest_benchmark,0.012000000000000028,0.7495
M1_Macro_vs_M2_Macro_Oil__primary__Oil_Rent_Intensive_Pre2016_ge15pct,Oil_Rents_GDP_Pct_lag1,primary,Oil_Rent_Intensive_Pre2016_ge15pct,Future_Period,train_to_2018__test_from_2019,Ridge,added_model_vs_strongest_benchmark,0.012500000000000028,0.747
M1_Macro_vs_M2_Macro_Oil__primary__Oil_Rent_Intensive_Pre2016_ge15pct,Oil_Rents_GDP_Pct_lag1,primary,Oil_Rent_Intensive_Pre2016_ge15pct,Future_Period,train_to_2018__test_from_2019,Ridge,added_model_vs_strongest_benchmark,0.013000000000000029,0.7465
M1_Macro_vs_M2_Macro_Oil__primary__Oil_Rent_Intensive_Pre2016_ge15pct,Oil_Rents_GDP_Pct_lag1,primary,Oil_Rent_Intensive_Pre2016_ge15pct,Future_Period,train_to_2018__test_from_2019,Ridge,added_model_vs_strongest_benchmark,0.01350000000000003,0.746
M1_Macro_vs_M2_Macro_Oil__primary__Oil_Rent_Intensive_Pre2016_ge15pct,Oil_Rents_GDP_Pct_lag1,primary,Oil_Rent_Intensive_Pre2016_ge15pct,Future_Period,train_to_2018__test_from_2019,Ridge,added_model_vs_strongest_benchmark,0.01400000000000003,0.7445
M1_Macro_vs_M2_Macro_Oil__primary__Oil_Rent_Intensive_Pre2016_ge15pct,Oil_Rents_GDP_Pct_lag1,primary,Oil_Rent_Intensive_Pre2016_ge15pct,Future_Period,train_to_2018__test_from_2019,Ridge,added_model_vs_strongest_benchmark,0.01450000000000003,0.742
M1_Macro_vs_M2_Macro_Oil__primary__Oil_Rent_Intensive_Pre2016_ge15pct,Oil_Rents_GDP_Pct_lag1,primary,Oil_Rent_Intensive_Pre2016_ge15pct,Future_Period,train_to_2018__test_from_2019,Ridge,added_model_vs_strongest_benchmark,0.01500000000000003,0.741
M1_Macro_vs_M2_Macro_Oil__primary__Oil_Rent_Intensive_Pre2016_ge15pct,Oil_Rents_GDP_Pct_lag1,primary,Oil_Rent_Intensive_Pre2016_ge15pct,Future_Period,train_to_2018__test_from_2019,Ridge,added_model_vs_strongest_benchmark,0.015500000000000031,0.738
M1_Macro_vs_M2_Macro_Oil__primary__Oil_Rent_Intensive_Pre2016_ge15pct,Oil_Rents_GDP_Pct_lag1,primary,Oil_Rent_Intensive_Pre2016_ge15pct,Future_Period,train_to_2018__test_from_2019,Ridge,added_model_vs_strongest_benchmark,0.01600000000000003,0.7345
M1_Macro_vs_M2_Macro_Oil__primary__Oil_Rent_Intensive_Pre2016_ge15pct,Oil_Rents_GDP_Pct_lag1,primary,Oil_Rent_Intensive_Pre2016_ge15pct,Future_Period,train_to_2018__test_from_2019,Ridge,added_model_vs_strongest_benchmark,0.016500000000000032,0.7335
M1_Macro_vs_M2_Macro_Oil__primary__Oil_Rent_Intensive_Pre2016_ge15pct,Oil_Rents_GDP_Pct_lag1,primary,Oil_Rent_Intensive_Pre2016_ge15pct,Future_Period,train_to_2018__test_from_2019,Ridge,added_model_vs_strongest_benchmark,0.017000000000000032,0.733
M1_Macro_vs_M2_Macro_Oil__primary__Oil_Rent_Intensive_Pre2016_ge15pct,Oil_Rents_GDP_Pct_lag1,primary,Oil_Rent_Intensive_Pre2016_ge15pct,Future_Period,train_to_2018__test_from_2019,Ridge,added_model_vs_strongest_benchmark,0.017500000000000033,0.7305
M1_Macro_vs_M2_Macro_Oil__primary__Oil_Rent_Intensive_Pre2016_ge15pct,Oil_Rents_GDP_Pct_lag1,primary,Oil_Rent_Intensive_Pre2016_ge15pct,Future_Period,train_to_2018__test_from_2019,Ridge,added_model_vs_strongest_benchmark,0.018000000000000033,0.728
M1_Macro_vs_M2_Macro_Oil__primary__Oil_Rent_Intensive_Pre2016_ge15pct,Oil_Rents_GDP_Pct_lag1,primary,Oil_Rent_Intensive_Pre2016_ge15pct,Future_Period,train_to_2018__test_from_2019,Ridge,added_model_vs_strongest_benchmark,0.018500000000000034,0.7255
M1_Macro_vs_M2_Macro_Oil__primary__Oil_Rent_Intensive_Pre2016_ge15pct,Oil_Rents_GDP_Pct_lag1,primary,Oil_Rent_Intensive_Pre2016_ge15pct,Future_Period,train_to_2018__test_from_2019,Ridge,added_model_vs_strongest_benchmark,0.019000000000000034,0.7245
M1_Macro_vs_M2_Macro_Oil__primary__Oil_Rent_Intensive_Pre2016_ge15pct,Oil_Rents_GDP_Pct_lag1,primary,Oil_Rent_Intensive_Pre2016_ge15pct,Future_Period,train_to_2018__test_from_2019,Ridge,added_model_vs_strongest_benchmark,0.019500000000000035,0.7235
M1_Macro_vs_M2_Macro_Oil__primary__Oil_Rent_Intensive_Pre2016_ge15pct,Oil_Rents_GDP_Pct_lag1,primary,Oil_Rent_Intensive_Pre2016_ge15pct,Future_Period,train_to_2018__test_from_2019,Ridge,added_model_vs_strongest_benchmark,0.020000000000000035,0.723
M1_Macro_vs_M2_Macro_Oil__primary__Oil_Rent_Intensive_Pre2016_ge15pct,Oil_Rents_GDP_Pct_lag1,primary,Oil_Rent_Intensive_Pre2016_ge15pct,Future_Period,train_to_2018__test_from_2019,Ridge,added_model_vs_strongest_benchmark,0.020500000000000036,0.722
M1_Macro_vs_M2_Macro_Oil__primary__Oil_Rent_Intensive_Pre2016_ge15pct,Oil_Rents_GDP_Pct_lag1,primary,Oil_Rent_Intensive_Pre2016_ge15pct,Future_Period,train_to_2018__test_from_2019,Ridge,added_model_vs_strongest_benchmark,0.021000000000000036,0.7195
M1_Macro_vs_M2_Macro_Oil__primary__Oil_Rent_Intensive_Pre2016_ge15pct,Oil_Rents_GDP_Pct_lag1,primary,Oil_Rent_Intensive_Pre2016_ge15pct,Future_Period,train_to_2018__test_from_2019,Ridge,added_model_vs_strongest_benchmark,0.021500000000000036,0.717
M1_Macro_vs_M2_Macro_Oil__primary__Oil_Rent_Intensive_Pre2016_ge15pct,Oil_Rents_GDP_Pct_lag1,primary,Oil_Rent_Intensive_Pre2016_ge15pct,Future_Period,train_to_2018__test_from_2019,Ridge,added_model_vs_strongest_benchmark,0.022000000000000037,0.7165
M1_Macro_vs_M2_Macro_Oil__primary__Oil_Rent_Intensive_Pre2016_ge15pct,Oil_Rents_GDP_Pct_lag1,primary,Oil_Rent_Intensive_Pre2016_ge15pct,Future_Period,train_to_2018__test_from_2019,Ridge,added_model_vs_strongest_benchmark,0.022500000000000037,0.7155
M1_Macro_vs_M2_Macro_Oil__primary__Oil_Rent_Intensive_Pre2016_ge15pct,Oil_Rents_GDP_Pct_lag1,primary,Oil_Rent_Intensive_Pre2016_ge15pct,Future_Period,train_to_2018__test_from_2019,Ridge,added_model_vs_strongest_benchmark,0.023000000000000038,0.7145
M1_Macro_vs_M2_Macro_Oil__primary__Oil_Rent_Intensive_Pre2016_ge15pct,Oil_Rents_GDP_Pct_lag1,primary,Oil_Rent_Intensive_Pre2016_ge15pct,Future_Period,train_to_2018__test_from_2019,Ridge,added_model_vs_strongest_benchmark,0.023500000000000038,0.712
M1_Macro_vs_M2_Macro_Oil__primary__Oil_Rent_Intensive_Pre2016_ge15pct,Oil_Rents_GDP_Pct_lag1,primary,Oil_Rent_Intensive_Pre2016_ge15pct,Future_Period,train_to_2018__test_from_2019,Ridge,added_model_vs_strongest_benchmark,0.02400000000000004,0.71
M1_Macro_vs_M2_Macro_Oil__primary__Oil_Rent_Intensive_Pre2016_ge15pct,Oil_Rents_GDP_Pct_lag1,primary,Oil_Rent_Intensive_Pre2016_ge15pct,Future_Period,train_to_2018__test_from_2019,Ridge,added_model_vs_strongest_benchmark,0.02450000000000004,0.708
M1_Macro_vs_M2_Macro_Oil__primary__Oil_Rent_Intensive_Pre2016_ge15pct,Oil_Rents_GDP_Pct_lag1,primary,Oil_Rent_Intensive_Pre2016_ge15pct,Future_Period,train_to_2018__test_from_2019,Ridge,added_model_vs_strongest_benchmark,0.02500000000000004,0.7075
M1_Macro_vs_M2_Macro_Oil__primary__Oil_Rent_Intensive_Pre2016_ge15pct,Oil_Rents_GDP_Pct_lag1,primary,Oil_Rent_Intensive_Pre2016_ge15pct,Future_Period,train_to_2018__test_from_2019,Ridge,added_model_vs_strongest_benchmark,0.02550000000000004,0.705
M1_Macro_vs_M2_Macro_Oil__primary__Oil_Rent_Intensive_Pre2016_ge15pct,Oil_Rents_GDP_Pct_lag1,primary,Oil_Rent_Intensive_Pre2016_ge15pct,Future_Period,train_to_2018__test_from_2019,Ridge,added_model_vs_strongest_benchmark,0.02600000000000004,0.7045
M1_Macro_vs_M2_Macro_Oil__primary__Oil_Rent_Intensive_Pre2016_ge15pct,Oil_Rents_GDP_Pct_lag1,primary,Oil_Rent_Intensive_Pre2016_ge15pct,Future_Period,train_to_2018__test_from_2019,Ridge,added_model_vs_strongest_benchmark,0.02650000000000004,0.702
M1_Macro_vs_M2_Macro_Oil__primary__Oil_Rent_Intensive_Pre2016_ge15pct,Oil_Rents_GDP_Pct_lag1,primary,Oil_Rent_Intensive_Pre2016_ge15pct,Future_Period,train_to_2018__test_from_2019,Ridge,added_model_vs_strongest_benchmark,0.02700000000000004,0.701
M1_Macro_vs_M2_Macro_Oil__primary__Oil_Rent_Intensive_Pre2016_ge15pct,Oil_Rents_GDP_Pct_lag1,primary,Oil_Rent_Intensive_Pre2016_ge15pct,Future_Period,train_to_2018__test_from_2019,Ridge,added_model_vs_strongest_benchmark,0.027500000000000042,0.697
M1_Macro_vs_M2_Macro_Oil__primary__Oil_Rent_Intensive_Pre2016_ge15pct,Oil_Rents_GDP_Pct_lag1,primary,Oil_Rent_Intensive_Pre2016_ge15pct,Future_Period,train_to_2018__test_from_2019,Ridge,added_model_vs_strongest_benchmark,0.028000000000000042,0.6965
M1_Macro_vs_M2_Macro_Oil__primary__Oil_Rent_Intensive_Pre2016_ge15pct,Oil_Rents_GDP_Pct_lag1,primary,Oil_Rent_Intensive_Pre2016_ge15pct,Future_Period,train_to_2018__test_from_2019,Ridge,added_model_vs_strongest_benchmark,0.028500000000000043,0.6955
M1_Macro_vs_M2_Macro_Oil__primary__Oil_Rent_Intensive_Pre2016_ge15pct,Oil_Rents_GDP_Pct_lag1,primary,Oil_Rent_Intensive_Pre2016_ge15pct,Future_Period,train_to_2018__test_from_2019,Ridge,added_model_vs_strongest_benchmark,0.029000000000000043,0.693
M1_Macro_vs_M2_Macro_Oil__primary__Oil_Rent_Intensive_Pre2016_ge15pct,Oil_Rents_GDP_Pct_lag1,primary,Oil_Rent_Intensive_Pre2016_ge15pct,Future_Period,train_to_2018__test_from_2019,Ridge,added_model_vs_strongest_benchmark,0.029500000000000044,0.6915
M1_Macro_vs_M2_Macro_Oil__primary__Oil_Rent_Intensive_Pre2016_ge15pct,Oil_Rents_GDP_Pct_lag1,primary,Oil_Rent_Intensive_Pre2016_ge15pct,Future_Period,train_to_2018__test_from_2019,Ridge,added_model_vs_strongest_benchmark,0.030000000000000044,0.6895
M1_Macro_vs_M2_Macro_Oil__primary__Oil_Rent_Intensive_Pre2016_ge15pct,Oil_Rents_GDP_Pct_lag1,primary,Oil_Rent_Intensive_Pre2016_ge15pct,Future_Period,train_to_2018__test_from_2019,ElasticNet,signal_increment,-0.02,1.0
M1_Macro_vs_M2_Macro_Oil__primary__Oil_Rent_Intensive_Pre2016_ge15pct,Oil_Rents_GDP_Pct_lag1,primary,Oil_Rent_Intensive_Pre2016_ge15pct,Future_Period,train_to_2018__test_from_2019,ElasticNet,signal_increment,-0.0195,1.0
M1_Macro_vs_M2_Macro_Oil__primary__Oil_Rent_Intensive_Pre2016_ge15pct,Oil_Rents_GDP_Pct_lag1,primary,Oil_Rent_Intensive_Pre2016_ge15pct,Future_Period,train_to_2018__test_from_2019,ElasticNet,signal_increment,-0.019,1.0
M1_Macro_vs_M2_Macro_Oil__primary__Oil_Rent_Intensive_Pre2016_ge15pct,Oil_Rents_GDP_Pct_lag1,primary,Oil_Rent_Intensive_Pre2016_ge15pct,Future_Period,train_to_2018__test_from_2019,ElasticNet,signal_increment,-0.0185,1.0
M1_Macro_vs_M2_Macro_Oil__primary__Oil_Rent_Intensive_Pre2016_ge15pct,Oil_Rents_GDP_Pct_lag1,primary,Oil_Rent_Intensive_Pre2016_ge15pct,Future_Period,train_to_2018__test_from_2019,ElasticNet,signal_increment,-0.018,1.0
M1_Macro_vs_M2_Macro_Oil__primary__Oil_Rent_Intensive_Pre2016_ge15pct,Oil_Rents_GDP_Pct_lag1,primary,Oil_Rent_Intensive_Pre2016_ge15pct,Future_Period,train_to_2018__test_from_2019,ElasticNet,signal_increment,-0.017499999999999998,1.0
M1_Macro_vs_M2_Macro_Oil__primary__Oil_Rent_Intensive_Pre2016_ge15pct,Oil_Rents_GDP_Pct_lag1,primary,Oil_Rent_Intensive_Pre2016_ge15pct,Future_Period,train_to_2018__test_from_2019,ElasticNet,signal_increment,-0.016999999999999998,1.0
M1_Macro_vs_M2_Macro_Oil__primary__Oil_Rent_Intensive_Pre2016_ge15pct,Oil_Rents_GDP_Pct_lag1,primary,Oil_Rent_Intensive_Pre2016_ge15pct,Future_Period,train_to_2018__test_from_2019,ElasticNet,signal_increment,-0.016499999999999997,1.0
M1_Macro_vs_M2_Macro_Oil__primary__Oil_Rent_Intensive_Pre2016_ge15pct,Oil_Rents_GDP_Pct_lag1,primary,Oil_Rent_Intensive_Pre2016_ge15pct,Future_Period,train_to_2018__test_from_2019,ElasticNet,signal_increment,-0.015999999999999997,1.0
M1_Macro_vs_M2_Macro_Oil__primary__Oil_Rent_Intensive_Pre2016_ge15pct,Oil_Rents_GDP_Pct_lag1,primary,Oil_Rent_Intensive_Pre2016_ge15pct,Future_Period,train_to_2018__test_from_2019,ElasticNet,signal_increment,-0.015499999999999996,0.999
M1_Macro_vs_M2_Macro_Oil__primary__Oil_Rent_Intensive_Pre2016_ge15pct,Oil_Rents_GDP_Pct_lag1,primary,Oil_Rent_Intensive_Pre2016_ge15pct,Future_Period,train_to_2018__test_from_2019,ElasticNet,signal_increment,-0.014999999999999996,0.999
M1_Macro_vs_M2_Macro_Oil__primary__Oil_Rent_Intensive_Pre2016_ge15pct,Oil_Rents_GDP_Pct_lag1,primary,Oil_Rent_Intensive_Pre2016_ge15pct,Future_Period,train_to_2018__test_from_2019,ElasticNet,signal_increment,-0.014499999999999996,0.9985
M1_Macro_vs_M2_Macro_Oil__primary__Oil_Rent_Intensive_Pre2016_ge15pct,Oil_Rents_GDP_Pct_lag1,primary,Oil_Rent_Intensive_Pre2016_ge15pct,Future_Period,train_to_2018__test_from_2019,ElasticNet,signal_increment,-0.013999999999999995,0.998
M1_Macro_vs_M2_Macro_Oil__primary__Oil_Rent_Intensive_Pre2016_ge15pct,Oil_Rents_GDP_Pct_lag1,primary,Oil_Rent_Intensive_Pre2016_ge15pct,Future_Period,train_to_2018__test_from_2019,ElasticNet,signal_increment,-0.013499999999999995,0.997
M1_Macro_vs_M2_Macro_Oil__primary__Oil_Rent_Intensive_Pre2016_ge15pct,Oil_Rents_GDP_Pct_lag1,primary,Oil_Rent_Intensive_Pre2016_ge15pct,Future_Period,train_to_2018__test_from_2019,ElasticNet,signal_increment,-0.012999999999999994,0.9965
M1_Macro_vs_M2_Macro_Oil__primary__Oil_Rent_Intensive_Pre2016_ge15pct,Oil_Rents_GDP_Pct_lag1,primary,Oil_Rent_Intensive_Pre2016_ge15pct,Future_Period,train_to_2018__test_from_2019,ElasticNet,signal_increment,-0.012499999999999994,0.9955
M1_Macro_vs_M2_Macro_Oil__primary__Oil_Rent_Intensive_Pre2016_ge15pct,Oil_Rents_GDP_Pct_lag1,primary,Oil_Rent_Intensive_Pre2016_ge15pct,Future_Period,train_to_2018__test_from_2019,ElasticNet,signal_increment,-0.011999999999999993,0.9945
M1_Macro_vs_M2_Macro_Oil__primary__Oil_Rent_Intensive_Pre2016_ge15pct,Oil_Rents_GDP_Pct_lag1,primary,Oil_Rent_Intensive_Pre2016_ge15pct,Future_Period,train_to_2018__test_from_2019,ElasticNet,signal_increment,-0.011499999999999993,0.994
M1_Macro_vs_M2_Macro_Oil__primary__Oil_Rent_Intensive_Pre2016_ge15pct,Oil_Rents_GDP_Pct_lag1,primary,Oil_Rent_Intensive_Pre2016_ge15pct,Future_Period,train_to_2018__test_from_2019,ElasticNet,signal_increment,-0.010999999999999992,0.99
M1_Macro_vs_M2_Macro_Oil__primary__Oil_Rent_Intensive_Pre2016_ge15pct,Oil_Rents_GDP_Pct_lag1,primary,Oil_Rent_Intensive_Pre2016_ge15pct,Future_Period,train_to_2018__test_from_2019,ElasticNet,signal_increment,-0.010499999999999992,0.988
M1_Macro_vs_M2_Macro_Oil__primary__Oil_Rent_Intensive_Pre2016_ge15pct,Oil_Rents_GDP_Pct_lag1,primary,Oil_Rent_Intensive_Pre2016_ge15pct,Future_Period,train_to_2018__test_from_2019,ElasticNet,signal_increment,-0.009999999999999992,0.9835
M1_Macro_vs_M2_Macro_Oil__primary__Oil_Rent_Intensive_Pre2016_ge15pct,Oil_Rents_GDP_Pct_lag1,primary,Oil_Rent_Intensive_Pre2016_ge15pct,Future_Period,train_to_2018__test_from_2019,ElasticNet,signal_increment,-0.009499999999999991,0.979
M1_Macro_vs_M2_Macro_Oil__primary__Oil_Rent_Intensive_Pre2016_ge15pct,Oil_Rents_GDP_Pct_lag1,primary,Oil_Rent_Intensive_Pre2016_ge15pct,Future_Period,train_to_2018__test_from_2019,ElasticNet,signal_increment,-0.00899999999999999,0.975
M1_Macro_vs_M2_Macro_Oil__primary__Oil_Rent_Intensive_Pre2016_ge15pct,Oil_Rents_GDP_Pct_lag1,primary,Oil_Rent_Intensive_Pre2016_ge15pct,Future_Period,train_to_2018__test_from_2019,ElasticNet,signal_increment,-0.00849999999999999,0.9705
M1_Macro_vs_M2_Macro_Oil__primary__Oil_Rent_Intensive_Pre2016_ge15pct,Oil_Rents_GDP_Pct_lag1,primary,Oil_Rent_Intensive_Pre2016_ge15pct,Future_Period,train_to_2018__test_from_2019,ElasticNet,signal_increment,-0.00799999999999999,0.9625
M1_Macro_vs_M2_Macro_Oil__primary__Oil_Rent_Intensive_Pre2016_ge15pct,Oil_Rents_GDP_Pct_lag1,primary,Oil_Rent_Intensive_Pre2016_ge15pct,Future_Period,train_to_2018__test_from_2019,ElasticNet,signal_increment,-0.007499999999999989,0.953
M1_Macro_vs_M2_Macro_Oil__primary__Oil_Rent_Intensive_Pre2016_ge15pct,Oil_Rents_GDP_Pct_lag1,primary,Oil_Rent_Intensive_Pre2016_ge15pct,Future_Period,train_to_2018__test_from_2019,ElasticNet,signal_increment,-0.006999999999999989,0.938
M1_Macro_vs_M2_Macro_Oil__primary__Oil_Rent_Intensive_Pre2016_ge15pct,Oil_Rents_GDP_Pct_lag1,primary,Oil_Rent_Intensive_Pre2016_ge15pct,Future_Period,train_to_2018__test_from_2019,ElasticNet,signal_increment,-0.006499999999999988,0.922
M1_Macro_vs_M2_Macro_Oil__primary__Oil_Rent_Intensive_Pre2016_ge15pct,Oil_Rents_GDP_Pct_lag1,primary,Oil_Rent_Intensive_Pre2016_ge15pct,Future_Period,train_to_2018__test_from_2019,ElasticNet,signal_increment,-0.005999999999999988,0.9055
M1_Macro_vs_M2_Macro_Oil__primary__Oil_Rent_Intensive_Pre2016_ge15pct,Oil_Rents_GDP_Pct_lag1,primary,Oil_Rent_Intensive_Pre2016_ge15pct,Future_Period,train_to_2018__test_from_2019,ElasticNet,signal_increment,-0.0054999999999999875,0.893
M1_Macro_vs_M2_Macro_Oil__primary__Oil_Rent_Intensive_Pre2016_ge15pct,Oil_Rents_GDP_Pct_lag1,primary,Oil_Rent_Intensive_Pre2016_ge15pct,Future_Period,train_to_2018__test_from_2019,ElasticNet,signal_increment,-0.004999999999999987,0.8665
M1_Macro_vs_M2_Macro_Oil__primary__Oil_Rent_Intensive_Pre2016_ge15pct,Oil_Rents_GDP_Pct_lag1,primary,Oil_Rent_Intensive_Pre2016_ge15pct,Future_Period,train_to_2018__test_from_2019,ElasticNet,signal_increment,-0.004499999999999987,0.847
M1_Macro_vs_M2_Macro_Oil__primary__Oil_Rent_Intensive_Pre2016_ge15pct,Oil_Rents_GDP_Pct_lag1,primary,Oil_Rent_Intensive_Pre2016_ge15pct,Future_Period,train_to_2018__test_from_2019,ElasticNet,signal_increment,-0.003999999999999986,0.821
M1_Macro_vs_M2_Macro_Oil__primary__Oil_Rent_Intensive_Pre2016_ge15pct,Oil_Rents_GDP_Pct_lag1,primary,Oil_Rent_Intensive_Pre2016_ge15pct,Future_Period,train_to_2018__test_from_2019,ElasticNet,signal_increment,-0.0034999999999999858,0.7965
M1_Macro_vs_M2_Macro_Oil__primary__Oil_Rent_Intensive_Pre2016_ge15pct,Oil_Rents_GDP_Pct_lag1,primary,Oil_Rent_Intensive_Pre2016_ge15pct,Future_Period,train_to_2018__test_from_2019,ElasticNet,signal_increment,-0.0029999999999999853,0.768
M1_Macro_vs_M2_Macro_Oil__primary__Oil_Rent_Intensive_Pre2016_ge15pct,Oil_Rents_GDP_Pct_lag1,primary,Oil_Rent_Intensive_Pre2016_ge15pct,Future_Period,train_to_2018__test_from_2019,ElasticNet,signal_increment,-0.002499999999999985,0.743
M1_Macro_vs_M2_Macro_Oil__primary__Oil_Rent_Intensive_Pre2016_ge15pct,Oil_Rents_GDP_Pct_lag1,primary,Oil_Rent_Intensive_Pre2016_ge15pct,Future_Period,train_to_2018__test_from_2019,ElasticNet,signal_increment,-0.0019999999999999844,0.7075
M1_Macro_vs_M2_Macro_Oil__primary__Oil_Rent_Intensive_Pre2016_ge15pct,Oil_Rents_GDP_Pct_lag1,primary,Oil_Rent_Intensive_Pre2016_ge15pct,Future_Period,train_to_2018__test_from_2019,ElasticNet,signal_increment,-0.001499999999999984,0.679
M1_Macro_vs_M2_Macro_Oil__primary__Oil_Rent_Intensive_Pre2016_ge15pct,Oil_Rents_GDP_Pct_lag1,primary,Oil_Rent_Intensive_Pre2016_ge15pct,Future_Period,train_to_2018__test_from_2019,ElasticNet,signal_increment,-0.0009999999999999835,0.6465
M1_Macro_vs_M2_Macro_Oil__primary__Oil_Rent_Intensive_Pre2016_ge15pct,Oil_Rents_GDP_Pct_lag1,primary,Oil_Rent_Intensive_Pre2016_ge15pct,Future_Period,train_to_2018__test_from_2019,ElasticNet,signal_increment,-0.0004999999999999831,0.6145
M1_Macro_vs_M2_Macro_Oil__primary__Oil_Rent_Intensive_Pre2016_ge15pct,Oil_Rents_GDP_Pct_lag1,primary,Oil_Rent_Intensive_Pre2016_ge15pct,Future_Period,train_to_2018__test_from_2019,ElasticNet,signal_increment,1.734723475976807e-17,0.5755
M1_Macro_vs_M2_Macro_Oil__primary__Oil_Rent_Intensive_Pre2016_ge15pct,Oil_Rents_GDP_Pct_lag1,primary,Oil_Rent_Intensive_Pre2016_ge15pct,Future_Period,train_to_2018__test_from_2019,ElasticNet,signal_increment,0.0005000000000000178,0.542
M1_Macro_vs_M2_Macro_Oil__primary__Oil_Rent_Intensive_Pre2016_ge15pct,Oil_Rents_GDP_Pct_lag1,primary,Oil_Rent_Intensive_Pre2016_ge15pct,Future_Period,train_to_2018__test_from_2019,ElasticNet,signal_increment,0.0010000000000000182,0.502
M1_Macro_vs_M2_Macro_Oil__primary__Oil_Rent_Intensive_Pre2016_ge15pct,Oil_Rents_GDP_Pct_lag1,primary,Oil_Rent_Intensive_Pre2016_ge15pct,Future_Period,train_to_2018__test_from_2019,ElasticNet,signal_increment,0.0015000000000000187,0.463
M1_Macro_vs_M2_Macro_Oil__primary__Oil_Rent_Intensive_Pre2016_ge15pct,Oil_Rents_GDP_Pct_lag1,primary,Oil_Rent_Intensive_Pre2016_ge15pct,Future_Period,train_to_2018__test_from_2019,ElasticNet,signal_increment,0.002000000000000019,0.422
M1_Macro_vs_M2_Macro_Oil__primary__Oil_Rent_Intensive_Pre2016_ge15pct,Oil_Rents_GDP_Pct_lag1,primary,Oil_Rent_Intensive_Pre2016_ge15pct,Future_Period,train_to_2018__test_from_2019,ElasticNet,signal_increment,0.0025000000000000196,0.387
M1_Macro_vs_M2_Macro_Oil__primary__Oil_Rent_Intensive_Pre2016_ge15pct,Oil_Rents_GDP_Pct_lag1,primary,Oil_Rent_Intensive_Pre2016_ge15pct,Future_Period,train_to_2018__test_from_2019,ElasticNet,signal_increment,0.00300000000000002,0.3565
M1_Macro_vs_M2_Macro_Oil__primary__Oil_Rent_Intensive_Pre2016_ge15pct,Oil_Rents_GDP_Pct_lag1,primary,Oil_Rent_Intensive_Pre2016_ge15pct,Future_Period,train_to_2018__test_from_2019,ElasticNet,signal_increment,0.0035000000000000205,0.321
M1_Macro_vs_M2_Macro_Oil__primary__Oil_Rent_Intensive_Pre2016_ge15pct,Oil_Rents_GDP_Pct_lag1,primary,Oil_Rent_Intensive_Pre2016_ge15pct,Future_Period,train_to_2018__test_from_2019,ElasticNet,signal_increment,0.004000000000000021,0.2895
M1_Macro_vs_M2_Macro_Oil__primary__Oil_Rent_Intensive_Pre2016_ge15pct,Oil_Rents_GDP_Pct_lag1,primary,Oil_Rent_Intensive_Pre2016_ge15pct,Future_Period,train_to_2018__test_from_2019,ElasticNet,signal_increment,0.004500000000000021,0.255
M1_Macro_vs_M2_Macro_Oil__primary__Oil_Rent_Intensive_Pre2016_ge15pct,Oil_Rents_GDP_Pct_lag1,primary,Oil_Rent_Intensive_Pre2016_ge15pct,Future_Period,train_to_2018__test_from_2019,ElasticNet,signal_increment,0.005000000000000022,0.229
M1_Macro_vs_M2_Macro_Oil__primary__Oil_Rent_Intensive_Pre2016_ge15pct,Oil_Rents_GDP_Pct_lag1,primary,Oil_Rent_Intensive_Pre2016_ge15pct,Future_Period,train_to_2018__test_from_2019,ElasticNet,signal_increment,0.005500000000000022,0.2025
M1_Macro_vs_M2_Macro_Oil__primary__Oil_Rent_Intensive_Pre2016_ge15pct,Oil_Rents_GDP_Pct_lag1,primary,Oil_Rent_Intensive_Pre2016_ge15pct,Future_Period,train_to_2018__test_from_2019,ElasticNet,signal_increment,0.006000000000000023,0.177
M1_Macro_vs_M2_Macro_Oil__primary__Oil_Rent_Intensive_Pre2016_ge15pct,Oil_Rents_GDP_Pct_lag1,primary,Oil_Rent_Intensive_Pre2016_ge15pct,Future_Period,train_to_2018__test_from_2019,ElasticNet,signal_increment,0.006500000000000023,0.1455
M1_Macro_vs_M2_Macro_Oil__primary__Oil_Rent_Intensive_Pre2016_ge15pct,Oil_Rents_GDP_Pct_lag1,primary,Oil_Rent_Intensive_Pre2016_ge15pct,Future_Period,train_to_2018__test_from_2019,ElasticNet,signal_increment,0.0070000000000000236,0.127
M1_Macro_vs_M2_Macro_Oil__primary__Oil_Rent_Intensive_Pre2016_ge15pct,Oil_Rents_GDP_Pct_lag1,primary,Oil_Rent_Intensive_Pre2016_ge15pct,Future_Period,train_to_2018__test_from_2019,ElasticNet,signal_increment,0.007500000000000024,0.105
M1_Macro_vs_M2_Macro_Oil__primary__Oil_Rent_Intensive_Pre2016_ge15pct,Oil_Rents_GDP_Pct_lag1,primary,Oil_Rent_Intensive_Pre2016_ge15pct,Future_Period,train_to_2018__test_from_2019,ElasticNet,signal_increment,0.008000000000000024,0.0905
M1_Macro_vs_M2_Macro_Oil__primary__Oil_Rent_Intensive_Pre2016_ge15pct,Oil_Rents_GDP_Pct_lag1,primary,Oil_Rent_Intensive_Pre2016_ge15pct,Future_Period,train_to_2018__test_from_2019,ElasticNet,signal_increment,0.008500000000000025,0.075
M1_Macro_vs_M2_Macro_Oil__primary__Oil_Rent_Intensive_Pre2016_ge15pct,Oil_Rents_GDP_Pct_lag1,primary,Oil_Rent_Intensive_Pre2016_ge15pct,Future_Period,train_to_2018__test_from_2019,ElasticNet,signal_increment,0.009000000000000025,0.062
M1_Macro_vs_M2_Macro_Oil__primary__Oil_Rent_Intensive_Pre2016_ge15pct,Oil_Rents_GDP_Pct_lag1,primary,Oil_Rent_Intensive_Pre2016_ge15pct,Future_Period,train_to_2018__test_from_2019,ElasticNet,signal_increment,0.009500000000000026,0.049
M1_Macro_vs_M2_Macro_Oil__primary__Oil_Rent_Intensive_Pre2016_ge15pct,Oil_Rents_GDP_Pct_lag1,primary,Oil_Rent_Intensive_Pre2016_ge15pct,Future_Period,train_to_2018__test_from_2019,ElasticNet,signal_increment,0.010000000000000026,0.0395
M1_Macro_vs_M2_Macro_Oil__primary__Oil_Rent_Intensive_Pre2016_ge15pct,Oil_Rents_GDP_Pct_lag1,primary,Oil_Rent_Intensive_Pre2016_ge15pct,Future_Period,train_to_2018__test_from_2019,ElasticNet,signal_increment,0.010500000000000027,0.033
M1_Macro_vs_M2_Macro_Oil__primary__Oil_Rent_Intensive_Pre2016_ge15pct,Oil_Rents_GDP_Pct_lag1,primary,Oil_Rent_Intensive_Pre2016_ge15pct,Future_Period,train_to_2018__test_from_2019,ElasticNet,signal_increment,0.011000000000000027,0.0275
M1_Macro_vs_M2_Macro_Oil__primary__Oil_Rent_Intensive_Pre2016_ge15pct,Oil_Rents_GDP_Pct_lag1,primary,Oil_Rent_Intensive_Pre2016_ge15pct,Future_Period,train_to_2018__test_from_2019,ElasticNet,signal_increment,0.011500000000000028,0.02
M1_Macro_vs_M2_Macro_Oil__primary__Oil_Rent_Intensive_Pre2016_ge15pct,Oil_Rents_GDP_Pct_lag1,primary,Oil_Rent_Intensive_Pre2016_ge15pct,Future_Period,train_to_2018__test_from_2019,ElasticNet,signal_increment,0.012000000000000028,0.0135
M1_Macro_vs_M2_Macro_Oil__primary__Oil_Rent_Intensive_Pre2016_ge15pct,Oil_Rents_GDP_Pct_lag1,primary,Oil_Rent_Intensive_Pre2016_ge15pct,Future_Period,train_to_2018__test_from_2019,ElasticNet,signal_increment,0.012500000000000028,0.009
M1_Macro_vs_M2_Macro_Oil__primary__Oil_Rent_Intensive_Pre2016_ge15pct,Oil_Rents_GDP_Pct_lag1,primary,Oil_Rent_Intensive_Pre2016_ge15pct,Future_Period,train_to_2018__test_from_2019,ElasticNet,signal_increment,0.013000000000000029,0.007
M1_Macro_vs_M2_Macro_Oil__primary__Oil_Rent_Intensive_Pre2016_ge15pct,Oil_Rents_GDP_Pct_lag1,primary,Oil_Rent_Intensive_Pre2016_ge15pct,Future_Period,train_to_2018__test_from_2019,ElasticNet,signal_increment,0.01350000000000003,0.007
M1_Macro_vs_M2_Macro_Oil__primary__Oil_Rent_Intensive_Pre2016_ge15pct,Oil_Rents_GDP_Pct_lag1,primary,Oil_Rent_Intensive_Pre2016_ge15pct,Future_Period,train_to_2018__test_from_2019,ElasticNet,signal_increment,0.01400000000000003,0.005
M1_Macro_vs_M2_Macro_Oil__primary__Oil_Rent_Intensive_Pre2016_ge15pct,Oil_Rents_GDP_Pct_lag1,primary,Oil_Rent_Intensive_Pre2016_ge15pct,Future_Period,train_to_2018__test_from_2019,ElasticNet,signal_increment,0.01450000000000003,0.0035
M1_Macro_vs_M2_Macro_Oil__primary__Oil_Rent_Intensive_Pre2016_ge15pct,Oil_Rents_GDP_Pct_lag1,primary,Oil_Rent_Intensive_Pre2016_ge15pct,Future_Period,train_to_2018__test_from_2019,ElasticNet,signal_increment,0.01500000000000003,0.0025
M1_Macro_vs_M2_Macro_Oil__primary__Oil_Rent_Intensive_Pre2016_ge15pct,Oil_Rents_GDP_Pct_lag1,primary,Oil_Rent_Intensive_Pre2016_ge15pct,Future_Period,train_to_2018__test_from_2019,ElasticNet,signal_increment,0.015500000000000031,0.002
M1_Macro_vs_M2_Macro_Oil__primary__Oil_Rent_Intensive_Pre2016_ge15pct,Oil_Rents_GDP_Pct_lag1,primary,Oil_Rent_Intensive_Pre2016_ge15pct,Future_Period,train_to_2018__test_from_2019,ElasticNet,signal_increment,0.01600000000000003,0.001
M1_Macro_vs_M2_Macro_Oil__primary__Oil_Rent_Intensive_Pre2016_ge15pct,Oil_Rents_GDP_Pct_lag1,primary,Oil_Rent_Intensive_Pre2016_ge15pct,Future_Period,train_to_2018__test_from_2019,ElasticNet,signal_increment,0.016500000000000032,0.001
M1_Macro_vs_M2_Macro_Oil__primary__Oil_Rent_Intensive_Pre2016_ge15pct,Oil_Rents_GDP_Pct_lag1,primary,Oil_Rent_Intensive_Pre2016_ge15pct,Future_Period,train_to_2018__test_from_2019,ElasticNet,signal_increment,0.017000000000000032,0.0005
M1_Macro_vs_M2_Macro_Oil__primary__Oil_Rent_Intensive_Pre2016_ge15pct,Oil_Rents_GDP_Pct_lag1,primary,Oil_Rent_Intensive_Pre2016_ge15pct,Future_Period,train_to_2018__test_from_2019,ElasticNet,signal_increment,0.017500000000000033,0.0005
M1_Macro_vs_M2_Macro_Oil__primary__Oil_Rent_Intensive_Pre2016_ge15pct,Oil_Rents_GDP_Pct_lag1,primary,Oil_Rent_Intensive_Pre2016_ge15pct,Future_Period,train_to_2018__test_from_2019,ElasticNet,signal_increment,0.018000000000000033,0.0
M1_Macro_vs_M2_Macro_Oil__primary__Oil_Rent_Intensive_Pre2016_ge15pct,Oil_Rents_GDP_Pct_lag1,primary,Oil_Rent_Intensive_Pre2016_ge15pct,Future_Period,train_to_2018__test_from_2019,ElasticNet,signal_increment,0.018500000000000034,0.0
M1_Macro_vs_M2_Macro_Oil__primary__Oil_Rent_Intensive_Pre2016_ge15pct,Oil_Rents_GDP_Pct_lag1,primary,Oil_Rent_Intensive_Pre2016_ge15pct,Future_Period,train_to_2018__test_from_2019,ElasticNet,signal_increment,0.019000000000000034,0.0
M1_Macro_vs_M2_Macro_Oil__primary__Oil_Rent_Intensive_Pre2016_ge15pct,Oil_Rents_GDP_Pct_lag1,primary,Oil_Rent_Intensive_Pre2016_ge15pct,Future_Period,train_to_2018__test_from_2019,ElasticNet,signal_increment,0.019500000000000035,0.0
M1_Macro_vs_M2_Macro_Oil__primary__Oil_Rent_Intensive_Pre2016_ge15pct,Oil_Rents_GDP_Pct_lag1,primary,Oil_Rent_Intensive_Pre2016_ge15pct,Future_Period,train_to_2018__test_from_2019,ElasticNet,signal_increment,0.020000000000000035,0.0
M1_Macro_vs_M2_Macro_Oil__primary__Oil_Rent_Intensive_Pre2016_ge15pct,Oil_Rents_GDP_Pct_lag1,primary,Oil_Rent_Intensive_Pre2016_ge15pct,Future_Period,train_to_2018__test_from_2019,ElasticNet,signal_increment,0.020500000000000036,0.0
M1_Macro_vs_M2_Macro_Oil__primary__Oil_Rent_Intensive_Pre2016_ge15pct,Oil_Rents_GDP_Pct_lag1,primary,Oil_Rent_Intensive_Pre2016_ge15pct,Future_Period,train_to_2018__test_from_2019,ElasticNet,signal_increment,0.021000000000000036,0.0
M1_Macro_vs_M2_Macro_Oil__primary__Oil_Rent_Intensive_Pre2016_ge15pct,Oil_Rents_GDP_Pct_lag1,primary,Oil_Rent_Intensive_Pre2016_ge15pct,Future_Period,train_to_2018__test_from_2019,ElasticNet,signal_increment,0.021500000000000036,0.0
M1_Macro_vs_M2_Macro_Oil__primary__Oil_Rent_Intensive_Pre2016_ge15pct,Oil_Rents_GDP_Pct_lag1,primary,Oil_Rent_Intensive_Pre2016_ge15pct,Future_Period,train_to_2018__test_from_2019,ElasticNet,signal_increment,0.022000000000000037,0.0
M1_Macro_vs_M2_Macro_Oil__primary__Oil_Rent_Intensive_Pre2016_ge15pct,Oil_Rents_GDP_Pct_lag1,primary,Oil_Rent_Intensive_Pre2016_ge15pct,Future_Period,train_to_2018__test_from_2019,ElasticNet,signal_increment,0.022500000000000037,0.0
M1_Macro_vs_M2_Macro_Oil__primary__Oil_Rent_Intensive_Pre2016_ge15pct,Oil_Rents_GDP_Pct_lag1,primary,Oil_Rent_Intensive_Pre2016_ge15pct,Future_Period,train_to_2018__test_from_2019,ElasticNet,signal_increment,0.023000000000000038,0.0
M1_Macro_vs_M2_Macro_Oil__primary__Oil_Rent_Intensive_Pre2016_ge15pct,Oil_Rents_GDP_Pct_lag1,primary,Oil_Rent_Intensive_Pre2016_ge15pct,Future_Period,train_to_2018__test_from_2019,ElasticNet,signal_increment,0.023500000000000038,0.0
M1_Macro_vs_M2_Macro_Oil__primary__Oil_Rent_Intensive_Pre2016_ge15pct,Oil_Rents_GDP_Pct_lag1,primary,Oil_Rent_Intensive_Pre2016_ge15pct,Future_Period,train_to_2018__test_from_2019,ElasticNet,signal_increment,0.02400000000000004,0.0
M1_Macro_vs_M2_Macro_Oil__primary__Oil_Rent_Intensive_Pre2016_ge15pct,Oil_Rents_GDP_Pct_lag1,primary,Oil_Rent_Intensive_Pre2016_ge15pct,Future_Period,train_to_2018__test_from_2019,ElasticNet,signal_increment,0.02450000000000004,0.0
M1_Macro_vs_M2_Macro_Oil__primary__Oil_Rent_Intensive_Pre2016_ge15pct,Oil_Rents_GDP_Pct_lag1,primary,Oil_Rent_Intensive_Pre2016_ge15pct,Future_Period,train_to_2018__test_from_2019,ElasticNet,signal_increment,0.02500000000000004,0.0
M1_Macro_vs_M2_Macro_Oil__primary__Oil_Rent_Intensive_Pre2016_ge15pct,Oil_Rents_GDP_Pct_lag1,primary,Oil_Rent_Intensive_Pre2016_ge15pct,Future_Period,train_to_2018__test_from_2019,ElasticNet,signal_increment,0.02550000000000004,0.0
M1_Macro_vs_M2_Macro_Oil__primary__Oil_Rent_Intensive_Pre2016_ge15pct,Oil_Rents_GDP_Pct_lag1,primary,Oil_Rent_Intensive_Pre2016_ge15pct,Future_Period,train_to_2018__test_from_2019,ElasticNet,signal_increment,0.02600000000000004,0.0
M1_Macro_vs_M2_Macro_Oil__primary__Oil_Rent_Intensive_Pre2016_ge15pct,Oil_Rents_GDP_Pct_lag1,primary,Oil_Rent_Intensive_Pre2016_ge15pct,Future_Period,train_to_2018__test_from_2019,ElasticNet,signal_increment,0.02650000000000004,0.0
M1_Macro_vs_M2_Macro_Oil__primary__Oil_Rent_Intensive_Pre2016_ge15pct,Oil_Rents_GDP_Pct_lag1,primary,Oil_Rent_Intensive_Pre2016_ge15pct,Future_Period,train_to_2018__test_from_2019,ElasticNet,signal_increment,0.02700000000000004,0.0
M1_Macro_vs_M2_Macro_Oil__primary__Oil_Rent_Intensive_Pre2016_ge15pct,Oil_Rents_GDP_Pct_lag1,primary,Oil_Rent_Intensive_Pre2016_ge15pct,Future_Period,train_to_2018__test_from_2019,ElasticNet,signal_increment,0.027500000000000042,0.0
M1_Macro_vs_M2_Macro_Oil__primary__Oil_Rent_Intensive_Pre2016_ge15pct,Oil_Rents_GDP_Pct_lag1,primary,Oil_Rent_Intensive_Pre2016_ge15pct,Future_Period,train_to_2018__test_from_2019,ElasticNet,signal_increment,0.028000000000000042,0.0
M1_Macro_vs_M2_Macro_Oil__primary__Oil_Rent_Intensive_Pre2016_ge15pct,Oil_Rents_GDP_Pct_lag1,primary,Oil_Rent_Intensive_Pre2016_ge15pct,Future_Period,train_to_2018__test_from_2019,ElasticNet,signal_increment,0.028500000000000043,0.0
M1_Macro_vs_M2_Macro_Oil__primary__Oil_Rent_Intensive_Pre2016_ge15pct,Oil_Rents_GDP_Pct_lag1,primary,Oil_Rent_Intensive_Pre2016_ge15pct,Future_Period,train_to_2018__test_from_2019,ElasticNet,signal_increment,0.029000000000000043,0.0
M1_Macro_vs_M2_Macro_Oil__primary__Oil_Rent_Intensive_Pre2016_ge15pct,Oil_Rents_GDP_Pct_lag1,primary,Oil_Rent_Intensive_Pre2016_ge15pct,Future_Period,train_to_2018__test_from_2019,ElasticNet,signal_increment,0.029500000000000044,0.0
M1_Macro_vs_M2_Macro_Oil__primary__Oil_Rent_Intensive_Pre2016_ge15pct,Oil_Rents_GDP_Pct_lag1,primary,Oil_Rent_Intensive_Pre2016_ge15pct,Future_Period,train_to_2018__test_from_2019,ElasticNet,signal_increment,0.030000000000000044,0.0
M1_Macro_vs_M2_Macro_Oil__primary__Oil_Rent_Intensive_Pre2016_ge15pct,Oil_Rents_GDP_Pct_lag1,primary,Oil_Rent_Intensive_Pre2016_ge15pct,Future_Period,train_to_2018__test_from_2019,ElasticNet,added_model_vs_strongest_benchmark,-0.02,0.851
M1_Macro_vs_M2_Macro_Oil__primary__Oil_Rent_Intensive_Pre2016_ge15pct,Oil_Rents_GDP_Pct_lag1,primary,Oil_Rent_Intensive_Pre2016_ge15pct,Future_Period,train_to_2018__test_from_2019,ElasticNet,added_model_vs_strongest_benchmark,-0.0195,0.8505
M1_Macro_vs_M2_Macro_Oil__primary__Oil_Rent_Intensive_Pre2016_ge15pct,Oil_Rents_GDP_Pct_lag1,primary,Oil_Rent_Intensive_Pre2016_ge15pct,Future_Period,train_to_2018__test_from_2019,ElasticNet,added_model_vs_strongest_benchmark,-0.019,0.8495
M1_Macro_vs_M2_Macro_Oil__primary__Oil_Rent_Intensive_Pre2016_ge15pct,Oil_Rents_GDP_Pct_lag1,primary,Oil_Rent_Intensive_Pre2016_ge15pct,Future_Period,train_to_2018__test_from_2019,ElasticNet,added_model_vs_strongest_benchmark,-0.0185,0.848
M1_Macro_vs_M2_Macro_Oil__primary__Oil_Rent_Intensive_Pre2016_ge15pct,Oil_Rents_GDP_Pct_lag1,primary,Oil_Rent_Intensive_Pre2016_ge15pct,Future_Period,train_to_2018__test_from_2019,ElasticNet,added_model_vs_strongest_benchmark,-0.018,0.847
M1_Macro_vs_M2_Macro_Oil__primary__Oil_Rent_Intensive_Pre2016_ge15pct,Oil_Rents_GDP_Pct_lag1,primary,Oil_Rent_Intensive_Pre2016_ge15pct,Future_Period,train_to_2018__test_from_2019,ElasticNet,added_model_vs_strongest_benchmark,-0.017499999999999998,0.846
M1_Macro_vs_M2_Macro_Oil__primary__Oil_Rent_Intensive_Pre2016_ge15pct,Oil_Rents_GDP_Pct_lag1,primary,Oil_Rent_Intensive_Pre2016_ge15pct,Future_Period,train_to_2018__test_from_2019,ElasticNet,added_model_vs_strongest_benchmark,-0.016999999999999998,0.8445
M1_Macro_vs_M2_Macro_Oil__primary__Oil_Rent_Intensive_Pre2016_ge15pct,Oil_Rents_GDP_Pct_lag1,primary,Oil_Rent_Intensive_Pre2016_ge15pct,Future_Period,train_to_2018__test_from_2019,ElasticNet,added_model_vs_strongest_benchmark,-0.016499999999999997,0.843
M1_Macro_vs_M2_Macro_Oil__primary__Oil_Rent_Intensive_Pre2016_ge15pct,Oil_Rents_GDP_Pct_lag1,primary,Oil_Rent_Intensive_Pre2016_ge15pct,Future_Period,train_to_2018__test_from_2019,ElasticNet,added_model_vs_strongest_benchmark,-0.015999999999999997,0.84
M1_Macro_vs_M2_Macro_Oil__primary__Oil_Rent_Intensive_Pre2016_ge15pct,Oil_Rents_GDP_Pct_lag1,primary,Oil_Rent_Intensive_Pre2016_ge15pct,Future_Period,train_to_2018__test_from_2019,ElasticNet,added_model_vs_strongest_benchmark,-0.015499999999999996,0.837
M1_Macro_vs_M2_Macro_Oil__primary__Oil_Rent_Intensive_Pre2016_ge15pct,Oil_Rents_GDP_Pct_lag1,primary,Oil_Rent_Intensive_Pre2016_ge15pct,Future_Period,train_to_2018__test_from_2019,ElasticNet,added_model_vs_strongest_benchmark,-0.014999999999999996,0.8335
M1_Macro_vs_M2_Macro_Oil__primary__Oil_Rent_Intensive_Pre2016_ge15pct,Oil_Rents_GDP_Pct_lag1,primary,Oil_Rent_Intensive_Pre2016_ge15pct,Future_Period,train_to_2018__test_from_2019,ElasticNet,added_model_vs_strongest_benchmark,-0.014499999999999996,0.832
M1_Macro_vs_M2_Macro_Oil__primary__Oil_Rent_Intensive_Pre2016_ge15pct,Oil_Rents_GDP_Pct_lag1,primary,Oil_Rent_Intensive_Pre2016_ge15pct,Future_Period,train_to_2018__test_from_2019,ElasticNet,added_model_vs_strongest_benchmark,-0.013999999999999995,0.83
M1_Macro_vs_M2_Macro_Oil__primary__Oil_Rent_Intensive_Pre2016_ge15pct,Oil_Rents_GDP_Pct_lag1,primary,Oil_Rent_Intensive_Pre2016_ge15pct,Future_Period,train_to_2018__test_from_2019,ElasticNet,added_model_vs_strongest_benchmark,-0.013499999999999995,0.8285
M1_Macro_vs_M2_Macro_Oil__primary__Oil_Rent_Intensive_Pre2016_ge15pct,Oil_Rents_GDP_Pct_lag1,primary,Oil_Rent_Intensive_Pre2016_ge15pct,Future_Period,train_to_2018__test_from_2019,ElasticNet,added_model_vs_strongest_benchmark,-0.012999999999999994,0.8255
M1_Macro_vs_M2_Macro_Oil__primary__Oil_Rent_Intensive_Pre2016_ge15pct,Oil_Rents_GDP_Pct_lag1,primary,Oil_Rent_Intensive_Pre2016_ge15pct,Future_Period,train_to_2018__test_from_2019,ElasticNet,added_model_vs_strongest_benchmark,-0.012499999999999994,0.824
M1_Macro_vs_M2_Macro_Oil__primary__Oil_Rent_Intensive_Pre2016_ge15pct,Oil_Rents_GDP_Pct_lag1,primary,Oil_Rent_Intensive_Pre2016_ge15pct,Future_Period,train_to_2018__test_from_2019,ElasticNet,added_model_vs_strongest_benchmark,-0.011999999999999993,0.822
M1_Macro_vs_M2_Macro_Oil__primary__Oil_Rent_Intensive_Pre2016_ge15pct,Oil_Rents_GDP_Pct_lag1,primary,Oil_Rent_Intensive_Pre2016_ge15pct,Future_Period,train_to_2018__test_from_2019,ElasticNet,added_model_vs_strongest_benchmark,-0.011499999999999993,0.8215
M1_Macro_vs_M2_Macro_Oil__primary__Oil_Rent_Intensive_Pre2016_ge15pct,Oil_Rents_GDP_Pct_lag1,primary,Oil_Rent_Intensive_Pre2016_ge15pct,Future_Period,train_to_2018__test_from_2019,ElasticNet,added_model_vs_strongest_benchmark,-0.010999999999999992,0.82
M1_Macro_vs_M2_Macro_Oil__primary__Oil_Rent_Intensive_Pre2016_ge15pct,Oil_Rents_GDP_Pct_lag1,primary,Oil_Rent_Intensive_Pre2016_ge15pct,Future_Period,train_to_2018__test_from_2019,ElasticNet,added_model_vs_strongest_benchmark,-0.010499999999999992,0.818
M1_Macro_vs_M2_Macro_Oil__primary__Oil_Rent_Intensive_Pre2016_ge15pct,Oil_Rents_GDP_Pct_lag1,primary,Oil_Rent_Intensive_Pre2016_ge15pct,Future_Period,train_to_2018__test_from_2019,ElasticNet,added_model_vs_strongest_benchmark,-0.009999999999999992,0.8165
M1_Macro_vs_M2_Macro_Oil__primary__Oil_Rent_Intensive_Pre2016_ge15pct,Oil_Rents_GDP_Pct_lag1,primary,Oil_Rent_Intensive_Pre2016_ge15pct,Future_Period,train_to_2018__test_from_2019,ElasticNet,added_model_vs_strongest_benchmark,-0.009499999999999991,0.8145
M1_Macro_vs_M2_Macro_Oil__primary__Oil_Rent_Intensive_Pre2016_ge15pct,Oil_Rents_GDP_Pct_lag1,primary,Oil_Rent_Intensive_Pre2016_ge15pct,Future_Period,train_to_2018__test_from_2019,ElasticNet,added_model_vs_strongest_benchmark,-0.00899999999999999,0.8135
M1_Macro_vs_M2_Macro_Oil__primary__Oil_Rent_Intensive_Pre2016_ge15pct,Oil_Rents_GDP_Pct_lag1,primary,Oil_Rent_Intensive_Pre2016_ge15pct,Future_Period,train_to_2018__test_from_2019,ElasticNet,added_model_vs_strongest_benchmark,-0.00849999999999999,0.8125
M1_Macro_vs_M2_Macro_Oil__primary__Oil_Rent_Intensive_Pre2016_ge15pct,Oil_Rents_GDP_Pct_lag1,primary,Oil_Rent_Intensive_Pre2016_ge15pct,Future_Period,train_to_2018__test_from_2019,ElasticNet,added_model_vs_strongest_benchmark,-0.00799999999999999,0.811
M1_Macro_vs_M2_Macro_Oil__primary__Oil_Rent_Intensive_Pre2016_ge15pct,Oil_Rents_GDP_Pct_lag1,primary,Oil_Rent_Intensive_Pre2016_ge15pct,Future_Period,train_to_2018__test_from_2019,ElasticNet,added_model_vs_strongest_benchmark,-0.007499999999999989,0.8085
M1_Macro_vs_M2_Macro_Oil__primary__Oil_Rent_Intensive_Pre2016_ge15pct,Oil_Rents_GDP_Pct_lag1,primary,Oil_Rent_Intensive_Pre2016_ge15pct,Future_Period,train_to_2018__test_from_2019,ElasticNet,added_model_vs_strongest_benchmark,-0.006999999999999989,0.808
M1_Macro_vs_M2_Macro_Oil__primary__Oil_Rent_Intensive_Pre2016_ge15pct,Oil_Rents_GDP_Pct_lag1,primary,Oil_Rent_Intensive_Pre2016_ge15pct,Future_Period,train_to_2018__test_from_2019,ElasticNet,added_model_vs_strongest_benchmark,-0.006499999999999988,0.8065
M1_Macro_vs_M2_Macro_Oil__primary__Oil_Rent_Intensive_Pre2016_ge15pct,Oil_Rents_GDP_Pct_lag1,primary,Oil_Rent_Intensive_Pre2016_ge15pct,Future_Period,train_to_2018__test_from_2019,ElasticNet,added_model_vs_strongest_benchmark,-0.005999999999999988,0.805
M1_Macro_vs_M2_Macro_Oil__primary__Oil_Rent_Intensive_Pre2016_ge15pct,Oil_Rents_GDP_Pct_lag1,primary,Oil_Rent_Intensive_Pre2016_ge15pct,Future_Period,train_to_2018__test_from_2019,ElasticNet,added_model_vs_strongest_benchmark,-0.0054999999999999875,0.8045
M1_Macro_vs_M2_Macro_Oil__primary__Oil_Rent_Intensive_Pre2016_ge15pct,Oil_Rents_GDP_Pct_lag1,primary,Oil_Rent_Intensive_Pre2016_ge15pct,Future_Period,train_to_2018__test_from_2019,ElasticNet,added_model_vs_strongest_benchmark,-0.004999999999999987,0.802
M1_Macro_vs_M2_Macro_Oil__primary__Oil_Rent_Intensive_Pre2016_ge15pct,Oil_Rents_GDP_Pct_lag1,primary,Oil_Rent_Intensive_Pre2016_ge15pct,Future_Period,train_to_2018__test_from_2019,ElasticNet,added_model_vs_strongest_benchmark,-0.004499999999999987,0.8015
M1_Macro_vs_M2_Macro_Oil__primary__Oil_Rent_Intensive_Pre2016_ge15pct,Oil_Rents_GDP_Pct_lag1,primary,Oil_Rent_Intensive_Pre2016_ge15pct,Future_Period,train_to_2018__test_from_2019,ElasticNet,added_model_vs_strongest_benchmark,-0.003999999999999986,0.801
M1_Macro_vs_M2_Macro_Oil__primary__Oil_Rent_Intensive_Pre2016_ge15pct,Oil_Rents_GDP_Pct_lag1,primary,Oil_Rent_Intensive_Pre2016_ge15pct,Future_Period,train_to_2018__test_from_2019,ElasticNet,added_model_vs_strongest_benchmark,-0.0034999999999999858,0.8005
M1_Macro_vs_M2_Macro_Oil__primary__Oil_Rent_Intensive_Pre2016_ge15pct,Oil_Rents_GDP_Pct_lag1,primary,Oil_Rent_Intensive_Pre2016_ge15pct,Future_Period,train_to_2018__test_from_2019,ElasticNet,added_model_vs_strongest_benchmark,-0.0029999999999999853,0.799
M1_Macro_vs_M2_Macro_Oil__primary__Oil_Rent_Intensive_Pre2016_ge15pct,Oil_Rents_GDP_Pct_lag1,primary,Oil_Rent_Intensive_Pre2016_ge15pct,Future_Period,train_to_2018__test_from_2019,ElasticNet,added_model_vs_strongest_benchmark,-0.002499999999999985,0.7975
M1_Macro_vs_M2_Macro_Oil__primary__Oil_Rent_Intensive_Pre2016_ge15pct,Oil_Rents_GDP_Pct_lag1,primary,Oil_Rent_Intensive_Pre2016_ge15pct,Future_Period,train_to_2018__test_from_2019,ElasticNet,added_model_vs_strongest_benchmark,-0.0019999999999999844,0.796
M1_Macro_vs_M2_Macro_Oil__primary__Oil_Rent_Intensive_Pre2016_ge15pct,Oil_Rents_GDP_Pct_lag1,primary,Oil_Rent_Intensive_Pre2016_ge15pct,Future_Period,train_to_2018__test_from_2019,ElasticNet,added_model_vs_strongest_benchmark,-0.001499999999999984,0.7935
M1_Macro_vs_M2_Macro_Oil__primary__Oil_Rent_Intensive_Pre2016_ge15pct,Oil_Rents_GDP_Pct_lag1,primary,Oil_Rent_Intensive_Pre2016_ge15pct,Future_Period,train_to_2018__test_from_2019,ElasticNet,added_model_vs_strongest_benchmark,-0.0009999999999999835,0.79
M1_Macro_vs_M2_Macro_Oil__primary__Oil_Rent_Intensive_Pre2016_ge15pct,Oil_Rents_GDP_Pct_lag1,primary,Oil_Rent_Intensive_Pre2016_ge15pct,Future_Period,train_to_2018__test_from_2019,ElasticNet,added_model_vs_strongest_benchmark,-0.0004999999999999831,0.7885
M1_Macro_vs_M2_Macro_Oil__primary__Oil_Rent_Intensive_Pre2016_ge15pct,Oil_Rents_GDP_Pct_lag1,primary,Oil_Rent_Intensive_Pre2016_ge15pct,Future_Period,train_to_2018__test_from_2019,ElasticNet,added_model_vs_strongest_benchmark,1.734723475976807e-17,0.7875
M1_Macro_vs_M2_Macro_Oil__primary__Oil_Rent_Intensive_Pre2016_ge15pct,Oil_Rents_GDP_Pct_lag1,primary,Oil_Rent_Intensive_Pre2016_ge15pct,Future_Period,train_to_2018__test_from_2019,ElasticNet,added_model_vs_strongest_benchmark,0.0005000000000000178,0.786
M1_Macro_vs_M2_Macro_Oil__primary__Oil_Rent_Intensive_Pre2016_ge15pct,Oil_Rents_GDP_Pct_lag1,primary,Oil_Rent_Intensive_Pre2016_ge15pct,Future_Period,train_to_2018__test_from_2019,ElasticNet,added_model_vs_strongest_benchmark,0.0010000000000000182,0.7825
M1_Macro_vs_M2_Macro_Oil__primary__Oil_Rent_Intensive_Pre2016_ge15pct,Oil_Rents_GDP_Pct_lag1,primary,Oil_Rent_Intensive_Pre2016_ge15pct,Future_Period,train_to_2018__test_from_2019,ElasticNet,added_model_vs_strongest_benchmark,0.0015000000000000187,0.78
M1_Macro_vs_M2_Macro_Oil__primary__Oil_Rent_Intensive_Pre2016_ge15pct,Oil_Rents_GDP_Pct_lag1,primary,Oil_Rent_Intensive_Pre2016_ge15pct,Future_Period,train_to_2018__test_from_2019,ElasticNet,added_model_vs_strongest_benchmark,0.002000000000000019,0.7785
M1_Macro_vs_M2_Macro_Oil__primary__Oil_Rent_Intensive_Pre2016_ge15pct,Oil_Rents_GDP_Pct_lag1,primary,Oil_Rent_Intensive_Pre2016_ge15pct,Future_Period,train_to_2018__test_from_2019,ElasticNet,added_model_vs_strongest_benchmark,0.0025000000000000196,0.7765
M1_Macro_vs_M2_Macro_Oil__primary__Oil_Rent_Intensive_Pre2016_ge15pct,Oil_Rents_GDP_Pct_lag1,primary,Oil_Rent_Intensive_Pre2016_ge15pct,Future_Period,train_to_2018__test_from_2019,ElasticNet,added_model_vs_strongest_benchmark,0.00300000000000002,0.7755
M1_Macro_vs_M2_Macro_Oil__primary__Oil_Rent_Intensive_Pre2016_ge15pct,Oil_Rents_GDP_Pct_lag1,primary,Oil_Rent_Intensive_Pre2016_ge15pct,Future_Period,train_to_2018__test_from_2019,ElasticNet,added_model_vs_strongest_benchmark,0.0035000000000000205,0.7725
M1_Macro_vs_M2_Macro_Oil__primary__Oil_Rent_Intensive_Pre2016_ge15pct,Oil_Rents_GDP_Pct_lag1,primary,Oil_Rent_Intensive_Pre2016_ge15pct,Future_Period,train_to_2018__test_from_2019,ElasticNet,added_model_vs_strongest_benchmark,0.004000000000000021,0.772
M1_Macro_vs_M2_Macro_Oil__primary__Oil_Rent_Intensive_Pre2016_ge15pct,Oil_Rents_GDP_Pct_lag1,primary,Oil_Rent_Intensive_Pre2016_ge15pct,Future_Period,train_to_2018__test_from_2019,ElasticNet,added_model_vs_strongest_benchmark,0.004500000000000021,0.7695
M1_Macro_vs_M2_Macro_Oil__primary__Oil_Rent_Intensive_Pre2016_ge15pct,Oil_Rents_GDP_Pct_lag1,primary,Oil_Rent_Intensive_Pre2016_ge15pct,Future_Period,train_to_2018__test_from_2019,ElasticNet,added_model_vs_strongest_benchmark,0.005000000000000022,0.7675
M1_Macro_vs_M2_Macro_Oil__primary__Oil_Rent_Intensive_Pre2016_ge15pct,Oil_Rents_GDP_Pct_lag1,primary,Oil_Rent_Intensive_Pre2016_ge15pct,Future_Period,train_to_2018__test_from_2019,ElasticNet,added_model_vs_strongest_benchmark,0.005500000000000022,0.766
M1_Macro_vs_M2_Macro_Oil__primary__Oil_Rent_Intensive_Pre2016_ge15pct,Oil_Rents_GDP_Pct_lag1,primary,Oil_Rent_Intensive_Pre2016_ge15pct,Future_Period,train_to_2018__test_from_2019,ElasticNet,added_model_vs_strongest_benchmark,0.006000000000000023,0.764
M1_Macro_vs_M2_Macro_Oil__primary__Oil_Rent_Intensive_Pre2016_ge15pct,Oil_Rents_GDP_Pct_lag1,primary,Oil_Rent_Intensive_Pre2016_ge15pct,Future_Period,train_to_2018__test_from_2019,ElasticNet,added_model_vs_strongest_benchmark,0.006500000000000023,0.762
M1_Macro_vs_M2_Macro_Oil__primary__Oil_Rent_Intensive_Pre2016_ge15pct,Oil_Rents_GDP_Pct_lag1,primary,Oil_Rent_Intensive_Pre2016_ge15pct,Future_Period,train_to_2018__test_from_2019,ElasticNet,added_model_vs_strongest_benchmark,0.0070000000000000236,0.7595
M1_Macro_vs_M2_Macro_Oil__primary__Oil_Rent_Intensive_Pre2016_ge15pct,Oil_Rents_GDP_Pct_lag1,primary,Oil_Rent_Intensive_Pre2016_ge15pct,Future_Period,train_to_2018__test_from_2019,ElasticNet,added_model_vs_strongest_benchmark,0.007500000000000024,0.7585
M1_Macro_vs_M2_Macro_Oil__primary__Oil_Rent_Intensive_Pre2016_ge15pct,Oil_Rents_GDP_Pct_lag1,primary,Oil_Rent_Intensive_Pre2016_ge15pct,Future_Period,train_to_2018__test_from_2019,ElasticNet,added_model_vs_strongest_benchmark,0.008000000000000024,0.7585
M1_Macro_vs_M2_Macro_Oil__primary__Oil_Rent_Intensive_Pre2016_ge15pct,Oil_Rents_GDP_Pct_lag1,primary,Oil_Rent_Intensive_Pre2016_ge15pct,Future_Period,train_to_2018__test_from_2019,ElasticNet,added_model_vs_strongest_benchmark,0.008500000000000025,0.7575
M1_Macro_vs_M2_Macro_Oil__primary__Oil_Rent_Intensive_Pre2016_ge15pct,Oil_Rents_GDP_Pct_lag1,primary,Oil_Rent_Intensive_Pre2016_ge15pct,Future_Period,train_to_2018__test_from_2019,ElasticNet,added_model_vs_strongest_benchmark,0.009000000000000025,0.756
M1_Macro_vs_M2_Macro_Oil__primary__Oil_Rent_Intensive_Pre2016_ge15pct,Oil_Rents_GDP_Pct_lag1,primary,Oil_Rent_Intensive_Pre2016_ge15pct,Future_Period,train_to_2018__test_from_2019,ElasticNet,added_model_vs_strongest_benchmark,0.009500000000000026,0.7545
M1_Macro_vs_M2_Macro_Oil__primary__Oil_Rent_Intensive_Pre2016_ge15pct,Oil_Rents_GDP_Pct_lag1,primary,Oil_Rent_Intensive_Pre2016_ge15pct,Future_Period,train_to_2018__test_from_2019,ElasticNet,added_model_vs_strongest_benchmark,0.010000000000000026,0.7535
M1_Macro_vs_M2_Macro_Oil__primary__Oil_Rent_Intensive_Pre2016_ge15pct,Oil_Rents_GDP_Pct_lag1,primary,Oil_Rent_Intensive_Pre2016_ge15pct,Future_Period,train_to_2018__test_from_2019,ElasticNet,added_model_vs_strongest_benchmark,0.010500000000000027,0.751
M1_Macro_vs_M2_Macro_Oil__primary__Oil_Rent_Intensive_Pre2016_ge15pct,Oil_Rents_GDP_Pct_lag1,primary,Oil_Rent_Intensive_Pre2016_ge15pct,Future_Period,train_to_2018__test_from_2019,ElasticNet,added_model_vs_strongest_benchmark,0.011000000000000027,0.75
M1_Macro_vs_M2_Macro_Oil__primary__Oil_Rent_Intensive_Pre2016_ge15pct,Oil_Rents_GDP_Pct_lag1,primary,Oil_Rent_Intensive_Pre2016_ge15pct,Future_Period,train_to_2018__test_from_2019,ElasticNet,added_model_vs_strongest_benchmark,0.011500000000000028,0.749
M1_Macro_vs_M2_Macro_Oil__primary__Oil_Rent_Intensive_Pre2016_ge15pct,Oil_Rents_GDP_Pct_lag1,primary,Oil_Rent_Intensive_Pre2016_ge15pct,Future_Period,train_to_2018__test_from_2019,ElasticNet,added_model_vs_strongest_benchmark,0.012000000000000028,0.7475
M1_Macro_vs_M2_Macro_Oil__primary__Oil_Rent_Intensive_Pre2016_ge15pct,Oil_Rents_GDP_Pct_lag1,primary,Oil_Rent_Intensive_Pre2016_ge15pct,Future_Period,train_to_2018__test_from_2019,ElasticNet,added_model_vs_strongest_benchmark,0.012500000000000028,0.7465
M1_Macro_vs_M2_Macro_Oil__primary__Oil_Rent_Intensive_Pre2016_ge15pct,Oil_Rents_GDP_Pct_lag1,primary,Oil_Rent_Intensive_Pre2016_ge15pct,Future_Period,train_to_2018__test_from_2019,ElasticNet,added_model_vs_strongest_benchmark,0.013000000000000029,0.745
M1_Macro_vs_M2_Macro_Oil__primary__Oil_Rent_Intensive_Pre2016_ge15pct,Oil_Rents_GDP_Pct_lag1,primary,Oil_Rent_Intensive_Pre2016_ge15pct,Future_Period,train_to_2018__test_from_2019,ElasticNet,added_model_vs_strongest_benchmark,0.01350000000000003,0.743
M1_Macro_vs_M2_Macro_Oil__primary__Oil_Rent_Intensive_Pre2016_ge15pct,Oil_Rents_GDP_Pct_lag1,primary,Oil_Rent_Intensive_Pre2016_ge15pct,Future_Period,train_to_2018__test_from_2019,ElasticNet,added_model_vs_strongest_benchmark,0.01400000000000003,0.7415
M1_Macro_vs_M2_Macro_Oil__primary__Oil_Rent_Intensive_Pre2016_ge15pct,Oil_Rents_GDP_Pct_lag1,primary,Oil_Rent_Intensive_Pre2016_ge15pct,Future_Period,train_to_2018__test_from_2019,ElasticNet,added_model_vs_strongest_benchmark,0.01450000000000003,0.74
M1_Macro_vs_M2_Macro_Oil__primary__Oil_Rent_Intensive_Pre2016_ge15pct,Oil_Rents_GDP_Pct_lag1,primary,Oil_Rent_Intensive_Pre2016_ge15pct,Future_Period,train_to_2018__test_from_2019,ElasticNet,added_model_vs_strongest_benchmark,0.01500000000000003,0.7365
M1_Macro_vs_M2_Macro_Oil__primary__Oil_Rent_Intensive_Pre2016_ge15pct,Oil_Rents_GDP_Pct_lag1,primary,Oil_Rent_Intensive_Pre2016_ge15pct,Future_Period,train_to_2018__test_from_2019,ElasticNet,added_model_vs_strongest_benchmark,0.015500000000000031,0.734
M1_Macro_vs_M2_Macro_Oil__primary__Oil_Rent_Intensive_Pre2016_ge15pct,Oil_Rents_GDP_Pct_lag1,primary,Oil_Rent_Intensive_Pre2016_ge15pct,Future_Period,train_to_2018__test_from_2019,ElasticNet,added_model_vs_strongest_benchmark,0.01600000000000003,0.7325
M1_Macro_vs_M2_Macro_Oil__primary__Oil_Rent_Intensive_Pre2016_ge15pct,Oil_Rents_GDP_Pct_lag1,primary,Oil_Rent_Intensive_Pre2016_ge15pct,Future_Period,train_to_2018__test_from_2019,ElasticNet,added_model_vs_strongest_benchmark,0.016500000000000032,0.7305
M1_Macro_vs_M2_Macro_Oil__primary__Oil_Rent_Intensive_Pre2016_ge15pct,Oil_Rents_GDP_Pct_lag1,primary,Oil_Rent_Intensive_Pre2016_ge15pct,Future_Period,train_to_2018__test_from_2019,ElasticNet,added_model_vs_strongest_benchmark,0.017000000000000032,0.7275
M1_Macro_vs_M2_Macro_Oil__primary__Oil_Rent_Intensive_Pre2016_ge15pct,Oil_Rents_GDP_Pct_lag1,primary,Oil_Rent_Intensive_Pre2016_ge15pct,Future_Period,train_to_2018__test_from_2019,ElasticNet,added_model_vs_strongest_benchmark,0.017500000000000033,0.7255
M1_Macro_vs_M2_Macro_Oil__primary__Oil_Rent_Intensive_Pre2016_ge15pct,Oil_Rents_GDP_Pct_lag1,primary,Oil_Rent_Intensive_Pre2016_ge15pct,Future_Period,train_to_2018__test_from_2019,ElasticNet,added_model_vs_strongest_benchmark,0.018000000000000033,0.7255
M1_Macro_vs_M2_Macro_Oil__primary__Oil_Rent_Intensive_Pre2016_ge15pct,Oil_Rents_GDP_Pct_lag1,primary,Oil_Rent_Intensive_Pre2016_ge15pct,Future_Period,train_to_2018__test_from_2019,ElasticNet,added_model_vs_strongest_benchmark,0.018500000000000034,0.725
M1_Macro_vs_M2_Macro_Oil__primary__Oil_Rent_Intensive_Pre2016_ge15pct,Oil_Rents_GDP_Pct_lag1,primary,Oil_Rent_Intensive_Pre2016_ge15pct,Future_Period,train_to_2018__test_from_2019,ElasticNet,added_model_vs_strongest_benchmark,0.019000000000000034,0.723
M1_Macro_vs_M2_Macro_Oil__primary__Oil_Rent_Intensive_Pre2016_ge15pct,Oil_Rents_GDP_Pct_lag1,primary,Oil_Rent_Intensive_Pre2016_ge15pct,Future_Period,train_to_2018__test_from_2019,ElasticNet,added_model_vs_strongest_benchmark,0.019500000000000035,0.722
M1_Macro_vs_M2_Macro_Oil__primary__Oil_Rent_Intensive_Pre2016_ge15pct,Oil_Rents_GDP_Pct_lag1,primary,Oil_Rent_Intensive_Pre2016_ge15pct,Future_Period,train_to_2018__test_from_2019,ElasticNet,added_model_vs_strongest_benchmark,0.020000000000000035,0.7205
M1_Macro_vs_M2_Macro_Oil__primary__Oil_Rent_Intensive_Pre2016_ge15pct,Oil_Rents_GDP_Pct_lag1,primary,Oil_Rent_Intensive_Pre2016_ge15pct,Future_Period,train_to_2018__test_from_2019,ElasticNet,added_model_vs_strongest_benchmark,0.020500000000000036,0.7185
M1_Macro_vs_M2_Macro_Oil__primary__Oil_Rent_Intensive_Pre2016_ge15pct,Oil_Rents_GDP_Pct_lag1,primary,Oil_Rent_Intensive_Pre2016_ge15pct,Future_Period,train_to_2018__test_from_2019,ElasticNet,added_model_vs_strongest_benchmark,0.021000000000000036,0.7165
M1_Macro_vs_M2_Macro_Oil__primary__Oil_Rent_Intensive_Pre2016_ge15pct,Oil_Rents_GDP_Pct_lag1,primary,Oil_Rent_Intensive_Pre2016_ge15pct,Future_Period,train_to_2018__test_from_2019,ElasticNet,added_model_vs_strongest_benchmark,0.021500000000000036,0.716
M1_Macro_vs_M2_Macro_Oil__primary__Oil_Rent_Intensive_Pre2016_ge15pct,Oil_Rents_GDP_Pct_lag1,primary,Oil_Rent_Intensive_Pre2016_ge15pct,Future_Period,train_to_2018__test_from_2019,ElasticNet,added_model_vs_strongest_benchmark,0.022000000000000037,0.7145
M1_Macro_vs_M2_Macro_Oil__primary__Oil_Rent_Intensive_Pre2016_ge15pct,Oil_Rents_GDP_Pct_lag1,primary,Oil_Rent_Intensive_Pre2016_ge15pct,Future_Period,train_to_2018__test_from_2019,ElasticNet,added_model_vs_strongest_benchmark,0.022500000000000037,0.713
M1_Macro_vs_M2_Macro_Oil__primary__Oil_Rent_Intensive_Pre2016_ge15pct,Oil_Rents_GDP_Pct_lag1,primary,Oil_Rent_Intensive_Pre2016_ge15pct,Future_Period,train_to_2018__test_from_2019,ElasticNet,added_model_vs_strongest_benchmark,0.023000000000000038,0.711
M1_Macro_vs_M2_Macro_Oil__primary__Oil_Rent_Intensive_Pre2016_ge15pct,Oil_Rents_GDP_Pct_lag1,primary,Oil_Rent_Intensive_Pre2016_ge15pct,Future_Period,train_to_2018__test_from_2019,ElasticNet,added_model_vs_strongest_benchmark,0.023500000000000038,0.7085
M1_Macro_vs_M2_Macro_Oil__primary__Oil_Rent_Intensive_Pre2016_ge15pct,Oil_Rents_GDP_Pct_lag1,primary,Oil_Rent_Intensive_Pre2016_ge15pct,Future_Period,train_to_2018__test_from_2019,ElasticNet,added_model_vs_strongest_benchmark,0.02400000000000004,0.7075
M1_Macro_vs_M2_Macro_Oil__primary__Oil_Rent_Intensive_Pre2016_ge15pct,Oil_Rents_GDP_Pct_lag1,primary,Oil_Rent_Intensive_Pre2016_ge15pct,Future_Period,train_to_2018__test_from_2019,ElasticNet,added_model_vs_strongest_benchmark,0.02450000000000004,0.7055
M1_Macro_vs_M2_Macro_Oil__primary__Oil_Rent_Intensive_Pre2016_ge15pct,Oil_Rents_GDP_Pct_lag1,primary,Oil_Rent_Intensive_Pre2016_ge15pct,Future_Period,train_to_2018__test_from_2019,ElasticNet,added_model_vs_strongest_benchmark,0.02500000000000004,0.7045
M1_Macro_vs_M2_Macro_Oil__primary__Oil_Rent_Intensive_Pre2016_ge15pct,Oil_Rents_GDP_Pct_lag1,primary,Oil_Rent_Intensive_Pre2016_ge15pct,Future_Period,train_to_2018__test_from_2019,ElasticNet,added_model_vs_strongest_benchmark,0.02550000000000004,0.7035
M1_Macro_vs_M2_Macro_Oil__primary__Oil_Rent_Intensive_Pre2016_ge15pct,Oil_Rents_GDP_Pct_lag1,primary,Oil_Rent_Intensive_Pre2016_ge15pct,Future_Period,train_to_2018__test_from_2019,ElasticNet,added_model_vs_strongest_benchmark,0.02600000000000004,0.7015
M1_Macro_vs_M2_Macro_Oil__primary__Oil_Rent_Intensive_Pre2016_ge15pct,Oil_Rents_GDP_Pct_lag1,primary,Oil_Rent_Intensive_Pre2016_ge15pct,Future_Period,train_to_2018__test_from_2019,ElasticNet,added_model_vs_strongest_benchmark,0.02650000000000004,0.7
M1_Macro_vs_M2_Macro_Oil__primary__Oil_Rent_Intensive_Pre2016_ge15pct,Oil_Rents_GDP_Pct_lag1,primary,Oil_Rent_Intensive_Pre2016_ge15pct,Future_Period,train_to_2018__test_from_2019,ElasticNet,added_model_vs_strongest_benchmark,0.02700000000000004,0.6975
M1_Macro_vs_M2_Macro_Oil__primary__Oil_Rent_Intensive_Pre2016_ge15pct,Oil_Rents_GDP_Pct_lag1,primary,Oil_Rent_Intensive_Pre2016_ge15pct,Future_Period,train_to_2018__test_from_2019,ElasticNet,added_model_vs_strongest_benchmark,0.027500000000000042,0.6955
M1_Macro_vs_M2_Macro_Oil__primary__Oil_Rent_Intensive_Pre2016_ge15pct,Oil_Rents_GDP_Pct_lag1,primary,Oil_Rent_Intensive_Pre2016_ge15pct,Future_Period,train_to_2018__test_from_2019,ElasticNet,added_model_vs_strongest_benchmark,0.028000000000000042,0.6935
M1_Macro_vs_M2_Macro_Oil__primary__Oil_Rent_Intensive_Pre2016_ge15pct,Oil_Rents_GDP_Pct_lag1,primary,Oil_Rent_Intensive_Pre2016_ge15pct,Future_Period,train_to_2018__test_from_2019,ElasticNet,added_model_vs_strongest_benchmark,0.028500000000000043,0.6915
M1_Macro_vs_M2_Macro_Oil__primary__Oil_Rent_Intensive_Pre2016_ge15pct,Oil_Rents_GDP_Pct_lag1,primary,Oil_Rent_Intensive_Pre2016_ge15pct,Future_Period,train_to_2018__test_from_2019,ElasticNet,added_model_vs_strongest_benchmark,0.029000000000000043,0.6905
M1_Macro_vs_M2_Macro_Oil__primary__Oil_Rent_Intensive_Pre2016_ge15pct,Oil_Rents_GDP_Pct_lag1,primary,Oil_Rent_Intensive_Pre2016_ge15pct,Future_Period,train_to_2018__test_from_2019,ElasticNet,added_model_vs_strongest_benchmark,0.029500000000000044,0.6885
M1_Macro_vs_M2_Macro_Oil__primary__Oil_Rent_Intensive_Pre2016_ge15pct,Oil_Rents_GDP_Pct_lag1,primary,Oil_Rent_Intensive_Pre2016_ge15pct,Future_Period,train_to_2018__test_from_2019,ElasticNet,added_model_vs_strongest_benchmark,0.030000000000000044,0.6845
M1_Macro_vs_M2_Macro_Oil__primary__Oil_Rent_Intensive_Pre2016_ge15pct,Oil_Rents_GDP_Pct_lag1,primary,Oil_Rent_Intensive_Pre2016_ge15pct,Future_Period,train_to_2018__test_from_2019,RandomForest,signal_increment,-0.02,0.2535
M1_Macro_vs_M2_Macro_Oil__primary__Oil_Rent_Intensive_Pre2016_ge15pct,Oil_Rents_GDP_Pct_lag1,primary,Oil_Rent_Intensive_Pre2016_ge15pct,Future_Period,train_to_2018__test_from_2019,RandomForest,signal_increment,-0.0195,0.25
M1_Macro_vs_M2_Macro_Oil__primary__Oil_Rent_Intensive_Pre2016_ge15pct,Oil_Rents_GDP_Pct_lag1,primary,Oil_Rent_Intensive_Pre2016_ge15pct,Future_Period,train_to_2018__test_from_2019,RandomForest,signal_increment,-0.019,0.2395
M1_Macro_vs_M2_Macro_Oil__primary__Oil_Rent_Intensive_Pre2016_ge15pct,Oil_Rents_GDP_Pct_lag1,primary,Oil_Rent_Intensive_Pre2016_ge15pct,Future_Period,train_to_2018__test_from_2019,RandomForest,signal_increment,-0.0185,0.231
M1_Macro_vs_M2_Macro_Oil__primary__Oil_Rent_Intensive_Pre2016_ge15pct,Oil_Rents_GDP_Pct_lag1,primary,Oil_Rent_Intensive_Pre2016_ge15pct,Future_Period,train_to_2018__test_from_2019,RandomForest,signal_increment,-0.018,0.223
M1_Macro_vs_M2_Macro_Oil__primary__Oil_Rent_Intensive_Pre2016_ge15pct,Oil_Rents_GDP_Pct_lag1,primary,Oil_Rent_Intensive_Pre2016_ge15pct,Future_Period,train_to_2018__test_from_2019,RandomForest,signal_increment,-0.017499999999999998,0.2145
M1_Macro_vs_M2_Macro_Oil__primary__Oil_Rent_Intensive_Pre2016_ge15pct,Oil_Rents_GDP_Pct_lag1,primary,Oil_Rent_Intensive_Pre2016_ge15pct,Future_Period,train_to_2018__test_from_2019,RandomForest,signal_increment,-0.016999999999999998,0.208
M1_Macro_vs_M2_Macro_Oil__primary__Oil_Rent_Intensive_Pre2016_ge15pct,Oil_Rents_GDP_Pct_lag1,primary,Oil_Rent_Intensive_Pre2016_ge15pct,Future_Period,train_to_2018__test_from_2019,RandomForest,signal_increment,-0.016499999999999997,0.1985
M1_Macro_vs_M2_Macro_Oil__primary__Oil_Rent_Intensive_Pre2016_ge15pct,Oil_Rents_GDP_Pct_lag1,primary,Oil_Rent_Intensive_Pre2016_ge15pct,Future_Period,train_to_2018__test_from_2019,RandomForest,signal_increment,-0.015999999999999997,0.1885
M1_Macro_vs_M2_Macro_Oil__primary__Oil_Rent_Intensive_Pre2016_ge15pct,Oil_Rents_GDP_Pct_lag1,primary,Oil_Rent_Intensive_Pre2016_ge15pct,Future_Period,train_to_2018__test_from_2019,RandomForest,signal_increment,-0.015499999999999996,0.1825
M1_Macro_vs_M2_Macro_Oil__primary__Oil_Rent_Intensive_Pre2016_ge15pct,Oil_Rents_GDP_Pct_lag1,primary,Oil_Rent_Intensive_Pre2016_ge15pct,Future_Period,train_to_2018__test_from_2019,RandomForest,signal_increment,-0.014999999999999996,0.176
M1_Macro_vs_M2_Macro_Oil__primary__Oil_Rent_Intensive_Pre2016_ge15pct,Oil_Rents_GDP_Pct_lag1,primary,Oil_Rent_Intensive_Pre2016_ge15pct,Future_Period,train_to_2018__test_from_2019,RandomForest,signal_increment,-0.014499999999999996,0.1665
M1_Macro_vs_M2_Macro_Oil__primary__Oil_Rent_Intensive_Pre2016_ge15pct,Oil_Rents_GDP_Pct_lag1,primary,Oil_Rent_Intensive_Pre2016_ge15pct,Future_Period,train_to_2018__test_from_2019,RandomForest,signal_increment,-0.013999999999999995,0.1625
M1_Macro_vs_M2_Macro_Oil__primary__Oil_Rent_Intensive_Pre2016_ge15pct,Oil_Rents_GDP_Pct_lag1,primary,Oil_Rent_Intensive_Pre2016_ge15pct,Future_Period,train_to_2018__test_from_2019,RandomForest,signal_increment,-0.013499999999999995,0.1535
M1_Macro_vs_M2_Macro_Oil__primary__Oil_Rent_Intensive_Pre2016_ge15pct,Oil_Rents_GDP_Pct_lag1,primary,Oil_Rent_Intensive_Pre2016_ge15pct,Future_Period,train_to_2018__test_from_2019,RandomForest,signal_increment,-0.012999999999999994,0.1465
M1_Macro_vs_M2_Macro_Oil__primary__Oil_Rent_Intensive_Pre2016_ge15pct,Oil_Rents_GDP_Pct_lag1,primary,Oil_Rent_Intensive_Pre2016_ge15pct,Future_Period,train_to_2018__test_from_2019,RandomForest,signal_increment,-0.012499999999999994,0.139
M1_Macro_vs_M2_Macro_Oil__primary__Oil_Rent_Intensive_Pre2016_ge15pct,Oil_Rents_GDP_Pct_lag1,primary,Oil_Rent_Intensive_Pre2016_ge15pct,Future_Period,train_to_2018__test_from_2019,RandomForest,signal_increment,-0.011999999999999993,0.135
M1_Macro_vs_M2_Macro_Oil__primary__Oil_Rent_Intensive_Pre2016_ge15pct,Oil_Rents_GDP_Pct_lag1,primary,Oil_Rent_Intensive_Pre2016_ge15pct,Future_Period,train_to_2018__test_from_2019,RandomForest,signal_increment,-0.011499999999999993,0.1305
M1_Macro_vs_M2_Macro_Oil__primary__Oil_Rent_Intensive_Pre2016_ge15pct,Oil_Rents_GDP_Pct_lag1,primary,Oil_Rent_Intensive_Pre2016_ge15pct,Future_Period,train_to_2018__test_from_2019,RandomForest,signal_increment,-0.010999999999999992,0.124
M1_Macro_vs_M2_Macro_Oil__primary__Oil_Rent_Intensive_Pre2016_ge15pct,Oil_Rents_GDP_Pct_lag1,primary,Oil_Rent_Intensive_Pre2016_ge15pct,Future_Period,train_to_2018__test_from_2019,RandomForest,signal_increment,-0.010499999999999992,0.1185
M1_Macro_vs_M2_Macro_Oil__primary__Oil_Rent_Intensive_Pre2016_ge15pct,Oil_Rents_GDP_Pct_lag1,primary,Oil_Rent_Intensive_Pre2016_ge15pct,Future_Period,train_to_2018__test_from_2019,RandomForest,signal_increment,-0.009999999999999992,0.1115
M1_Macro_vs_M2_Macro_Oil__primary__Oil_Rent_Intensive_Pre2016_ge15pct,Oil_Rents_GDP_Pct_lag1,primary,Oil_Rent_Intensive_Pre2016_ge15pct,Future_Period,train_to_2018__test_from_2019,RandomForest,signal_increment,-0.009499999999999991,0.103
M1_Macro_vs_M2_Macro_Oil__primary__Oil_Rent_Intensive_Pre2016_ge15pct,Oil_Rents_GDP_Pct_lag1,primary,Oil_Rent_Intensive_Pre2016_ge15pct,Future_Period,train_to_2018__test_from_2019,RandomForest,signal_increment,-0.00899999999999999,0.095
M1_Macro_vs_M2_Macro_Oil__primary__Oil_Rent_Intensive_Pre2016_ge15pct,Oil_Rents_GDP_Pct_lag1,primary,Oil_Rent_Intensive_Pre2016_ge15pct,Future_Period,train_to_2018__test_from_2019,RandomForest,signal_increment,-0.00849999999999999,0.09
M1_Macro_vs_M2_Macro_Oil__primary__Oil_Rent_Intensive_Pre2016_ge15pct,Oil_Rents_GDP_Pct_lag1,primary,Oil_Rent_Intensive_Pre2016_ge15pct,Future_Period,train_to_2018__test_from_2019,RandomForest,signal_increment,-0.00799999999999999,0.088
M1_Macro_vs_M2_Macro_Oil__primary__Oil_Rent_Intensive_Pre2016_ge15pct,Oil_Rents_GDP_Pct_lag1,primary,Oil_Rent_Intensive_Pre2016_ge15pct,Future_Period,train_to_2018__test_from_2019,RandomForest,signal_increment,-0.007499999999999989,0.0835
M1_Macro_vs_M2_Macro_Oil__primary__Oil_Rent_Intensive_Pre2016_ge15pct,Oil_Rents_GDP_Pct_lag1,primary,Oil_Rent_Intensive_Pre2016_ge15pct,Future_Period,train_to_2018__test_from_2019,RandomForest,signal_increment,-0.006999999999999989,0.0775
M1_Macro_vs_M2_Macro_Oil__primary__Oil_Rent_Intensive_Pre2016_ge15pct,Oil_Rents_GDP_Pct_lag1,primary,Oil_Rent_Intensive_Pre2016_ge15pct,Future_Period,train_to_2018__test_from_2019,RandomForest,signal_increment,-0.006499999999999988,0.0715
M1_Macro_vs_M2_Macro_Oil__primary__Oil_Rent_Intensive_Pre2016_ge15pct,Oil_Rents_GDP_Pct_lag1,primary,Oil_Rent_Intensive_Pre2016_ge15pct,Future_Period,train_to_2018__test_from_2019,RandomForest,signal_increment,-0.005999999999999988,0.067
M1_Macro_vs_M2_Macro_Oil__primary__Oil_Rent_Intensive_Pre2016_ge15pct,Oil_Rents_GDP_Pct_lag1,primary,Oil_Rent_Intensive_Pre2016_ge15pct,Future_Period,train_to_2018__test_from_2019,RandomForest,signal_increment,-0.0054999999999999875,0.063
M1_Macro_vs_M2_Macro_Oil__primary__Oil_Rent_Intensive_Pre2016_ge15pct,Oil_Rents_GDP_Pct_lag1,primary,Oil_Rent_Intensive_Pre2016_ge15pct,Future_Period,train_to_2018__test_from_2019,RandomForest,signal_increment,-0.004999999999999987,0.0585
M1_Macro_vs_M2_Macro_Oil__primary__Oil_Rent_Intensive_Pre2016_ge15pct,Oil_Rents_GDP_Pct_lag1,primary,Oil_Rent_Intensive_Pre2016_ge15pct,Future_Period,train_to_2018__test_from_2019,RandomForest,signal_increment,-0.004499999999999987,0.0545
M1_Macro_vs_M2_Macro_Oil__primary__Oil_Rent_Intensive_Pre2016_ge15pct,Oil_Rents_GDP_Pct_lag1,primary,Oil_Rent_Intensive_Pre2016_ge15pct,Future_Period,train_to_2018__test_from_2019,RandomForest,signal_increment,-0.003999999999999986,0.0505
M1_Macro_vs_M2_Macro_Oil__primary__Oil_Rent_Intensive_Pre2016_ge15pct,Oil_Rents_GDP_Pct_lag1,primary,Oil_Rent_Intensive_Pre2016_ge15pct,Future_Period,train_to_2018__test_from_2019,RandomForest,signal_increment,-0.0034999999999999858,0.048
M1_Macro_vs_M2_Macro_Oil__primary__Oil_Rent_Intensive_Pre2016_ge15pct,Oil_Rents_GDP_Pct_lag1,primary,Oil_Rent_Intensive_Pre2016_ge15pct,Future_Period,train_to_2018__test_from_2019,RandomForest,signal_increment,-0.0029999999999999853,0.0455
M1_Macro_vs_M2_Macro_Oil__primary__Oil_Rent_Intensive_Pre2016_ge15pct,Oil_Rents_GDP_Pct_lag1,primary,Oil_Rent_Intensive_Pre2016_ge15pct,Future_Period,train_to_2018__test_from_2019,RandomForest,signal_increment,-0.002499999999999985,0.042
M1_Macro_vs_M2_Macro_Oil__primary__Oil_Rent_Intensive_Pre2016_ge15pct,Oil_Rents_GDP_Pct_lag1,primary,Oil_Rent_Intensive_Pre2016_ge15pct,Future_Period,train_to_2018__test_from_2019,RandomForest,signal_increment,-0.0019999999999999844,0.0385
M1_Macro_vs_M2_Macro_Oil__primary__Oil_Rent_Intensive_Pre2016_ge15pct,Oil_Rents_GDP_Pct_lag1,primary,Oil_Rent_Intensive_Pre2016_ge15pct,Future_Period,train_to_2018__test_from_2019,RandomForest,signal_increment,-0.001499999999999984,0.0385
M1_Macro_vs_M2_Macro_Oil__primary__Oil_Rent_Intensive_Pre2016_ge15pct,Oil_Rents_GDP_Pct_lag1,primary,Oil_Rent_Intensive_Pre2016_ge15pct,Future_Period,train_to_2018__test_from_2019,RandomForest,signal_increment,-0.0009999999999999835,0.034
M1_Macro_vs_M2_Macro_Oil__primary__Oil_Rent_Intensive_Pre2016_ge15pct,Oil_Rents_GDP_Pct_lag1,primary,Oil_Rent_Intensive_Pre2016_ge15pct,Future_Period,train_to_2018__test_from_2019,RandomForest,signal_increment,-0.0004999999999999831,0.033
M1_Macro_vs_M2_Macro_Oil__primary__Oil_Rent_Intensive_Pre2016_ge15pct,Oil_Rents_GDP_Pct_lag1,primary,Oil_Rent_Intensive_Pre2016_ge15pct,Future_Period,train_to_2018__test_from_2019,RandomForest,signal_increment,1.734723475976807e-17,0.032
M1_Macro_vs_M2_Macro_Oil__primary__Oil_Rent_Intensive_Pre2016_ge15pct,Oil_Rents_GDP_Pct_lag1,primary,Oil_Rent_Intensive_Pre2016_ge15pct,Future_Period,train_to_2018__test_from_2019,RandomForest,signal_increment,0.0005000000000000178,0.0315
M1_Macro_vs_M2_Macro_Oil__primary__Oil_Rent_Intensive_Pre2016_ge15pct,Oil_Rents_GDP_Pct_lag1,primary,Oil_Rent_Intensive_Pre2016_ge15pct,Future_Period,train_to_2018__test_from_2019,RandomForest,signal_increment,0.0010000000000000182,0.029
M1_Macro_vs_M2_Macro_Oil__primary__Oil_Rent_Intensive_Pre2016_ge15pct,Oil_Rents_GDP_Pct_lag1,primary,Oil_Rent_Intensive_Pre2016_ge15pct,Future_Period,train_to_2018__test_from_2019,RandomForest,signal_increment,0.0015000000000000187,0.027
M1_Macro_vs_M2_Macro_Oil__primary__Oil_Rent_Intensive_Pre2016_ge15pct,Oil_Rents_GDP_Pct_lag1,primary,Oil_Rent_Intensive_Pre2016_ge15pct,Future_Period,train_to_2018__test_from_2019,RandomForest,signal_increment,0.002000000000000019,0.023
M1_Macro_vs_M2_Macro_Oil__primary__Oil_Rent_Intensive_Pre2016_ge15pct,Oil_Rents_GDP_Pct_lag1,primary,Oil_Rent_Intensive_Pre2016_ge15pct,Future_Period,train_to_2018__test_from_2019,RandomForest,signal_increment,0.0025000000000000196,0.0225
M1_Macro_vs_M2_Macro_Oil__primary__Oil_Rent_Intensive_Pre2016_ge15pct,Oil_Rents_GDP_Pct_lag1,primary,Oil_Rent_Intensive_Pre2016_ge15pct,Future_Period,train_to_2018__test_from_2019,RandomForest,signal_increment,0.00300000000000002,0.021
M1_Macro_vs_M2_Macro_Oil__primary__Oil_Rent_Intensive_Pre2016_ge15pct,Oil_Rents_GDP_Pct_lag1,primary,Oil_Rent_Intensive_Pre2016_ge15pct,Future_Period,train_to_2018__test_from_2019,RandomForest,signal_increment,0.0035000000000000205,0.0205
M1_Macro_vs_M2_Macro_Oil__primary__Oil_Rent_Intensive_Pre2016_ge15pct,Oil_Rents_GDP_Pct_lag1,primary,Oil_Rent_Intensive_Pre2016_ge15pct,Future_Period,train_to_2018__test_from_2019,RandomForest,signal_increment,0.004000000000000021,0.0205
M1_Macro_vs_M2_Macro_Oil__primary__Oil_Rent_Intensive_Pre2016_ge15pct,Oil_Rents_GDP_Pct_lag1,primary,Oil_Rent_Intensive_Pre2016_ge15pct,Future_Period,train_to_2018__test_from_2019,RandomForest,signal_increment,0.004500000000000021,0.02
M1_Macro_vs_M2_Macro_Oil__primary__Oil_Rent_Intensive_Pre2016_ge15pct,Oil_Rents_GDP_Pct_lag1,primary,Oil_Rent_Intensive_Pre2016_ge15pct,Future_Period,train_to_2018__test_from_2019,RandomForest,signal_increment,0.005000000000000022,0.019
M1_Macro_vs_M2_Macro_Oil__primary__Oil_Rent_Intensive_Pre2016_ge15pct,Oil_Rents_GDP_Pct_lag1,primary,Oil_Rent_Intensive_Pre2016_ge15pct,Future_Period,train_to_2018__test_from_2019,RandomForest,signal_increment,0.005500000000000022,0.017
M1_Macro_vs_M2_Macro_Oil__primary__Oil_Rent_Intensive_Pre2016_ge15pct,Oil_Rents_GDP_Pct_lag1,primary,Oil_Rent_Intensive_Pre2016_ge15pct,Future_Period,train_to_2018__test_from_2019,RandomForest,signal_increment,0.006000000000000023,0.0165
M1_Macro_vs_M2_Macro_Oil__primary__Oil_Rent_Intensive_Pre2016_ge15pct,Oil_Rents_GDP_Pct_lag1,primary,Oil_Rent_Intensive_Pre2016_ge15pct,Future_Period,train_to_2018__test_from_2019,RandomForest,signal_increment,0.006500000000000023,0.013
M1_Macro_vs_M2_Macro_Oil__primary__Oil_Rent_Intensive_Pre2016_ge15pct,Oil_Rents_GDP_Pct_lag1,primary,Oil_Rent_Intensive_Pre2016_ge15pct,Future_Period,train_to_2018__test_from_2019,RandomForest,signal_increment,0.0070000000000000236,0.013
M1_Macro_vs_M2_Macro_Oil__primary__Oil_Rent_Intensive_Pre2016_ge15pct,Oil_Rents_GDP_Pct_lag1,primary,Oil_Rent_Intensive_Pre2016_ge15pct,Future_Period,train_to_2018__test_from_2019,RandomForest,signal_increment,0.007500000000000024,0.0125
M1_Macro_vs_M2_Macro_Oil__primary__Oil_Rent_Intensive_Pre2016_ge15pct,Oil_Rents_GDP_Pct_lag1,primary,Oil_Rent_Intensive_Pre2016_ge15pct,Future_Period,train_to_2018__test_from_2019,RandomForest,signal_increment,0.008000000000000024,0.012
M1_Macro_vs_M2_Macro_Oil__primary__Oil_Rent_Intensive_Pre2016_ge15pct,Oil_Rents_GDP_Pct_lag1,primary,Oil_Rent_Intensive_Pre2016_ge15pct,Future_Period,train_to_2018__test_from_2019,RandomForest,signal_increment,0.008500000000000025,0.0115
M1_Macro_vs_M2_Macro_Oil__primary__Oil_Rent_Intensive_Pre2016_ge15pct,Oil_Rents_GDP_Pct_lag1,primary,Oil_Rent_Intensive_Pre2016_ge15pct,Future_Period,train_to_2018__test_from_2019,RandomForest,signal_increment,0.009000000000000025,0.0105
M1_Macro_vs_M2_Macro_Oil__primary__Oil_Rent_Intensive_Pre2016_ge15pct,Oil_Rents_GDP_Pct_lag1,primary,Oil_Rent_Intensive_Pre2016_ge15pct,Future_Period,train_to_2018__test_from_2019,RandomForest,signal_increment,0.009500000000000026,0.0095
M1_Macro_vs_M2_Macro_Oil__primary__Oil_Rent_Intensive_Pre2016_ge15pct,Oil_Rents_GDP_Pct_lag1,primary,Oil_Rent_Intensive_Pre2016_ge15pct,Future_Period,train_to_2018__test_from_2019,RandomForest,signal_increment,0.010000000000000026,0.008
M1_Macro_vs_M2_Macro_Oil__primary__Oil_Rent_Intensive_Pre2016_ge15pct,Oil_Rents_GDP_Pct_lag1,primary,Oil_Rent_Intensive_Pre2016_ge15pct,Future_Period,train_to_2018__test_from_2019,RandomForest,signal_increment,0.010500000000000027,0.0075
M1_Macro_vs_M2_Macro_Oil__primary__Oil_Rent_Intensive_Pre2016_ge15pct,Oil_Rents_GDP_Pct_lag1,primary,Oil_Rent_Intensive_Pre2016_ge15pct,Future_Period,train_to_2018__test_from_2019,RandomForest,signal_increment,0.011000000000000027,0.0065
M1_Macro_vs_M2_Macro_Oil__primary__Oil_Rent_Intensive_Pre2016_ge15pct,Oil_Rents_GDP_Pct_lag1,primary,Oil_Rent_Intensive_Pre2016_ge15pct,Future_Period,train_to_2018__test_from_2019,RandomForest,signal_increment,0.011500000000000028,0.0065
M1_Macro_vs_M2_Macro_Oil__primary__Oil_Rent_Intensive_Pre2016_ge15pct,Oil_Rents_GDP_Pct_lag1,primary,Oil_Rent_Intensive_Pre2016_ge15pct,Future_Period,train_to_2018__test_from_2019,RandomForest,signal_increment,0.012000000000000028,0.0055
M1_Macro_vs_M2_Macro_Oil__primary__Oil_Rent_Intensive_Pre2016_ge15pct,Oil_Rents_GDP_Pct_lag1,primary,Oil_Rent_Intensive_Pre2016_ge15pct,Future_Period,train_to_2018__test_from_2019,RandomForest,signal_increment,0.012500000000000028,0.004
M1_Macro_vs_M2_Macro_Oil__primary__Oil_Rent_Intensive_Pre2016_ge15pct,Oil_Rents_GDP_Pct_lag1,primary,Oil_Rent_Intensive_Pre2016_ge15pct,Future_Period,train_to_2018__test_from_2019,RandomForest,signal_increment,0.013000000000000029,0.0035
M1_Macro_vs_M2_Macro_Oil__primary__Oil_Rent_Intensive_Pre2016_ge15pct,Oil_Rents_GDP_Pct_lag1,primary,Oil_Rent_Intensive_Pre2016_ge15pct,Future_Period,train_to_2018__test_from_2019,RandomForest,signal_increment,0.01350000000000003,0.003
M1_Macro_vs_M2_Macro_Oil__primary__Oil_Rent_Intensive_Pre2016_ge15pct,Oil_Rents_GDP_Pct_lag1,primary,Oil_Rent_Intensive_Pre2016_ge15pct,Future_Period,train_to_2018__test_from_2019,RandomForest,signal_increment,0.01400000000000003,0.003
M1_Macro_vs_M2_Macro_Oil__primary__Oil_Rent_Intensive_Pre2016_ge15pct,Oil_Rents_GDP_Pct_lag1,primary,Oil_Rent_Intensive_Pre2016_ge15pct,Future_Period,train_to_2018__test_from_2019,RandomForest,signal_increment,0.01450000000000003,0.003
M1_Macro_vs_M2_Macro_Oil__primary__Oil_Rent_Intensive_Pre2016_ge15pct,Oil_Rents_GDP_Pct_lag1,primary,Oil_Rent_Intensive_Pre2016_ge15pct,Future_Period,train_to_2018__test_from_2019,RandomForest,signal_increment,0.01500000000000003,0.003
M1_Macro_vs_M2_Macro_Oil__primary__Oil_Rent_Intensive_Pre2016_ge15pct,Oil_Rents_GDP_Pct_lag1,primary,Oil_Rent_Intensive_Pre2016_ge15pct,Future_Period,train_to_2018__test_from_2019,RandomForest,signal_increment,0.015500000000000031,0.003
M1_Macro_vs_M2_Macro_Oil__primary__Oil_Rent_Intensive_Pre2016_ge15pct,Oil_Rents_GDP_Pct_lag1,primary,Oil_Rent_Intensive_Pre2016_ge15pct,Future_Period,train_to_2018__test_from_2019,RandomForest,signal_increment,0.01600000000000003,0.003
M1_Macro_vs_M2_Macro_Oil__primary__Oil_Rent_Intensive_Pre2016_ge15pct,Oil_Rents_GDP_Pct_lag1,primary,Oil_Rent_Intensive_Pre2016_ge15pct,Future_Period,train_to_2018__test_from_2019,RandomForest,signal_increment,0.016500000000000032,0.003
M1_Macro_vs_M2_Macro_Oil__primary__Oil_Rent_Intensive_Pre2016_ge15pct,Oil_Rents_GDP_Pct_lag1,primary,Oil_Rent_Intensive_Pre2016_ge15pct,Future_Period,train_to_2018__test_from_2019,RandomForest,signal_increment,0.017000000000000032,0.003
M1_Macro_vs_M2_Macro_Oil__primary__Oil_Rent_Intensive_Pre2016_ge15pct,Oil_Rents_GDP_Pct_lag1,primary,Oil_Rent_Intensive_Pre2016_ge15pct,Future_Period,train_to_2018__test_from_2019,RandomForest,signal_increment,0.017500000000000033,0.003
M1_Macro_vs_M2_Macro_Oil__primary__Oil_Rent_Intensive_Pre2016_ge15pct,Oil_Rents_GDP_Pct_lag1,primary,Oil_Rent_Intensive_Pre2016_ge15pct,Future_Period,train_to_2018__test_from_2019,RandomForest,signal_increment,0.018000000000000033,0.0025
M1_Macro_vs_M2_Macro_Oil__primary__Oil_Rent_Intensive_Pre2016_ge15pct,Oil_Rents_GDP_Pct_lag1,primary,Oil_Rent_Intensive_Pre2016_ge15pct,Future_Period,train_to_2018__test_from_2019,RandomForest,signal_increment,0.018500000000000034,0.002
M1_Macro_vs_M2_Macro_Oil__primary__Oil_Rent_Intensive_Pre2016_ge15pct,Oil_Rents_GDP_Pct_lag1,primary,Oil_Rent_Intensive_Pre2016_ge15pct,Future_Period,train_to_2018__test_from_2019,RandomForest,signal_increment,0.019000000000000034,0.001
M1_Macro_vs_M2_Macro_Oil__primary__Oil_Rent_Intensive_Pre2016_ge15pct,Oil_Rents_GDP_Pct_lag1,primary,Oil_Rent_Intensive_Pre2016_ge15pct,Future_Period,train_to_2018__test_from_2019,RandomForest,signal_increment,0.019500000000000035,0.0005
M1_Macro_vs_M2_Macro_Oil__primary__Oil_Rent_Intensive_Pre2016_ge15pct,Oil_Rents_GDP_Pct_lag1,primary,Oil_Rent_Intensive_Pre2016_ge15pct,Future_Period,train_to_2018__test_from_2019,RandomForest,signal_increment,0.020000000000000035,0.0005
M1_Macro_vs_M2_Macro_Oil__primary__Oil_Rent_Intensive_Pre2016_ge15pct,Oil_Rents_GDP_Pct_lag1,primary,Oil_Rent_Intensive_Pre2016_ge15pct,Future_Period,train_to_2018__test_from_2019,RandomForest,signal_increment,0.020500000000000036,0.0005
M1_Macro_vs_M2_Macro_Oil__primary__Oil_Rent_Intensive_Pre2016_ge15pct,Oil_Rents_GDP_Pct_lag1,primary,Oil_Rent_Intensive_Pre2016_ge15pct,Future_Period,train_to_2018__test_from_2019,RandomForest,signal_increment,0.021000000000000036,0.0005
M1_Macro_vs_M2_Macro_Oil__primary__Oil_Rent_Intensive_Pre2016_ge15pct,Oil_Rents_GDP_Pct_lag1,primary,Oil_Rent_Intensive_Pre2016_ge15pct,Future_Period,train_to_2018__test_from_2019,RandomForest,signal_increment,0.021500000000000036,0.0005
M1_Macro_vs_M2_Macro_Oil__primary__Oil_Rent_Intensive_Pre2016_ge15pct,Oil_Rents_GDP_Pct_lag1,primary,Oil_Rent_Intensive_Pre2016_ge15pct,Future_Period,train_to_2018__test_from_2019,RandomForest,signal_increment,0.022000000000000037,0.0005
M1_Macro_vs_M2_Macro_Oil__primary__Oil_Rent_Intensive_Pre2016_ge15pct,Oil_Rents_GDP_Pct_lag1,primary,Oil_Rent_Intensive_Pre2016_ge15pct,Future_Period,train_to_2018__test_from_2019,RandomForest,signal_increment,0.022500000000000037,0.0005
M1_Macro_vs_M2_Macro_Oil__primary__Oil_Rent_Intensive_Pre2016_ge15pct,Oil_Rents_GDP_Pct_lag1,primary,Oil_Rent_Intensive_Pre2016_ge15pct,Future_Period,train_to_2018__test_from_2019,RandomForest,signal_increment,0.023000000000000038,0.0005
M1_Macro_vs_M2_Macro_Oil__primary__Oil_Rent_Intensive_Pre2016_ge15pct,Oil_Rents_GDP_Pct_lag1,primary,Oil_Rent_Intensive_Pre2016_ge15pct,Future_Period,train_to_2018__test_from_2019,RandomForest,signal_increment,0.023500000000000038,0.0005
M1_Macro_vs_M2_Macro_Oil__primary__Oil_Rent_Intensive_Pre2016_ge15pct,Oil_Rents_GDP_Pct_lag1,primary,Oil_Rent_Intensive_Pre2016_ge15pct,Future_Period,train_to_2018__test_from_2019,RandomForest,signal_increment,0.02400000000000004,0.0005
M1_Macro_vs_M2_Macro_Oil__primary__Oil_Rent_Intensive_Pre2016_ge15pct,Oil_Rents_GDP_Pct_lag1,primary,Oil_Rent_Intensive_Pre2016_ge15pct,Future_Period,train_to_2018__test_from_2019,RandomForest,signal_increment,0.02450000000000004,0.0005
M1_Macro_vs_M2_Macro_Oil__primary__Oil_Rent_Intensive_Pre2016_ge15pct,Oil_Rents_GDP_Pct_lag1,primary,Oil_Rent_Intensive_Pre2016_ge15pct,Future_Period,train_to_2018__test_from_2019,RandomForest,signal_increment,0.02500000000000004,0.0005
M1_Macro_vs_M2_Macro_Oil__primary__Oil_Rent_Intensive_Pre2016_ge15pct,Oil_Rents_GDP_Pct_lag1,primary,Oil_Rent_Intensive_Pre2016_ge15pct,Future_Period,train_to_2018__test_from_2019,RandomForest,signal_increment,0.02550000000000004,0.0005
M1_Macro_vs_M2_Macro_Oil__primary__Oil_Rent_Intensive_Pre2016_ge15pct,Oil_Rents_GDP_Pct_lag1,primary,Oil_Rent_Intensive_Pre2016_ge15pct,Future_Period,train_to_2018__test_from_2019,RandomForest,signal_increment,0.02600000000000004,0.0005
M1_Macro_vs_M2_Macro_Oil__primary__Oil_Rent_Intensive_Pre2016_ge15pct,Oil_Rents_GDP_Pct_lag1,primary,Oil_Rent_Intensive_Pre2016_ge15pct,Future_Period,train_to_2018__test_from_2019,RandomForest,signal_increment,0.02650000000000004,0.0005
M1_Macro_vs_M2_Macro_Oil__primary__Oil_Rent_Intensive_Pre2016_ge15pct,Oil_Rents_GDP_Pct_lag1,primary,Oil_Rent_Intensive_Pre2016_ge15pct,Future_Period,train_to_2018__test_from_2019,RandomForest,signal_increment,0.02700000000000004,0.0005
M1_Macro_vs_M2_Macro_Oil__primary__Oil_Rent_Intensive_Pre2016_ge15pct,Oil_Rents_GDP_Pct_lag1,primary,Oil_Rent_Intensive_Pre2016_ge15pct,Future_Period,train_to_2018__test_from_2019,RandomForest,signal_increment,0.027500000000000042,0.0005
M1_Macro_vs_M2_Macro_Oil__primary__Oil_Rent_Intensive_Pre2016_ge15pct,Oil_Rents_GDP_Pct_lag1,primary,Oil_Rent_Intensive_Pre2016_ge15pct,Future_Period,train_to_2018__test_from_2019,RandomForest,signal_increment,0.028000000000000042,0.0005
M1_Macro_vs_M2_Macro_Oil__primary__Oil_Rent_Intensive_Pre2016_ge15pct,Oil_Rents_GDP_Pct_lag1,primary,Oil_Rent_Intensive_Pre2016_ge15pct,Future_Period,train_to_2018__test_from_2019,RandomForest,signal_increment,0.028500000000000043,0.0005
M1_Macro_vs_M2_Macro_Oil__primary__Oil_Rent_Intensive_Pre2016_ge15pct,Oil_Rents_GDP_Pct_lag1,primary,Oil_Rent_Intensive_Pre2016_ge15pct,Future_Period,train_to_2018__test_from_2019,RandomForest,signal_increment,0.029000000000000043,0.0005
M1_Macro_vs_M2_Macro_Oil__primary__Oil_Rent_Intensive_Pre2016_ge15pct,Oil_Rents_GDP_Pct_lag1,primary,Oil_Rent_Intensive_Pre2016_ge15pct,Future_Period,train_to_2018__test_from_2019,RandomForest,signal_increment,0.029500000000000044,0.0005
M1_Macro_vs_M2_Macro_Oil__primary__Oil_Rent_Intensive_Pre2016_ge15pct,Oil_Rents_GDP_Pct_lag1,primary,Oil_Rent_Intensive_Pre2016_ge15pct,Future_Period,train_to_2018__test_from_2019,RandomForest,signal_increment,0.030000000000000044,0.0005
M1_Macro_vs_M2_Macro_Oil__primary__Oil_Rent_Intensive_Pre2016_ge15pct,Oil_Rents_GDP_Pct_lag1,primary,Oil_Rent_Intensive_Pre2016_ge15pct,Future_Period,train_to_2018__test_from_2019,RandomForest,added_model_vs_strongest_benchmark,-0.02,0.886
M1_Macro_vs_M2_Macro_Oil__primary__Oil_Rent_Intensive_Pre2016_ge15pct,Oil_Rents_GDP_Pct_lag1,primary,Oil_Rent_Intensive_Pre2016_ge15pct,Future_Period,train_to_2018__test_from_2019,RandomForest,added_model_vs_strongest_benchmark,-0.0195,0.884
M1_Macro_vs_M2_Macro_Oil__primary__Oil_Rent_Intensive_Pre2016_ge15pct,Oil_Rents_GDP_Pct_lag1,primary,Oil_Rent_Intensive_Pre2016_ge15pct,Future_Period,train_to_2018__test_from_2019,RandomForest,added_model_vs_strongest_benchmark,-0.019,0.882
M1_Macro_vs_M2_Macro_Oil__primary__Oil_Rent_Intensive_Pre2016_ge15pct,Oil_Rents_GDP_Pct_lag1,primary,Oil_Rent_Intensive_Pre2016_ge15pct,Future_Period,train_to_2018__test_from_2019,RandomForest,added_model_vs_strongest_benchmark,-0.0185,0.881
M1_Macro_vs_M2_Macro_Oil__primary__Oil_Rent_Intensive_Pre2016_ge15pct,Oil_Rents_GDP_Pct_lag1,primary,Oil_Rent_Intensive_Pre2016_ge15pct,Future_Period,train_to_2018__test_from_2019,RandomForest,added_model_vs_strongest_benchmark,-0.018,0.8805
M1_Macro_vs_M2_Macro_Oil__primary__Oil_Rent_Intensive_Pre2016_ge15pct,Oil_Rents_GDP_Pct_lag1,primary,Oil_Rent_Intensive_Pre2016_ge15pct,Future_Period,train_to_2018__test_from_2019,RandomForest,added_model_vs_strongest_benchmark,-0.017499999999999998,0.879
M1_Macro_vs_M2_Macro_Oil__primary__Oil_Rent_Intensive_Pre2016_ge15pct,Oil_Rents_GDP_Pct_lag1,primary,Oil_Rent_Intensive_Pre2016_ge15pct,Future_Period,train_to_2018__test_from_2019,RandomForest,added_model_vs_strongest_benchmark,-0.016999999999999998,0.8785
M1_Macro_vs_M2_Macro_Oil__primary__Oil_Rent_Intensive_Pre2016_ge15pct,Oil_Rents_GDP_Pct_lag1,primary,Oil_Rent_Intensive_Pre2016_ge15pct,Future_Period,train_to_2018__test_from_2019,RandomForest,added_model_vs_strongest_benchmark,-0.016499999999999997,0.8765
M1_Macro_vs_M2_Macro_Oil__primary__Oil_Rent_Intensive_Pre2016_ge15pct,Oil_Rents_GDP_Pct_lag1,primary,Oil_Rent_Intensive_Pre2016_ge15pct,Future_Period,train_to_2018__test_from_2019,RandomForest,added_model_vs_strongest_benchmark,-0.015999999999999997,0.875
M1_Macro_vs_M2_Macro_Oil__primary__Oil_Rent_Intensive_Pre2016_ge15pct,Oil_Rents_GDP_Pct_lag1,primary,Oil_Rent_Intensive_Pre2016_ge15pct,Future_Period,train_to_2018__test_from_2019,RandomForest,added_model_vs_strongest_benchmark,-0.015499999999999996,0.8735
M1_Macro_vs_M2_Macro_Oil__primary__Oil_Rent_Intensive_Pre2016_ge15pct,Oil_Rents_GDP_Pct_lag1,primary,Oil_Rent_Intensive_Pre2016_ge15pct,Future_Period,train_to_2018__test_from_2019,RandomForest,added_model_vs_strongest_benchmark,-0.014999999999999996,0.8715
M1_Macro_vs_M2_Macro_Oil__primary__Oil_Rent_Intensive_Pre2016_ge15pct,Oil_Rents_GDP_Pct_lag1,primary,Oil_Rent_Intensive_Pre2016_ge15pct,Future_Period,train_to_2018__test_from_2019,RandomForest,added_model_vs_strongest_benchmark,-0.014499999999999996,0.871
M1_Macro_vs_M2_Macro_Oil__primary__Oil_Rent_Intensive_Pre2016_ge15pct,Oil_Rents_GDP_Pct_lag1,primary,Oil_Rent_Intensive_Pre2016_ge15pct,Future_Period,train_to_2018__test_from_2019,RandomForest,added_model_vs_strongest_benchmark,-0.013999999999999995,0.869
M1_Macro_vs_M2_Macro_Oil__primary__Oil_Rent_Intensive_Pre2016_ge15pct,Oil_Rents_GDP_Pct_lag1,primary,Oil_Rent_Intensive_Pre2016_ge15pct,Future_Period,train_to_2018__test_from_2019,RandomForest,added_model_vs_strongest_benchmark,-0.013499999999999995,0.8675
M1_Macro_vs_M2_Macro_Oil__primary__Oil_Rent_Intensive_Pre2016_ge15pct,Oil_Rents_GDP_Pct_lag1,primary,Oil_Rent_Intensive_Pre2016_ge15pct,Future_Period,train_to_2018__test_from_2019,RandomForest,added_model_vs_strongest_benchmark,-0.012999999999999994,0.866
M1_Macro_vs_M2_Macro_Oil__primary__Oil_Rent_Intensive_Pre2016_ge15pct,Oil_Rents_GDP_Pct_lag1,primary,Oil_Rent_Intensive_Pre2016_ge15pct,Future_Period,train_to_2018__test_from_2019,RandomForest,added_model_vs_strongest_benchmark,-0.012499999999999994,0.8625
M1_Macro_vs_M2_Macro_Oil__primary__Oil_Rent_Intensive_Pre2016_ge15pct,Oil_Rents_GDP_Pct_lag1,primary,Oil_Rent_Intensive_Pre2016_ge15pct,Future_Period,train_to_2018__test_from_2019,RandomForest,added_model_vs_strongest_benchmark,-0.011999999999999993,0.8625
M1_Macro_vs_M2_Macro_Oil__primary__Oil_Rent_Intensive_Pre2016_ge15pct,Oil_Rents_GDP_Pct_lag1,primary,Oil_Rent_Intensive_Pre2016_ge15pct,Future_Period,train_to_2018__test_from_2019,RandomForest,added_model_vs_strongest_benchmark,-0.011499999999999993,0.861
M1_Macro_vs_M2_Macro_Oil__primary__Oil_Rent_Intensive_Pre2016_ge15pct,Oil_Rents_GDP_Pct_lag1,primary,Oil_Rent_Intensive_Pre2016_ge15pct,Future_Period,train_to_2018__test_from_2019,RandomForest,added_model_vs_strongest_benchmark,-0.010999999999999992,0.86
M1_Macro_vs_M2_Macro_Oil__primary__Oil_Rent_Intensive_Pre2016_ge15pct,Oil_Rents_GDP_Pct_lag1,primary,Oil_Rent_Intensive_Pre2016_ge15pct,Future_Period,train_to_2018__test_from_2019,RandomForest,added_model_vs_strongest_benchmark,-0.010499999999999992,0.8595
M1_Macro_vs_M2_Macro_Oil__primary__Oil_Rent_Intensive_Pre2016_ge15pct,Oil_Rents_GDP_Pct_lag1,primary,Oil_Rent_Intensive_Pre2016_ge15pct,Future_Period,train_to_2018__test_from_2019,RandomForest,added_model_vs_strongest_benchmark,-0.009999999999999992,0.859
M1_Macro_vs_M2_Macro_Oil__primary__Oil_Rent_Intensive_Pre2016_ge15pct,Oil_Rents_GDP_Pct_lag1,primary,Oil_Rent_Intensive_Pre2016_ge15pct,Future_Period,train_to_2018__test_from_2019,RandomForest,added_model_vs_strongest_benchmark,-0.009499999999999991,0.8575
M1_Macro_vs_M2_Macro_Oil__primary__Oil_Rent_Intensive_Pre2016_ge15pct,Oil_Rents_GDP_Pct_lag1,primary,Oil_Rent_Intensive_Pre2016_ge15pct,Future_Period,train_to_2018__test_from_2019,RandomForest,added_model_vs_strongest_benchmark,-0.00899999999999999,0.856
M1_Macro_vs_M2_Macro_Oil__primary__Oil_Rent_Intensive_Pre2016_ge15pct,Oil_Rents_GDP_Pct_lag1,primary,Oil_Rent_Intensive_Pre2016_ge15pct,Future_Period,train_to_2018__test_from_2019,RandomForest,added_model_vs_strongest_benchmark,-0.00849999999999999,0.856
M1_Macro_vs_M2_Macro_Oil__primary__Oil_Rent_Intensive_Pre2016_ge15pct,Oil_Rents_GDP_Pct_lag1,primary,Oil_Rent_Intensive_Pre2016_ge15pct,Future_Period,train_to_2018__test_from_2019,RandomForest,added_model_vs_strongest_benchmark,-0.00799999999999999,0.8555
M1_Macro_vs_M2_Macro_Oil__primary__Oil_Rent_Intensive_Pre2016_ge15pct,Oil_Rents_GDP_Pct_lag1,primary,Oil_Rent_Intensive_Pre2016_ge15pct,Future_Period,train_to_2018__test_from_2019,RandomForest,added_model_vs_strongest_benchmark,-0.007499999999999989,0.8555
M1_Macro_vs_M2_Macro_Oil__primary__Oil_Rent_Intensive_Pre2016_ge15pct,Oil_Rents_GDP_Pct_lag1,primary,Oil_Rent_Intensive_Pre2016_ge15pct,Future_Period,train_to_2018__test_from_2019,RandomForest,added_model_vs_strongest_benchmark,-0.006999999999999989,0.8545
M1_Macro_vs_M2_Macro_Oil__primary__Oil_Rent_Intensive_Pre2016_ge15pct,Oil_Rents_GDP_Pct_lag1,primary,Oil_Rent_Intensive_Pre2016_ge15pct,Future_Period,train_to_2018__test_from_2019,RandomForest,added_model_vs_strongest_benchmark,-0.006499999999999988,0.8525
M1_Macro_vs_M2_Macro_Oil__primary__Oil_Rent_Intensive_Pre2016_ge15pct,Oil_Rents_GDP_Pct_lag1,primary,Oil_Rent_Intensive_Pre2016_ge15pct,Future_Period,train_to_2018__test_from_2019,RandomForest,added_model_vs_strongest_benchmark,-0.005999999999999988,0.8515
M1_Macro_vs_M2_Macro_Oil__primary__Oil_Rent_Intensive_Pre2016_ge15pct,Oil_Rents_GDP_Pct_lag1,primary,Oil_Rent_Intensive_Pre2016_ge15pct,Future_Period,train_to_2018__test_from_2019,RandomForest,added_model_vs_strongest_benchmark,-0.0054999999999999875,0.85
M1_Macro_vs_M2_Macro_Oil__primary__Oil_Rent_Intensive_Pre2016_ge15pct,Oil_Rents_GDP_Pct_lag1,primary,Oil_Rent_Intensive_Pre2016_ge15pct,Future_Period,train_to_2018__test_from_2019,RandomForest,added_model_vs_strongest_benchmark,-0.004999999999999987,0.8465
M1_Macro_vs_M2_Macro_Oil__primary__Oil_Rent_Intensive_Pre2016_ge15pct,Oil_Rents_GDP_Pct_lag1,primary,Oil_Rent_Intensive_Pre2016_ge15pct,Future_Period,train_to_2018__test_from_2019,RandomForest,added_model_vs_strongest_benchmark,-0.004499999999999987,0.8455
M1_Macro_vs_M2_Macro_Oil__primary__Oil_Rent_Intensive_Pre2016_ge15pct,Oil_Rents_GDP_Pct_lag1,primary,Oil_Rent_Intensive_Pre2016_ge15pct,Future_Period,train_to_2018__test_from_2019,RandomForest,added_model_vs_strongest_benchmark,-0.003999999999999986,0.8425
M1_Macro_vs_M2_Macro_Oil__primary__Oil_Rent_Intensive_Pre2016_ge15pct,Oil_Rents_GDP_Pct_lag1,primary,Oil_Rent_Intensive_Pre2016_ge15pct,Future_Period,train_to_2018__test_from_2019,RandomForest,added_model_vs_strongest_benchmark,-0.0034999999999999858,0.8405
M1_Macro_vs_M2_Macro_Oil__primary__Oil_Rent_Intensive_Pre2016_ge15pct,Oil_Rents_GDP_Pct_lag1,primary,Oil_Rent_Intensive_Pre2016_ge15pct,Future_Period,train_to_2018__test_from_2019,RandomForest,added_model_vs_strongest_benchmark,-0.0029999999999999853,0.8405
M1_Macro_vs_M2_Macro_Oil__primary__Oil_Rent_Intensive_Pre2016_ge15pct,Oil_Rents_GDP_Pct_lag1,primary,Oil_Rent_Intensive_Pre2016_ge15pct,Future_Period,train_to_2018__test_from_2019,RandomForest,added_model_vs_strongest_benchmark,-0.002499999999999985,0.839
M1_Macro_vs_M2_Macro_Oil__primary__Oil_Rent_Intensive_Pre2016_ge15pct,Oil_Rents_GDP_Pct_lag1,primary,Oil_Rent_Intensive_Pre2016_ge15pct,Future_Period,train_to_2018__test_from_2019,RandomForest,added_model_vs_strongest_benchmark,-0.0019999999999999844,0.8385
M1_Macro_vs_M2_Macro_Oil__primary__Oil_Rent_Intensive_Pre2016_ge15pct,Oil_Rents_GDP_Pct_lag1,primary,Oil_Rent_Intensive_Pre2016_ge15pct,Future_Period,train_to_2018__test_from_2019,RandomForest,added_model_vs_strongest_benchmark,-0.001499999999999984,0.8375
M1_Macro_vs_M2_Macro_Oil__primary__Oil_Rent_Intensive_Pre2016_ge15pct,Oil_Rents_GDP_Pct_lag1,primary,Oil_Rent_Intensive_Pre2016_ge15pct,Future_Period,train_to_2018__test_from_2019,RandomForest,added_model_vs_strongest_benchmark,-0.0009999999999999835,0.834
M1_Macro_vs_M2_Macro_Oil__primary__Oil_Rent_Intensive_Pre2016_ge15pct,Oil_Rents_GDP_Pct_lag1,primary,Oil_Rent_Intensive_Pre2016_ge15pct,Future_Period,train_to_2018__test_from_2019,RandomForest,added_model_vs_strongest_benchmark,-0.0004999999999999831,0.8315
M1_Macro_vs_M2_Macro_Oil__primary__Oil_Rent_Intensive_Pre2016_ge15pct,Oil_Rents_GDP_Pct_lag1,primary,Oil_Rent_Intensive_Pre2016_ge15pct,Future_Period,train_to_2018__test_from_2019,RandomForest,added_model_vs_strongest_benchmark,1.734723475976807e-17,0.83
M1_Macro_vs_M2_Macro_Oil__primary__Oil_Rent_Intensive_Pre2016_ge15pct,Oil_Rents_GDP_Pct_lag1,primary,Oil_Rent_Intensive_Pre2016_ge15pct,Future_Period,train_to_2018__test_from_2019,RandomForest,added_model_vs_strongest_benchmark,0.0005000000000000178,0.8285
M1_Macro_vs_M2_Macro_Oil__primary__Oil_Rent_Intensive_Pre2016_ge15pct,Oil_Rents_GDP_Pct_lag1,primary,Oil_Rent_Intensive_Pre2016_ge15pct,Future_Period,train_to_2018__test_from_2019,RandomForest,added_model_vs_strongest_benchmark,0.0010000000000000182,0.827
M1_Macro_vs_M2_Macro_Oil__primary__Oil_Rent_Intensive_Pre2016_ge15pct,Oil_Rents_GDP_Pct_lag1,primary,Oil_Rent_Intensive_Pre2016_ge15pct,Future_Period,train_to_2018__test_from_2019,RandomForest,added_model_vs_strongest_benchmark,0.0015000000000000187,0.825
M1_Macro_vs_M2_Macro_Oil__primary__Oil_Rent_Intensive_Pre2016_ge15pct,Oil_Rents_GDP_Pct_lag1,primary,Oil_Rent_Intensive_Pre2016_ge15pct,Future_Period,train_to_2018__test_from_2019,RandomForest,added_model_vs_strongest_benchmark,0.002000000000000019,0.8235
M1_Macro_vs_M2_Macro_Oil__primary__Oil_Rent_Intensive_Pre2016_ge15pct,Oil_Rents_GDP_Pct_lag1,primary,Oil_Rent_Intensive_Pre2016_ge15pct,Future_Period,train_to_2018__test_from_2019,RandomForest,added_model_vs_strongest_benchmark,0.0025000000000000196,0.8215
M1_Macro_vs_M2_Macro_Oil__primary__Oil_Rent_Intensive_Pre2016_ge15pct,Oil_Rents_GDP_Pct_lag1,primary,Oil_Rent_Intensive_Pre2016_ge15pct,Future_Period,train_to_2018__test_from_2019,RandomForest,added_model_vs_strongest_benchmark,0.00300000000000002,0.819
M1_Macro_vs_M2_Macro_Oil__primary__Oil_Rent_Intensive_Pre2016_ge15pct,Oil_Rents_GDP_Pct_lag1,primary,Oil_Rent_Intensive_Pre2016_ge15pct,Future_Period,train_to_2018__test_from_2019,RandomForest,added_model_vs_strongest_benchmark,0.0035000000000000205,0.817
M1_Macro_vs_M2_Macro_Oil__primary__Oil_Rent_Intensive_Pre2016_ge15pct,Oil_Rents_GDP_Pct_lag1,primary,Oil_Rent_Intensive_Pre2016_ge15pct,Future_Period,train_to_2018__test_from_2019,RandomForest,added_model_vs_strongest_benchmark,0.004000000000000021,0.814
M1_Macro_vs_M2_Macro_Oil__primary__Oil_Rent_Intensive_Pre2016_ge15pct,Oil_Rents_GDP_Pct_lag1,primary,Oil_Rent_Intensive_Pre2016_ge15pct,Future_Period,train_to_2018__test_from_2019,RandomForest,added_model_vs_strongest_benchmark,0.004500000000000021,0.812
M1_Macro_vs_M2_Macro_Oil__primary__Oil_Rent_Intensive_Pre2016_ge15pct,Oil_Rents_GDP_Pct_lag1,primary,Oil_Rent_Intensive_Pre2016_ge15pct,Future_Period,train_to_2018__test_from_2019,RandomForest,added_model_vs_strongest_benchmark,0.005000000000000022,0.81
M1_Macro_vs_M2_Macro_Oil__primary__Oil_Rent_Intensive_Pre2016_ge15pct,Oil_Rents_GDP_Pct_lag1,primary,Oil_Rent_Intensive_Pre2016_ge15pct,Future_Period,train_to_2018__test_from_2019,RandomForest,added_model_vs_strongest_benchmark,0.005500000000000022,0.8085
M1_Macro_vs_M2_Macro_Oil__primary__Oil_Rent_Intensive_Pre2016_ge15pct,Oil_Rents_GDP_Pct_lag1,primary,Oil_Rent_Intensive_Pre2016_ge15pct,Future_Period,train_to_2018__test_from_2019,RandomForest,added_model_vs_strongest_benchmark,0.006000000000000023,0.808
M1_Macro_vs_M2_Macro_Oil__primary__Oil_Rent_Intensive_Pre2016_ge15pct,Oil_Rents_GDP_Pct_lag1,primary,Oil_Rent_Intensive_Pre2016_ge15pct,Future_Period,train_to_2018__test_from_2019,RandomForest,added_model_vs_strongest_benchmark,0.006500000000000023,0.805
M1_Macro_vs_M2_Macro_Oil__primary__Oil_Rent_Intensive_Pre2016_ge15pct,Oil_Rents_GDP_Pct_lag1,primary,Oil_Rent_Intensive_Pre2016_ge15pct,Future_Period,train_to_2018__test_from_2019,RandomForest,added_model_vs_strongest_benchmark,0.0070000000000000236,0.802
M1_Macro_vs_M2_Macro_Oil__primary__Oil_Rent_Intensive_Pre2016_ge15pct,Oil_Rents_GDP_Pct_lag1,primary,Oil_Rent_Intensive_Pre2016_ge15pct,Future_Period,train_to_2018__test_from_2019,RandomForest,added_model_vs_strongest_benchmark,0.007500000000000024,0.8
M1_Macro_vs_M2_Macro_Oil__primary__Oil_Rent_Intensive_Pre2016_ge15pct,Oil_Rents_GDP_Pct_lag1,primary,Oil_Rent_Intensive_Pre2016_ge15pct,Future_Period,train_to_2018__test_from_2019,RandomForest,added_model_vs_strongest_benchmark,0.008000000000000024,0.799
M1_Macro_vs_M2_Macro_Oil__primary__Oil_Rent_Intensive_Pre2016_ge15pct,Oil_Rents_GDP_Pct_lag1,primary,Oil_Rent_Intensive_Pre2016_ge15pct,Future_Period,train_to_2018__test_from_2019,RandomForest,added_model_vs_strongest_benchmark,0.008500000000000025,0.7975
M1_Macro_vs_M2_Macro_Oil__primary__Oil_Rent_Intensive_Pre2016_ge15pct,Oil_Rents_GDP_Pct_lag1,primary,Oil_Rent_Intensive_Pre2016_ge15pct,Future_Period,train_to_2018__test_from_2019,RandomForest,added_model_vs_strongest_benchmark,0.009000000000000025,0.796
M1_Macro_vs_M2_Macro_Oil__primary__Oil_Rent_Intensive_Pre2016_ge15pct,Oil_Rents_GDP_Pct_lag1,primary,Oil_Rent_Intensive_Pre2016_ge15pct,Future_Period,train_to_2018__test_from_2019,RandomForest,added_model_vs_strongest_benchmark,0.009500000000000026,0.795
M1_Macro_vs_M2_Macro_Oil__primary__Oil_Rent_Intensive_Pre2016_ge15pct,Oil_Rents_GDP_Pct_lag1,primary,Oil_Rent_Intensive_Pre2016_ge15pct,Future_Period,train_to_2018__test_from_2019,RandomForest,added_model_vs_strongest_benchmark,0.010000000000000026,0.7945
M1_Macro_vs_M2_Macro_Oil__primary__Oil_Rent_Intensive_Pre2016_ge15pct,Oil_Rents_GDP_Pct_lag1,primary,Oil_Rent_Intensive_Pre2016_ge15pct,Future_Period,train_to_2018__test_from_2019,RandomForest,added_model_vs_strongest_benchmark,0.010500000000000027,0.7925
M1_Macro_vs_M2_Macro_Oil__primary__Oil_Rent_Intensive_Pre2016_ge15pct,Oil_Rents_GDP_Pct_lag1,primary,Oil_Rent_Intensive_Pre2016_ge15pct,Future_Period,train_to_2018__test_from_2019,RandomForest,added_model_vs_strongest_benchmark,0.011000000000000027,0.7915
M1_Macro_vs_M2_Macro_Oil__primary__Oil_Rent_Intensive_Pre2016_ge15pct,Oil_Rents_GDP_Pct_lag1,primary,Oil_Rent_Intensive_Pre2016_ge15pct,Future_Period,train_to_2018__test_from_2019,RandomForest,added_model_vs_strongest_benchmark,0.011500000000000028,0.791
M1_Macro_vs_M2_Macro_Oil__primary__Oil_Rent_Intensive_Pre2016_ge15pct,Oil_Rents_GDP_Pct_lag1,primary,Oil_Rent_Intensive_Pre2016_ge15pct,Future_Period,train_to_2018__test_from_2019,RandomForest,added_model_vs_strongest_benchmark,0.012000000000000028,0.7895
M1_Macro_vs_M2_Macro_Oil__primary__Oil_Rent_Intensive_Pre2016_ge15pct,Oil_Rents_GDP_Pct_lag1,primary,Oil_Rent_Intensive_Pre2016_ge15pct,Future_Period,train_to_2018__test_from_2019,RandomForest,added_model_vs_strongest_benchmark,0.012500000000000028,0.7865
M1_Macro_vs_M2_Macro_Oil__primary__Oil_Rent_Intensive_Pre2016_ge15pct,Oil_Rents_GDP_Pct_lag1,primary,Oil_Rent_Intensive_Pre2016_ge15pct,Future_Period,train_to_2018__test_from_2019,RandomForest,added_model_vs_strongest_benchmark,0.013000000000000029,0.7855
M1_Macro_vs_M2_Macro_Oil__primary__Oil_Rent_Intensive_Pre2016_ge15pct,Oil_Rents_GDP_Pct_lag1,primary,Oil_Rent_Intensive_Pre2016_ge15pct,Future_Period,train_to_2018__test_from_2019,RandomForest,added_model_vs_strongest_benchmark,0.01350000000000003,0.784
M1_Macro_vs_M2_Macro_Oil__primary__Oil_Rent_Intensive_Pre2016_ge15pct,Oil_Rents_GDP_Pct_lag1,primary,Oil_Rent_Intensive_Pre2016_ge15pct,Future_Period,train_to_2018__test_from_2019,RandomForest,added_model_vs_strongest_benchmark,0.01400000000000003,0.7825
M1_Macro_vs_M2_Macro_Oil__primary__Oil_Rent_Intensive_Pre2016_ge15pct,Oil_Rents_GDP_Pct_lag1,primary,Oil_Rent_Intensive_Pre2016_ge15pct,Future_Period,train_to_2018__test_from_2019,RandomForest,added_model_vs_strongest_benchmark,0.01450000000000003,0.781
M1_Macro_vs_M2_Macro_Oil__primary__Oil_Rent_Intensive_Pre2016_ge15pct,Oil_Rents_GDP_Pct_lag1,primary,Oil_Rent_Intensive_Pre2016_ge15pct,Future_Period,train_to_2018__test_from_2019,RandomForest,added_model_vs_strongest_benchmark,0.01500000000000003,0.7795
M1_Macro_vs_M2_Macro_Oil__primary__Oil_Rent_Intensive_Pre2016_ge15pct,Oil_Rents_GDP_Pct_lag1,primary,Oil_Rent_Intensive_Pre2016_ge15pct,Future_Period,train_to_2018__test_from_2019,RandomForest,added_model_vs_strongest_benchmark,0.015500000000000031,0.7785
M1_Macro_vs_M2_Macro_Oil__primary__Oil_Rent_Intensive_Pre2016_ge15pct,Oil_Rents_GDP_Pct_lag1,primary,Oil_Rent_Intensive_Pre2016_ge15pct,Future_Period,train_to_2018__test_from_2019,RandomForest,added_model_vs_strongest_benchmark,0.01600000000000003,0.7765
M1_Macro_vs_M2_Macro_Oil__primary__Oil_Rent_Intensive_Pre2016_ge15pct,Oil_Rents_GDP_Pct_lag1,primary,Oil_Rent_Intensive_Pre2016_ge15pct,Future_Period,train_to_2018__test_from_2019,RandomForest,added_model_vs_strongest_benchmark,0.016500000000000032,0.7755
M1_Macro_vs_M2_Macro_Oil__primary__Oil_Rent_Intensive_Pre2016_ge15pct,Oil_Rents_GDP_Pct_lag1,primary,Oil_Rent_Intensive_Pre2016_ge15pct,Future_Period,train_to_2018__test_from_2019,RandomForest,added_model_vs_strongest_benchmark,0.017000000000000032,0.772
M1_Macro_vs_M2_Macro_Oil__primary__Oil_Rent_Intensive_Pre2016_ge15pct,Oil_Rents_GDP_Pct_lag1,primary,Oil_Rent_Intensive_Pre2016_ge15pct,Future_Period,train_to_2018__test_from_2019,RandomForest,added_model_vs_strongest_benchmark,0.017500000000000033,0.7705
M1_Macro_vs_M2_Macro_Oil__primary__Oil_Rent_Intensive_Pre2016_ge15pct,Oil_Rents_GDP_Pct_lag1,primary,Oil_Rent_Intensive_Pre2016_ge15pct,Future_Period,train_to_2018__test_from_2019,RandomForest,added_model_vs_strongest_benchmark,0.018000000000000033,0.7685
M1_Macro_vs_M2_Macro_Oil__primary__Oil_Rent_Intensive_Pre2016_ge15pct,Oil_Rents_GDP_Pct_lag1,primary,Oil_Rent_Intensive_Pre2016_ge15pct,Future_Period,train_to_2018__test_from_2019,RandomForest,added_model_vs_strongest_benchmark,0.018500000000000034,0.7675
M1_Macro_vs_M2_Macro_Oil__primary__Oil_Rent_Intensive_Pre2016_ge15pct,Oil_Rents_GDP_Pct_lag1,primary,Oil_Rent_Intensive_Pre2016_ge15pct,Future_Period,train_to_2018__test_from_2019,RandomForest,added_model_vs_strongest_benchmark,0.019000000000000034,0.765
M1_Macro_vs_M2_Macro_Oil__primary__Oil_Rent_Intensive_Pre2016_ge15pct,Oil_Rents_GDP_Pct_lag1,primary,Oil_Rent_Intensive_Pre2016_ge15pct,Future_Period,train_to_2018__test_from_2019,RandomForest,added_model_vs_strongest_benchmark,0.019500000000000035,0.765
M1_Macro_vs_M2_Macro_Oil__primary__Oil_Rent_Intensive_Pre2016_ge15pct,Oil_Rents_GDP_Pct_lag1,primary,Oil_Rent_Intensive_Pre2016_ge15pct,Future_Period,train_to_2018__test_from_2019,RandomForest,added_model_vs_strongest_benchmark,0.020000000000000035,0.762
M1_Macro_vs_M2_Macro_Oil__primary__Oil_Rent_Intensive_Pre2016_ge15pct,Oil_Rents_GDP_Pct_lag1,primary,Oil_Rent_Intensive_Pre2016_ge15pct,Future_Period,train_to_2018__test_from_2019,RandomForest,added_model_vs_strongest_benchmark,0.020500000000000036,0.7605
M1_Macro_vs_M2_Macro_Oil__primary__Oil_Rent_Intensive_Pre2016_ge15pct,Oil_Rents_GDP_Pct_lag1,primary,Oil_Rent_Intensive_Pre2016_ge15pct,Future_Period,train_to_2018__test_from_2019,RandomForest,added_model_vs_strongest_benchmark,0.021000000000000036,0.76
M1_Macro_vs_M2_Macro_Oil__primary__Oil_Rent_Intensive_Pre2016_ge15pct,Oil_Rents_GDP_Pct_lag1,primary,Oil_Rent_Intensive_Pre2016_ge15pct,Future_Period,train_to_2018__test_from_2019,RandomForest,added_model_vs_strongest_benchmark,0.021500000000000036,0.7585
M1_Macro_vs_M2_Macro_Oil__primary__Oil_Rent_Intensive_Pre2016_ge15pct,Oil_Rents_GDP_Pct_lag1,primary,Oil_Rent_Intensive_Pre2016_ge15pct,Future_Period,train_to_2018__test_from_2019,RandomForest,added_model_vs_strongest_benchmark,0.022000000000000037,0.7565
M1_Macro_vs_M2_Macro_Oil__primary__Oil_Rent_Intensive_Pre2016_ge15pct,Oil_Rents_GDP_Pct_lag1,primary,Oil_Rent_Intensive_Pre2016_ge15pct,Future_Period,train_to_2018__test_from_2019,RandomForest,added_model_vs_strongest_benchmark,0.022500000000000037,0.754
M1_Macro_vs_M2_Macro_Oil__primary__Oil_Rent_Intensive_Pre2016_ge15pct,Oil_Rents_GDP_Pct_lag1,primary,Oil_Rent_Intensive_Pre2016_ge15pct,Future_Period,train_to_2018__test_from_2019,RandomForest,added_model_vs_strongest_benchmark,0.023000000000000038,0.753
M1_Macro_vs_M2_Macro_Oil__primary__Oil_Rent_Intensive_Pre2016_ge15pct,Oil_Rents_GDP_Pct_lag1,primary,Oil_Rent_Intensive_Pre2016_ge15pct,Future_Period,train_to_2018__test_from_2019,RandomForest,added_model_vs_strongest_benchmark,0.023500000000000038,0.751
M1_Macro_vs_M2_Macro_Oil__primary__Oil_Rent_Intensive_Pre2016_ge15pct,Oil_Rents_GDP_Pct_lag1,primary,Oil_Rent_Intensive_Pre2016_ge15pct,Future_Period,train_to_2018__test_from_2019,RandomForest,added_model_vs_strongest_benchmark,0.02400000000000004,0.75
M1_Macro_vs_M2_Macro_Oil__primary__Oil_Rent_Intensive_Pre2016_ge15pct,Oil_Rents_GDP_Pct_lag1,primary,Oil_Rent_Intensive_Pre2016_ge15pct,Future_Period,train_to_2018__test_from_2019,RandomForest,added_model_vs_strongest_benchmark,0.02450000000000004,0.7485
M1_Macro_vs_M2_Macro_Oil__primary__Oil_Rent_Intensive_Pre2016_ge15pct,Oil_Rents_GDP_Pct_lag1,primary,Oil_Rent_Intensive_Pre2016_ge15pct,Future_Period,train_to_2018__test_from_2019,RandomForest,added_model_vs_strongest_benchmark,0.02500000000000004,0.746
M1_Macro_vs_M2_Macro_Oil__primary__Oil_Rent_Intensive_Pre2016_ge15pct,Oil_Rents_GDP_Pct_lag1,primary,Oil_Rent_Intensive_Pre2016_ge15pct,Future_Period,train_to_2018__test_from_2019,RandomForest,added_model_vs_strongest_benchmark,0.02550000000000004,0.7445
M1_Macro_vs_M2_Macro_Oil__primary__Oil_Rent_Intensive_Pre2016_ge15pct,Oil_Rents_GDP_Pct_lag1,primary,Oil_Rent_Intensive_Pre2016_ge15pct,Future_Period,train_to_2018__test_from_2019,RandomForest,added_model_vs_strongest_benchmark,0.02600000000000004,0.741
M1_Macro_vs_M2_Macro_Oil__primary__Oil_Rent_Intensive_Pre2016_ge15pct,Oil_Rents_GDP_Pct_lag1,primary,Oil_Rent_Intensive_Pre2016_ge15pct,Future_Period,train_to_2018__test_from_2019,RandomForest,added_model_vs_strongest_benchmark,0.02650000000000004,0.7385
M1_Macro_vs_M2_Macro_Oil__primary__Oil_Rent_Intensive_Pre2016_ge15pct,Oil_Rents_GDP_Pct_lag1,primary,Oil_Rent_Intensive_Pre2016_ge15pct,Future_Period,train_to_2018__test_from_2019,RandomForest,added_model_vs_strongest_benchmark,0.02700000000000004,0.736
M1_Macro_vs_M2_Macro_Oil__primary__Oil_Rent_Intensive_Pre2016_ge15pct,Oil_Rents_GDP_Pct_lag1,primary,Oil_Rent_Intensive_Pre2016_ge15pct,Future_Period,train_to_2018__test_from_2019,RandomForest,added_model_vs_strongest_benchmark,0.027500000000000042,0.7345
M1_Macro_vs_M2_Macro_Oil__primary__Oil_Rent_Intensive_Pre2016_ge15pct,Oil_Rents_GDP_Pct_lag1,primary,Oil_Rent_Intensive_Pre2016_ge15pct,Future_Period,train_to_2018__test_from_2019,RandomForest,added_model_vs_strongest_benchmark,0.028000000000000042,0.733
M1_Macro_vs_M2_Macro_Oil__primary__Oil_Rent_Intensive_Pre2016_ge15pct,Oil_Rents_GDP_Pct_lag1,primary,Oil_Rent_Intensive_Pre2016_ge15pct,Future_Period,train_to_2018__test_from_2019,RandomForest,added_model_vs_strongest_benchmark,0.028500000000000043,0.73
M1_Macro_vs_M2_Macro_Oil__primary__Oil_Rent_Intensive_Pre2016_ge15pct,Oil_Rents_GDP_Pct_lag1,primary,Oil_Rent_Intensive_Pre2016_ge15pct,Future_Period,train_to_2018__test_from_2019,RandomForest,added_model_vs_strongest_benchmark,0.029000000000000043,0.729
M1_Macro_vs_M2_Macro_Oil__primary__Oil_Rent_Intensive_Pre2016_ge15pct,Oil_Rents_GDP_Pct_lag1,primary,Oil_Rent_Intensive_Pre2016_ge15pct,Future_Period,train_to_2018__test_from_2019,RandomForest,added_model_vs_strongest_benchmark,0.029500000000000044,0.727
M1_Macro_vs_M2_Macro_Oil__primary__Oil_Rent_Intensive_Pre2016_ge15pct,Oil_Rents_GDP_Pct_lag1,primary,Oil_Rent_Intensive_Pre2016_ge15pct,Future_Period,train_to_2018__test_from_2019,RandomForest,added_model_vs_strongest_benchmark,0.030000000000000044,0.7255
